 # The norm of the isolated state is   3455999.98904643     
 # I think there should be     3456000 i.e.    99.9999996830564      %
1 -1.568005136673160E-006 2.932535453984312E-006
2 -1.630927524713449E-004 3.052234088235944E-004
3 -3.996952193072097E-006 7.481136054308030E-006
4 -2.191140120145017E-003 4.100646587872579E-003
5 -2.685831800095989E-004 5.026442291343187E-004
6 2.639174608033325E-005 -4.939295129299357E-005
7 1.252457407632096E-005 -2.343824375109323E-005
8 -2.440292476015081E-002 4.566925493868169E-002
9 -2.108177558239158E-004 3.945378320919553E-004
10 7.596611775316748E-005 -1.421675798426361E-004
11 -6.997692218623158E-007 1.309585889007588E-006
12 3.682942909922150E-004 -6.892522566291843E-004
13 -1.156500139014136E-004 2.164350859737917E-004
14 -4.425380313928341E-006 8.281960313335297E-006
15 7.842560424694319E-006 -1.467708584327495E-005
16 2.143307425612336E-005 -4.011128299552722E-005
17 -2.746687744170195E-005 5.140332877420846E-005
18 -1.086391914838966E-003 2.033146050145789E-003
19 2.487376681536667E-003 -4.655042115296804E-003
20 -2.313969389684631E-006 4.330501181872610E-006
21 -1.554405127696994E-004 2.909017724952625E-004
22 -1.924022564659088E-003 3.600743709331298E-003
23 -3.203004416126991E-003 5.994315423127280E-003
24 -2.965569006757212E-005 5.549962846707891E-005
25 -1.003416526304919E-005 1.877849299740436E-005
26 -0.180123458298881 0.337095013562887
27 -2.851212722169286E-004 5.335948074997102E-004
28 -8.429453017170586E-003 1.577543873116468E-002
29 -1.362057746062940E-002 2.549045398906122E-002
30 4.546595485695751E-003 -8.508800965279799E-003
31 -7.934862839365611E-003 1.484982978728138E-002
32 4.211613783661782E-002 -7.881893956143694E-002
33 2.979299363317415E-003 -5.575658823388477E-003
34 0.190446187204621 -0.356413654595976
35 8.598283380482994E-003 -1.609139901796387E-002
36 0.308309971618255 -0.576991774569327
37 -2.493212378934675E-002 4.665963372768921E-002
38 9.045748740322984E-002 -0.169288155053823
39 -0.210800825725004 0.394506678321373
40 -3.608048717779244E-003 6.752342277962883E-003
41 3.615378962391729E-002 -6.766060531198070E-002
42 -6.801061863747761E-004 1.272795798266659E-003
43 1.936000358949233E-004 -3.623157990274053E-004
44 -1.087716078523054E-003 2.035624193900245E-003
45 9.934114987927569E-004 -1.859136315307690E-003
46 1.093299101408500E-005 -2.046074563170798E-005
47 3.084642027846770E-004 -5.772802314560365E-004
48 -3.585927199440325E-003 6.710942540264176E-003
49 2.017362845391644E-004 -3.775429755509177E-004
50 -8.931910931536938E-005 1.671581613722912E-004
51 4.770207378981414E-003 -8.927283008705418E-003
52 -5.310004087832067E-005 9.937481269021301E-005
53 -3.079894212856007E-003 5.763918764594107E-003
54 9.600532694605556E-005 -1.796709346873432E-004
55 3.035883680951712E-004 -5.681554324261806E-004
56 -2.550676700363859E-003 4.773505943794847E-003
57 -3.906474947156510E-005 7.310846474773962E-005
58 -3.711811602691871E-005 6.946525250660413E-005
59 1.394806034509347E-003 -2.610332701468565E-003
60 -1.666565842857305E-003 3.118922110747910E-003
61 -1.709120489246091E-005 3.198547467679670E-005
62 -2.880028432623830E-003 5.389876665313043E-003
63 2.558025472349783E-005 -4.787262471105921E-005
64 2.339651176225455E-004 -4.378578858534994E-004
65 2.411776653093295E-003 -4.513559132354896E-003
66 2.557608342645737E-005 -4.786485973310097E-005
67 1.109513432071610E-003 -2.076417140982969E-003
68 2.886864001419125E-003 -5.402669191151403E-003
69 4.555460155120831E-005 -8.525390851300786E-005
70 -1.076436115344117E-005 2.014524101566052E-005
71 -8.933354101388311E-004 1.671847367353275E-003
72 1.424420771969839E-003 -2.665755735989866E-003
73 -4.006327007134126E-005 7.497733826770151E-005
74 -3.174824496754643E-005 5.941578816480015E-005
75 -8.471271123118426E-004 1.585369974513401E-003
76 -7.141391796393946E-005 1.336487963279892E-004
77 2.716843593043591E-003 -5.084481730247093E-003
78 -2.820663416556789E-004 5.278780455121393E-004
79 1.711485331249236E-003 -3.202987448107677E-003
80 3.636849209323656E-003 -6.806241333397674E-003
81 -2.113455833524018E-005 3.955258324086577E-005
82 4.841887807500417E-004 -9.061430900954898E-004
83 2.281656688595426E-003 -4.270043927731737E-003
84 -1.849744057837715E-004 3.461732562844050E-004
85 -3.035485122332525E-003 5.680808619896570E-003
86 2.091458932490148E-005 -3.914084236271990E-005
87 3.976487650546867E-005 -7.441864895483452E-005
88 1.799211376989200E-003 -3.367163805700405E-003
89 -3.674354770202839E-004 6.876431414164594E-004
90 2.167529071626285E-005 -4.056449823030050E-005
91 -1.705840674718084E-005 3.192462997273951E-005
92 2.594111450603822E-006 -4.854831896158343E-006
93 -1.859492877053943E-004 3.479978819406487E-004
94 6.192214385929565E-004 -1.158852117300719E-003
95 4.955706526645016E-005 -9.274425140239539E-005
96 -9.008205784640737E-006 1.685858458754789E-005
97 -7.646342023145803E-004 1.430987279023707E-003
98 2.198698223480858E-003 -4.114789958600660E-003
99 4.257594794578133E-003 -7.967945890157214E-003
100 -8.205751779221969E-004 1.535678948402079E-003
101 -5.477903426351936E-004 1.025171218025676E-003
102 -1.435578984167110E-004 2.686641036062278E-004
103 -1.084440452229451E-004 2.029493330865511E-004
104 -1.668989353272598E-004 3.123457387054418E-004
105 -3.988095162413524E-005 7.463588907204243E-005
106 4.461674277429825E-005 -8.349906713561852E-005
107 -1.593296976513667E-003 2.981801887537694E-003
108 8.401831166543534E-004 -1.572374526208933E-003
109 2.284046976925278E-005 -4.274538842389598E-005
110 1.472758696558209E-003 -2.756218519236233E-003
111 2.097745243972666E-004 -3.925859892314637E-004
112 1.804267187099824E-005 -3.376622965285929E-005
113 -1.928676419410246E-005 3.609503770743409E-005
114 2.157412665645712E-004 -4.037525401424875E-004
115 1.440473690881594E-003 -2.695798177705321E-003
116 -9.173518215497717E-006 1.716786107346080E-005
117 -5.017342277103137E-004 9.389787870498094E-004
118 5.113833156087370E-005 -9.570366516369001E-005
119 2.599798944707786E-003 -4.865436552308053E-003
120 -4.926155085686363E-003 9.219134156015142E-003
121 5.781946102125890E-005 -1.082074356907435E-004
122 -1.711182582675547E-003 3.202420829246053E-003
123 -1.877332725089022E-004 3.513365378114946E-004
124 -2.311339424562484E-003 4.325594220081324E-003
125 -4.847690829342324E-005 9.072267061896531E-005
126 -8.950225946486973E-004 1.675004788357649E-003
127 3.876132127046161E-003 -7.254051341004530E-003
128 -2.303286828552660E-004 4.310524511993916E-004
129 -1.884368574295593E-005 3.526533130157437E-005
130 -1.823885316707600E-004 3.413340168075484E-004
131 -3.131357716747189E-005 5.860231244119617E-005
132 -1.473451726279259E-004 2.757515517140906E-004
133 2.564412451255082E-003 -4.799212003896628E-003
134 -2.866476966502190E-006 5.364510093848238E-006
135 -2.759178462789780E-003 5.163709991836863E-003
136 -2.202895662971435E-005 4.122646162935030E-005
137 -2.131433477117862E-005 3.988905600878808E-005
138 -1.202935331669983E-003 2.251253166622741E-003
139 -3.105471841818486E-003 5.811786453217892E-003
140 1.594635303237623E-004 -2.984306069308946E-004
141 2.037768935689335E-003 -3.813616233309289E-003
142 1.718248013645436E-005 -3.215655356727154E-005
143 1.415099889783038E-004 -2.648312608090643E-004
144 -7.264161900360969E-005 1.359465779411617E-004
145 -1.640034858411888E-004 3.069270249806063E-004
146 -3.443680563549263E-003 6.444732700494228E-003
147 3.212481322148226E-005 -6.012056480908157E-005
148 1.837209278204319E-003 -3.438275583121541E-003
149 -2.019189145268888E-005 3.778844398478794E-005
150 -1.511464981848634E-003 2.828655996010847E-003
151 -7.883232460049222E-004 1.475320574132041E-003
152 1.018102003936096E-004 -1.905343965468408E-004
153 -4.743803004648835E-005 8.877870430421301E-005
154 1.054466125495575E-003 -1.973397998206264E-003
155 7.355715737419485E-005 -1.376597338342272E-004
156 -9.602226591080622E-004 1.797024515923660E-003
157 3.423629362811390E-003 -6.407207581324257E-003
158 1.004670470174145E-004 -1.880207839456474E-004
159 -3.502264076189852E-005 6.554369654769241E-005
160 -1.270627533331111E-004 2.377936863830567E-004
161 -2.785456809487617E-003 5.212889090180803E-003
162 1.689566218323020E-004 -3.161966575571664E-004
163 8.723727196840884E-005 -1.632616285714262E-004
164 2.724727951579342E-004 -5.099237111013706E-004
165 -5.997973098386873E-004 1.122500518397733E-003
166 2.041148823984405E-003 -3.819941577965919E-003
167 4.494979944449644E-005 -8.412203941123174E-005
168 -3.372366577963445E-003 6.311270830611833E-003
169 -3.165930859642175E-004 5.924933579279091E-004
170 1.669693888914580E-005 -3.124764902137806E-005
171 1.060401403042095E-004 -1.984505698693048E-004
172 1.000710704462454E-003 -1.872796539394244E-003
173 -2.291193555126971E-005 4.287889404065220E-005
174 1.072511479320548E-004 -2.007169133269006E-004
175 -1.106966537217260E-003 2.071650765245798E-003
176 -2.286692919873520E-005 4.279469121166401E-005
177 1.086099750607300E-003 -2.032599286378889E-003
178 3.244094138564572E-004 -6.071213539919424E-004
179 1.148098760749650E-005 -2.148629067273570E-005
180 1.011816036961753E-003 -1.893579813084281E-003
181 8.254909625649889E-005 -1.544878789623144E-004
182 -6.333808912121767E-004 1.185351094637175E-003
183 -9.652946430359023E-004 1.806516438316948E-003
184 3.908069349849269E-005 -7.313821459044860E-005
185 -4.115353399406331E-004 7.701746156536476E-004
186 -5.520916410333691E-006 1.033222655974302E-005
187 -1.748795490332791E-005 3.272811794289823E-005
188 7.866805724054359E-004 -1.472246299243935E-003
189 4.180210218715192E-005 -7.823124580590405E-005
190 -4.755533930705914E-005 8.899815425272228E-005
191 -2.904314960105725E-004 5.435328904160853E-004
192 -2.303218292074537E-003 4.310395829043182E-003
193 2.167531589484526E-004 -4.056462772705113E-004
194 1.452706198445795E-003 -2.718690961086913E-003
195 3.578155636325833E-004 -6.696398741716396E-004
196 5.368863215866858E-005 -1.004764952961935E-004
197 8.783842262771106E-006 -1.643864460154698E-005
198 -2.454388834729494E-005 4.593308637658971E-005
199 -1.519021217217521E-003 2.842797289615941E-003
200 -5.230644311269409E-005 9.789035757975111E-005
201 1.787504323943989E-005 -3.345253104071667E-005
202 3.888954991912096E-004 -7.278048221648575E-004
203 1.289129305441860E-004 -2.412562732974208E-004
204 -2.134424725772744E-005 3.994525346765999E-005
205 2.999822510380569E-004 -5.614066937996666E-004
206 -6.891457485569047E-005 1.289717914775762E-004
207 -5.484558809817612E-004 1.026416712352144E-003
208 3.233891955160481E-005 -6.052120019359572E-005
209 -8.233198321600271E-005 1.540815630808427E-004
210 2.659685310009263E-003 -4.977511849523502E-003
211 -3.972194767933529E-006 7.433817638211195E-006
212 4.246411343216837E-004 -7.947016283963379E-004
213 1.017454459329864E-004 -1.904131404748858E-004
214 7.815090035265786E-004 -1.462567917309668E-003
215 4.198541774758736E-004 -7.857430471082408E-004
216 2.592234581068694E-003 -4.851280105630872E-003
217 -3.341120724317738E-003 6.252795411729614E-003
218 1.015420632926558E-005 -1.900316919950518E-005
219 -3.768158600783155E-004 7.051982148591977E-004
220 1.522651035616427E-003 -2.849590381836073E-003
221 4.630109784158190E-005 -8.665104251158951E-005
222 1.775132428053318E-004 -3.322100560337845E-004
223 7.213973544998980E-004 -1.350070937381310E-003
224 1.751798041622461E-005 -3.278432740872339E-005
225 -1.414870438586948E-003 2.647882596291403E-003
226 6.684441112849127E-004 -1.250970775139549E-003
227 -5.809332605787649E-004 1.087197157621964E-003
228 -4.423552642509747E-005 8.278533877064499E-005
229 1.657426069618543E-003 -3.101817352673838E-003
230 1.245838530230746E-004 -2.331544747293449E-004
231 -2.174426423171112E-003 4.069366163809245E-003
232 1.966299798743067E-003 -3.679864146322371E-003
233 1.301117360504221E-005 -2.434996780932738E-005
234 6.991951761170604E-005 -1.308520588905671E-004
235 9.827984207596461E-004 -1.839274268586075E-003
236 2.269828610913264E-005 -4.247910501045541E-005
237 3.978137176913250E-004 -7.444949989432656E-004
238 -8.001345419491365E-005 1.497424939731058E-004
239 -1.512612108729838E-003 2.830802863351512E-003
240 5.038795765114298E-006 -9.429956910198543E-006
241 2.077599327760164E-003 -3.888157491805657E-003
242 -1.840199771962855E-004 3.443872297331891E-004
243 2.632452129944816E-004 -4.926545580652012E-004
244 -1.750905728136688E-005 3.276761516359914E-005
245 -1.504690752781306E-003 2.815978330967591E-003
246 1.481538926189469E-003 -2.772650369342747E-003
247 -9.684136932539914E-005 1.812353550322432E-004
248 1.688717310633573E-003 -3.160377825667295E-003
249 1.352357072894971E-004 -2.530891008123086E-004
250 1.248984884185550E-003 -2.337433321101892E-003
251 9.462404479135164E-005 -1.770857500825416E-004
252 2.347630470632699E-005 -4.393508568311890E-005
253 -2.330092343357329E-003 4.360689760775575E-003
254 1.085324814016551E-004 -2.031149009738079E-004
255 -4.761132138919353E-005 8.910299852548682E-005
256 -6.186315917504761E-005 1.157748272776856E-004
257 9.978841968877332E-004 -1.867506826806331E-003
258 -1.154951939544258E-003 2.161453740679142E-003
259 -4.333640779293059E-005 8.110266037541216E-005
260 -9.531100622209022E-004 1.783713584329587E-003
261 -1.507666163235925E-004 2.821546817032838E-004
262 1.051468519276538E-003 -1.967788084683963E-003
263 2.109425664249505E-003 -3.947719386702927E-003
264 -1.951976394404083E-003 3.653058186328621E-003
265 4.657338991603432E-005 -8.716052808222975E-005
266 2.768009231908250E-004 -5.180236264051592E-004
267 5.157301537085915E-004 -9.651716753611782E-004
268 2.558763574223441E-003 -4.788640316046979E-003
269 -1.029915270619295E-003 1.927451902383287E-003
270 -2.205099257695312E-003 4.126769343349878E-003
271 -2.356747579313375E-004 4.410574214995524E-004
272 -6.967563651673132E-005 1.303956249437422E-004
273 -6.908276400283993E-004 1.292860599036322E-003
274 -1.261340060944820E-005 2.360558413040775E-005
275 -1.130848438641489E-003 2.116344909596884E-003
276 -2.040866948996654E-004 3.819414350414530E-004
277 2.332596892512528E-004 -4.365376954890915E-004
278 -8.183004801777430E-004 1.531421930157118E-003
279 -4.568254325728801E-005 8.549335066121781E-005
280 3.267091021839794E-004 -6.114251504493021E-004
281 -9.811360326388713E-004 1.836163158174235E-003
282 2.758304711351400E-004 -5.162074569076800E-004
283 -1.717690234998579E-003 3.214599946452022E-003
284 1.868036220925850E-003 -3.495967160399043E-003
285 3.852429156060535E-005 -7.209694308455400E-005
286 -4.351249006415773E-004 8.143216571946773E-004
287 2.396448065413912E-003 -4.484872205272749E-003
288 1.716261848677142E-003 -3.211926525676222E-003
289 -2.968877149361799E-004 5.556154119223022E-004
290 -1.529204068337718E-003 2.861854157183481E-003
291 2.868907801262451E-004 -5.369064795001475E-004
292 2.744915787764343E-003 -5.137017899357437E-003
293 -2.038941549249922E-004 3.815810587186152E-004
294 -6.500026284545037E-005 1.216458091790799E-004
295 -1.190835293983054E-003 2.228608331894881E-003
296 2.497336720976946E-003 -4.673681999171980E-003
297 -1.663427705453697E-003 3.113049189369724E-003
298 -4.479471151459546E-005 8.383180134003486E-005
299 -1.686864285013055E-003 3.156909991005792E-003
300 7.659398723969718E-004 -1.433430792296400E-003
301 1.233515766336696E-004 -2.308483399203355E-004
302 1.192431506457825E-003 -2.231595587109150E-003
303 -1.792299208910594E-003 3.354227898666505E-003
304 3.877265583726949E-007 -7.256478756502557E-007
305 1.412322253573957E-004 -2.643113773112074E-004
306 -1.061537805220201E-003 1.986632411392917E-003
307 5.222093235315926E-004 -9.772972493180729E-004
308 -1.236560903648752E-003 2.314182248725513E-003
309 -3.491518137865698E-004 6.534259138714122E-004
310 1.654105981831347E-003 -3.095603834047383E-003
311 -2.549629219003725E-003 4.771545664289755E-003
312 6.817506233668887E-005 -1.275873123691748E-004
313 3.725403817627362E-004 -6.971970771987145E-004
314 -6.268143913698110E-005 1.173062182995153E-004
315 -8.438325975518812E-005 1.579204545649977E-004
316 -1.254207633935229E-003 2.347207496804510E-003
317 -2.392564033327076E-003 4.477603554190157E-003
318 -1.735866521140789E-004 3.248616150035143E-004
319 2.143108142856469E-003 -4.010755021270927E-003
320 1.402596790408921E-003 -2.624912621695996E-003
321 -1.582944527185549E-004 2.962427427497286E-004
322 2.057883355913365E-004 -3.851259384245796E-004
323 -1.882950603255529E-003 3.523878888264584E-003
324 -6.432632113844774E-005 1.203845636479998E-004
325 -4.352988044932785E-007 8.146279935818991E-007
326 -5.858125451129514E-004 1.096328554146148E-003
327 -4.920835106659615E-005 9.209178226971481E-005
328 2.249830180436176E-004 -4.210482092015423E-004
329 1.684689875012511E-003 -3.152840661316751E-003
330 3.639019673443437E-003 -6.810303347064784E-003
331 -2.613470096451322E-004 4.891021270483532E-004
332 2.288845779180180E-003 -4.283498148558154E-003
333 2.535096381263426E-003 -4.744347920194161E-003
334 3.174667549332364E-004 -5.941283811779941E-004
335 1.351751816145919E-004 -2.529758670644783E-004
336 -1.213929901779816E-003 2.271829102617465E-003
337 -1.439342615885492E-004 2.693681641093324E-004
338 -1.074360355483029E-003 2.010629384192265E-003
339 4.620541763420818E-005 -8.647189262823602E-005
340 -1.239697110629623E-003 2.320051532781117E-003
341 -1.497428480041727E-004 2.802387214518165E-004
342 -4.199461358171784E-004 7.859151230736372E-004
343 2.537832964245772E-003 -4.749469096866983E-003
344 2.061148735414187E-003 -3.857370824355057E-003
345 -8.819381024318391E-004 1.650517567026902E-003
346 4.419457696315492E-005 -8.270867355718330E-005
347 1.358179689770156E-004 -2.541787882369913E-004
348 -5.396510910172343E-005 1.009938471646204E-004
349 -2.144025599451575E-005 4.012473674864225E-005
350 -3.407083375583549E-003 6.376242289807989E-003
351 -3.259287244433768E-004 6.099646826921689E-004
352 5.645936746097502E-004 -1.056618142771049E-003
353 -1.012446895497467E-004 1.894760274750760E-004
354 1.588382341511730E-003 -2.972604325949306E-003
355 9.517395644786294E-004 -1.781148664494222E-003
356 1.363478763467253E-004 -2.551704923435189E-004
357 3.541355745082939E-003 -6.627528558513801E-003
358 -1.043672397179226E-005 1.953197453251811E-005
359 -2.020738199192570E-004 3.781743815836919E-004
360 -1.248255217562433E-005 2.336070735299592E-005
361 1.657924999718430E-004 -3.102751360317435E-004
362 3.338116927425600E-003 -6.247173889327135E-003
363 -1.426035582597077E-003 2.668777803630347E-003
364 -2.335892169109707E-004 4.371543949588069E-004
365 -3.088817468902351E-005 5.780617787712248E-005
366 -2.320735539351473E-003 4.343178785623160E-003
367 2.949169694870512E-003 -5.519272206700774E-003
368 -2.002560351834484E-004 3.747724423105190E-004
369 -7.052820338719386E-005 1.319912004355894E-004
370 8.784154824562900E-005 -1.643925085569836E-004
371 -2.624317944220669E-005 4.911323360797381E-005
372 -2.809168041331652E-004 5.257263536415219E-004
373 -4.795219209205865E-004 8.974091892448128E-004
374 2.311051755809433E-005 -4.325059546594138E-005
375 1.123193448135453E-003 -2.102018920053118E-003
376 -2.546844933024919E-004 4.766335223128515E-004
377 -3.265760209610389E-004 6.111760908406377E-004
378 1.446387298063254E-003 -2.706865315713485E-003
379 5.587848624178162E-005 -1.045746954213895E-004
380 -2.476021098465254E-004 4.633790568808821E-004
381 1.529092177627436E-003 -2.861644768198302E-003
382 8.089062850636027E-005 -1.513840949258481E-004
383 1.486890585306945E-003 -2.782665876532527E-003
384 -9.401359287882932E-005 1.759432600261668E-004
385 1.983537075302291E-003 -3.712123136625355E-003
386 1.063021094753087E-004 -1.989408618206049E-004
387 -4.093428993792087E-004 7.660715177507672E-004
388 5.844337868691450E-005 -1.093747821438052E-004
389 -1.000660263091252E-005 1.872700098824102E-005
390 -2.019021587773920E-003 3.778531234545802E-003
391 -5.689804970445206E-005 1.064828071531557E-004
392 -3.502457354664864E-004 6.554731597550661E-004
393 6.338215523011397E-005 -1.186176048534961E-004
394 2.587003565922287E-004 -4.841490475780109E-004
395 -1.209421089936120E-003 2.263391058928020E-003
396 -8.312549498700044E-005 1.555665684816951E-004
397 3.492454062069428E-006 -6.536015478415686E-006
398 -1.469200793652972E-003 2.749560047499341E-003
399 -8.643236578299855E-004 1.617552724286402E-003
400 1.823617682134917E-004 -3.412839429950649E-004
401 1.540799923655459E-005 -2.883554638919812E-005
402 -1.600899633645520E-003 2.996030015517526E-003
403 -1.070697080771561E-004 2.003773983045932E-004
404 9.301868814153015E-004 -1.740813556075741E-003
405 6.375900855785197E-005 -1.193228621370803E-004
406 -2.470593769328122E-003 4.623633379977217E-003
407 -1.022793786062108E-003 1.914124304802340E-003
408 3.054070304238838E-003 -5.715590180583634E-003
409 2.772714186733450E-005 -5.189040580183600E-005
410 -5.724776277267430E-005 1.071372639663780E-004
411 1.094311405639158E-003 -2.047967103003033E-003
412 -2.461742383700847E-003 4.607068334877014E-003
413 -5.124428256899028E-004 9.590195574563930E-004
414 -3.227853532540979E-005 6.040820201518911E-005
415 -3.409122336061071E-003 6.380058169819186E-003
416 4.747119130996602E-005 -8.884074292816611E-005
417 8.461720671264217E-005 -1.583582481729803E-004
418 -5.763065382067890E-004 1.078538355022112E-003
419 5.842936439624298E-004 -1.093485916318048E-003
420 -1.042310450630166E-004 1.950649167512217E-004
421 -1.238126722691857E-003 2.317112651297215E-003
422 2.025484020965340E-005 -3.790625815008093E-005
423 1.168728810915468E-003 -2.187236885963866E-003
424 3.877087469087679E-005 -7.255841041330586E-005
425 -8.017042309465019E-005 1.500362186296349E-004
426 -2.991101830935980E-003 5.597746819582488E-003
427 8.604696160187018E-004 -1.610340005096413E-003
428 -6.777998281619724E-006 1.268480028923271E-005
429 1.728672716559704E-005 -3.235156545138082E-005
430 -4.201531024963650E-004 7.863024416315312E-004
431 6.233953558432649E-004 -1.166663468161377E-003
432 -1.065101236426477E-004 1.993301164815724E-004
433 3.815589589265837E-005 -7.140748034286881E-005
434 6.362521043488164E-005 -1.190724561960369E-004
435 -1.429469533341623E-003 2.675204307460580E-003
436 3.723472675720654E-005 -6.968355481469404E-005
437 2.193651565327803E-004 -4.105345416978766E-004
438 -2.708471105511807E-003 5.068812912938622E-003
439 4.896803561338112E-005 -9.164204064743801E-005
440 2.992957136517146E-003 -5.601218930254241E-003
441 -6.281805386789187E-004 1.175618818456275E-003
442 -1.514336095595764E-003 2.834029230745545E-003
443 7.587628882322620E-005 -1.419999402906135E-004
444 -8.285591480065772E-004 1.550620668873823E-003
445 8.829359182667946E-004 -1.652384980956463E-003
446 -4.016753346224948E-005 7.517220374078250E-005
447 -3.278226219027446E-005 6.135091025394470E-005
448 -5.524302792855772E-004 1.033854738622062E-003
449 4.626478595353737E-004 -8.658299542058168E-004
450 8.793282475868752E-005 -1.645633587851508E-004
451 -5.478103007009802E-004 1.025208599737687E-003
452 1.429180838192767E-005 -2.674665161205760E-005
453 3.178753385250511E-005 -5.948930409855198E-005
454 8.999949680284675E-004 -1.684310400067149E-003
455 -1.980964620484905E-005 3.707311422067457E-005
456 2.849308580400718E-004 -5.332385492468202E-004
457 -9.132248107946889E-004 1.709069739860701E-003
458 -1.923227797123678E-005 3.599257220062667E-005
459 3.836287974304469E-005 -7.179482947183666E-005
460 3.333054919419726E-003 -6.237700554600611E-003
461 1.537215990469717E-004 -2.876848249198759E-004
462 4.744616868926046E-004 -8.879391750593711E-004
463 1.192821777089645E-004 -2.232325996041479E-004
464 1.044309438280269E-003 -1.954390134726819E-003
465 -2.379716197407885E-003 4.453559066498367E-003
466 -1.820094236278437E-004 3.406245490984945E-004
467 -4.273521146072059E-005 7.997746408158605E-005
468 2.814871362072172E-003 -5.267937382761591E-003
469 -2.241984696367343E-005 4.195802341374622E-005
470 1.848418035780568E-004 -3.459252706777183E-004
471 2.989737352582675E-005 -5.595194436064554E-005
472 -1.037655704978362E-005 1.941940224458383E-005
473 -4.840234906838333E-004 9.058337725049274E-004
474 7.050875999720995E-005 -1.319547817800906E-004
475 5.776442073961804E-004 -1.081041769385724E-003
476 9.725643509673234E-006 -1.820122405191397E-005
477 -1.238754581491491E-003 2.318287659056780E-003
478 -1.655592476092398E-004 3.098385781235252E-004
479 2.747597616477369E-006 -5.142029579000761E-006
480 2.491500591268490E-005 -4.662765058929271E-005
481 1.752314021639475E-005 -3.279394931345588E-005
482 7.265854947322849E-005 -1.359780434611449E-004
483 -1.412256535675814E-003 2.642990782622934E-003
484 2.116806850409586E-003 -3.961533037362098E-003
485 -8.230926301571557E-004 1.540390270926099E-003
486 2.406510868169764E-004 -4.503704534296224E-004
487 -1.182711087854843E-004 2.213404638932069E-004
488 3.264665887767598E-004 -6.109712598161090E-004
489 -3.420960215812858E-003 6.402212338094979E-003
490 2.884177230539253E-004 -5.397642453153618E-004
491 1.204684260334478E-003 -2.254526212182590E-003
492 -6.782696292635916E-005 1.269357942649024E-004
493 -1.232661670785403E-003 2.306885030663139E-003
494 1.135772842408638E-003 -2.125560786135346E-003
495 1.373158566803968E-006 -2.569859179781739E-006
496 7.459890113725280E-005 -1.396093426710985E-004
497 -2.591738404400714E-003 4.850351564279774E-003
498 -8.455556994719329E-004 1.582429118964606E-003
499 8.065713192074233E-005 -1.509471441658048E-004
500 3.592794790224549E-005 -6.723795838650879E-005
501 1.531072399183119E-003 -2.865350598285364E-003
502 -2.139962831226689E-003 4.004868702826563E-003
503 4.887236617218468E-004 -9.146296546890557E-004
504 1.002208635113149E-003 -1.875599837662472E-003
505 8.640271470218284E-005 -1.616997924652429E-004
506 -3.204882019669583E-004 5.997829257579669E-004
507 7.730191078627955E-004 -1.446679332875355E-003
508 -1.495268429847519E-003 2.798344723993025E-003
509 7.831809242090633E-005 -1.465697380826105E-004
510 -1.628727109875376E-005 3.048162534605981E-005
511 -3.926001210201881E-004 7.347379823081428E-004
512 1.861909243003535E-004 -3.484501199832491E-004
513 5.279705871347508E-005 -9.880765475349170E-005
514 -6.938129242519184E-006 1.298451150826242E-005
515 -2.208557325027395E-003 4.133240992113200E-003
516 -4.254882922079252E-003 7.962870803966477E-003
517 5.858937480300439E-005 -1.096480597781806E-004
518 3.048965419542523E-006 -5.706026495827744E-006
519 -1.605525980109731E-003 3.004688012198603E-003
520 3.230011415920120E-005 -6.044857625690515E-005
521 -1.453141554111992E-004 2.719506612111851E-004
522 6.798875998180163E-004 -1.272386798969204E-003
523 4.238973936501497E-004 -7.933097997399848E-004
524 -2.909206387811092E-003 5.444482218780966E-003
525 -1.505802691094057E-003 2.818059247480773E-003
526 4.819209633915326E-004 -9.018989315784996E-004
527 -2.360235893459269E-003 4.417102331560995E-003
528 2.344013218910292E-003 -4.386742166951831E-003
529 3.107522356867047E-003 -5.815623905277179E-003
530 -1.375911639175091E-004 2.574972345299828E-004
531 1.059768900627579E-005 -1.983324676995184E-005
532 -1.300251913840921E-003 2.433377868261644E-003
533 1.417605570682394E-008 -2.658491539303394E-008
534 -1.930023331489690E-005 3.611974590161154E-005
535 1.165201309887923E-003 -2.180635171740601E-003
536 -1.476191556804555E-004 2.762641839275144E-004
537 2.503604002385727E-005 -4.685411650647910E-005
538 -1.809155414432480E-004 3.385773597880458E-004
539 2.853073808382421E-005 -5.339429317274325E-005
540 1.219851378371357E-004 -2.282910936135862E-004
541 -2.778808301749610E-005 5.200446416631544E-005
542 1.827523306505611E-006 -3.420206331092005E-006
543 1.065668395483592E-003 -1.994362672831996E-003
544 4.312897923431722E-005 -8.071444589309149E-005
545 4.014459118633312E-006 -7.512910643636501E-006
546 -3.653245928513890E-004 6.836927484789426E-004
547 2.719211468644475E-005 -5.088913756526734E-005
548 8.955578273491105E-004 -1.676006427979955E-003
549 8.528797782455684E-004 -1.596135909468280E-003
550 3.798468281735721E-005 -7.108705548549915E-005
551 -2.460779833496419E-004 4.605266969949116E-004
552 -3.080297275515779E-003 5.764673112589672E-003
553 -9.278456744055537E-005 1.736432257550008E-004
554 1.085979999108561E-003 -2.032375155798204E-003
555 -5.423942495049034E-005 1.015072326774689E-004
556 -3.750249924606128E-005 7.018468327660360E-005
557 2.160807363371882E-005 -4.043887741095774E-005
558 -1.358733650058649E-003 2.542824572991537E-003
559 9.757350141514955E-004 -1.826055366046409E-003
560 5.420847845192293E-004 -1.014493449556640E-003
561 6.853745730713187E-004 -1.282655550831555E-003
562 -2.353015580568414E-004 4.403588909367394E-004
563 2.701934107039686E-003 -5.056579093643195E-003
564 3.217256619728852E-005 -6.020986890238812E-005
565 1.652709555660059E-003 -3.092990548974778E-003
566 1.242633819394361E-004 -2.325547547113633E-004
567 -1.691065920770699E-004 3.164773165971297E-004
568 5.603407717586087E-004 -1.048658985975349E-003
569 -1.448864773626063E-004 2.711503152907139E-004
570 1.710515250412569E-003 -3.201171937851980E-003
571 2.777696385551979E-004 -5.198365889886073E-004
572 -6.305618679712916E-004 1.180075422021141E-003
573 -3.476150786859419E-005 6.505504045588152E-005
574 -1.234926455500981E-003 2.311123410772887E-003
575 4.744710595986506E-005 -8.879571923529265E-005
576 1.264704203528386E-003 -2.366851519020052E-003
577 2.825105361312672E-003 -5.287090031119603E-003
578 -2.098597395288976E-003 3.927454600241430E-003
579 -8.792218201559367E-004 1.645434189832935E-003
580 -5.676699554575468E-005 1.062375808299155E-004
581 -1.224380585057546E-003 2.291387207580169E-003
582 -5.741753914671730E-005 1.074549928737328E-004
583 -2.441663525910206E-003 4.569491519458492E-003
584 -1.493585593630507E-004 2.795195701768589E-004
585 -1.756974906133118E-003 3.288119649178161E-003
586 3.756278116275869E-005 -7.029749732687821E-005
587 -1.069478985179813E-005 2.001495299081367E-005
588 3.137540973862440E-004 -5.871802719620076E-004
589 8.503940644499508E-004 -1.591483968288497E-003
590 -4.072526099651313E-006 7.621596792227174E-006
591 1.131316654603961E-004 -2.117220972186387E-004
592 1.392666240617838E-005 -2.606328744982566E-005
593 -2.974350817073310E-005 5.566397855110173E-005
594 3.303064818457228E-005 -6.181577754441493E-005
595 -6.714291893990083E-004 1.256557221707129E-003
596 9.658792154336736E-005 -1.807610403856641E-004
597 -7.132053049876126E-004 1.334739785159771E-003
598 -8.671987237964757E-005 1.622933876987139E-004
599 1.445226788074230E-004 -2.704693485445662E-004
600 1.818890477391752E-003 -3.403992543162997E-003
601 -1.044805488955234E-004 1.955318366910408E-004
602 -2.987405430497260E-006 5.590958363139293E-006
603 -2.626367967829230E-004 4.915159554019141E-004
604 -1.565232684859829E-005 2.929280439460749E-005
605 -1.948233123350831E-004 3.646053017658655E-004
606 1.421911464148568E-005 -2.661061038618189E-005
607 1.011471625762982E-005 -1.892935302528877E-005
608 2.149604596824994E-004 -4.022913011372164E-004
609 -5.386513244449068E-004 1.008067893531960E-003
610 5.437378670274974E-004 -1.017587197814747E-003
611 4.956355155264933E-006 -9.275661942566651E-006
612 -2.983698547341830E-006 5.583809955818353E-006
613 1.125465672903607E-005 -2.106271677494605E-005
614 2.935290878765546E-004 -5.493298267472759E-004
615 1.706389075979979E-006 -3.193468020260046E-006
616 -2.224898030728217E-004 4.163822035018332E-004
617 6.086963671484009E-005 -1.139155222314246E-004
618 -2.050290660955190E-004 3.837050141329058E-004
619 -5.923527378899335E-005 1.108568489349888E-004
620 -3.368701405781293E-005 6.304414077737969E-005
621 -5.592356282297429E-005 1.046591128100372E-004
622 -9.582993093515228E-004 1.793425003430812E-003
623 -1.887596657885404E-004 3.532573823823388E-004
624 3.153921814697357E-005 -5.902459002970454E-005
625 -6.661304112185103E-004 1.246640799076585E-003
626 5.091309073752017E-006 -9.528224017230792E-006
627 3.746250816419640E-004 -7.010983923271417E-004
628 3.075341881415835E-004 -5.755398736795825E-004
629 3.262519398022186E-006 -6.105671102811713E-006
630 -3.094195910000023E-006 5.790667711540059E-006
631 1.626163082277935E-004 -3.043309481350247E-004
632 2.878860259233241E-004 -5.387690494060700E-004
633 1.257213980974485E-006 -2.352800851651178E-006
634 3.819771390736210E-005 -7.148577010339578E-005
635 1.362646188047428E-003 -2.550146635862014E-003
636 -1.050941503401537E-003 1.966801788426544E-003
637 -4.146415858207004E-005 7.759883512471299E-005
638 5.111305867963833E-004 -9.565637753568160E-004
639 1.226058549158712E-006 -2.294535011232910E-006
640 4.936748619823238E-005 -9.238959842164702E-005
641 -1.512496369437311E-005 2.830583302990104E-005
642 -5.997583982107951E-004 1.122427702794331E-003
643 -2.902719280879752E-005 5.432343157357422E-005
644 -3.455754276877381E-004 6.467328223500645E-004
645 3.100809802673791E-005 -5.803061607718776E-005
646 -1.601355946660393E-003 2.996884146942722E-003
647 -1.474789666204048E-006 2.760145976381727E-006
648 -6.060058561271459E-006 1.134121416644304E-005
649 -1.076212577390394E-005 2.014094961456327E-005
650 1.001591661964578E-003 -1.874445240142637E-003
651 4.383621210272305E-006 -8.203871936733604E-006
652 1.062587980174049E-003 -1.988597684074912E-003
653 -3.574189122229861E-007 6.690313115959398E-007
654 -3.078884257674905E-006 5.762074888515491E-006
655 -7.220085708694995E-005 1.351215321697257E-004
656 -1.210248603854519E-003 2.264939720542679E-003
657 1.383744820284484E-006 -2.589820750711781E-006
658 -8.594517167136853E-006 1.608417127533659E-005
659 -7.064549120571676E-004 1.322106695938802E-003
660 -1.496916617828364E-004 2.801429882415669E-004
661 1.361024677645386E-004 -2.547112079317673E-004
662 -2.709614663265121E-006 5.070884006946578E-006
663 -4.447864691312947E-006 8.323963572698944E-006
664 -4.053109741592835E-004 7.585259232639989E-004
665 7.876574290889256E-006 -1.474073332541988E-005
666 -2.491972075590591E-004 4.663641708035282E-004
667 -1.281207202308527E-003 2.397736253851088E-003
668 6.917474981885457E-005 -1.294582163048811E-004
669 5.943506951227211E-006 -1.112307935800571E-005
670 -4.382668984779311E-004 8.202017575987207E-004
671 -4.269798924931857E-006 7.990810316959806E-006
672 2.148909318450738E-004 -4.021611373868942E-004
673 -5.193299254791472E-006 9.719084627409365E-006
674 7.542288981760003E-004 -1.411514041212100E-003
675 6.346748655261365E-004 -1.187772758756482E-003
676 2.077877502819539E-005 -3.888676680417944E-005
677 -1.650202530729955E-005 3.088299442411951E-005
678 2.416087748564922E-006 -4.521629108399383E-006
679 -3.800093045656990E-004 7.111745402241383E-004
680 -4.205262409687730E-004 7.870007354745056E-004
681 -5.700713747378559E-006 1.066873013875601E-005
682 2.958092405714794E-007 -5.535809672880130E-007
683 -5.549486635142192E-005 1.038568122137032E-004
684 -1.359209334831809E-006 2.543729197584381E-006
685 9.959798743142709E-005 -1.863943263552772E-004
686 1.743750881662241E-005 -3.263372555731149E-005
687 2.465793844326231E-004 -4.614650051749922E-004
688 -1.462280129936842E-006 2.736606399248337E-006
689 1.895327573335554E-005 -3.547038929728151E-005
690 4.269878564537771E-004 -7.990934656237782E-004
691 -4.073994732189067E-006 7.624446883014506E-006
692 2.724578033304399E-006 -5.098940491536125E-006
693 9.238734696545196E-005 -1.728998149440254E-004
694 -9.124485814524027E-005 1.707616719325926E-004
695 -2.759898717599811E-006 5.165042907462051E-006
696 -5.209205157393459E-006 9.748854677979427E-006
697 8.495772635058664E-005 -1.589954946141316E-004
698 -1.525279338238675E-004 2.854509279989419E-004
699 -2.280172745279735E-004 4.267266968891254E-004
700 -3.586425816940206E-005 6.711876316779798E-005
701 -6.025211285494283E-004 1.127598055816904E-003
702 -1.250205680409665E-005 2.339722035063346E-005
703 -5.755262566195614E-006 1.077080618449478E-005
704 7.824499280323572E-006 -1.464320625965670E-005
705 -5.301355208690392E-006 9.921287998941741E-006
706 -5.510182344273437E-005 1.031212208409821E-004
707 -2.909660132695969E-005 5.445332932285442E-005
708 2.500741964162566E-004 -4.680054505496270E-004
709 3.720771099242121E-006 -6.963302401003312E-006
710 3.823345726437079E-006 -7.155276350998236E-006
711 2.607073876500081E-004 -4.879050932281556E-004
712 -7.203722014236597E-004 1.348152405596410E-003
713 -1.783022129154364E-006 3.336753191713149E-006
714 8.864866765870832E-006 -1.659028573391185E-005
715 3.016469268489134E-004 -5.645221936267760E-004
716 -1.351557842682508E-004 2.529395125749371E-004
717 -6.410636024246722E-006 1.199727859045055E-005
718 -6.726545863846423E-004 1.258850358721123E-003
719 -3.965922736837448E-006 7.422110989761071E-006
720 -9.418839826072846E-004 1.762705183514552E-003
721 -2.965736498511202E-004 5.550277252427212E-004
722 4.182517255952585E-004 -7.827441633254918E-004
723 -1.706335341184030E-004 3.193349322426714E-004
724 1.480455121659973E-006 -2.770581572376076E-006
725 -3.810774433467203E-004 7.131737326469603E-004
726 4.046510218296545E-007 -7.572151119490817E-007
727 -1.594962647236741E-004 2.984919338255696E-004
728 5.828053766350435E-006 -1.090700177908631E-005
729 1.849867073792695E-004 -3.461964841298687E-004
730 2.512989296775009E-006 -4.702957495135968E-006
731 2.138727184465833E-004 -4.002556069123328E-004
732 -2.825673404986639E-005 5.288155029974591E-005
733 -4.790174073962393E-004 8.964653381689970E-004
734 -4.370513519265691E-004 8.179271039682757E-004
735 1.163184927731573E-005 -2.176865102333567E-005
736 -3.139877522757323E-004 5.876177266064222E-004
737 -1.581884002613340E-006 2.960564573547935E-006
738 -6.516366535356311E-006 1.219493320758481E-005
739 -1.743658710299014E-005 3.263190826125617E-005
740 8.919241382437284E-004 -1.669206150517113E-003
741 1.570852697580982E-004 -2.939799801092499E-004
742 -4.306872147869527E-006 8.060454212194097E-006
743 -2.057830691003980E-004 3.851163234865311E-004
744 -2.184768057206890E-006 4.088716275014429E-006
745 1.176334079668530E-004 -2.201469820616175E-004
746 4.623739625219903E-006 -8.653250825841371E-006
747 -8.078237525299891E-005 1.511813831722280E-004
748 2.708219784189708E-006 -5.068441742598687E-006
749 -7.340764362276322E-006 1.373789269968149E-005
750 -2.283867718217741E-006 4.273999945489436E-006
751 1.277505440175023E-004 -2.390808476774089E-004
752 3.867803244768913E-006 -7.238300714985976E-006
753 -7.449768439297751E-004 1.394199217408339E-003
754 -2.128059478213759E-006 3.982463884423073E-006
755 -4.613456052546850E-007 8.630978201016254E-007
756 -2.106639337546351E-005 3.942522944747074E-005
757 8.069452622586015E-004 -1.510170720306576E-003
758 5.642934631835348E-006 -1.056054845277675E-005
759 -3.785336487707445E-006 7.084210417573432E-006
760 -1.300079283420785E-004 2.433053386107997E-004
761 -7.124941743117324E-004 1.333409146320371E-003
762 -2.962689491057318E-004 5.544576017550660E-004
763 2.019646286289410E-005 -3.779713964151370E-005
764 9.471946094256255E-007 -1.772437065899427E-006
765 -7.826316892610427E-005 1.464667763877472E-004
766 -4.205694751293066E-006 7.870777313885300E-006
767 2.771737287647533E-004 -5.187212948857231E-004
768 1.491069482821857E-004 -2.790487381787488E-004
769 7.259343972417781E-007 -1.358491250912637E-006
770 -8.583021309096567E-005 1.606284439497813E-004
771 4.685607085543316E-006 -8.769020563606607E-006
772 1.293589065858864E-004 -2.420906494765456E-004
773 3.196492883152716E-007 -5.981139391719385E-007
774 -3.246208696305939E-004 6.075169792817129E-004
775 -2.839830972649821E-006 5.314570867505702E-006
776 -5.120400148532243E-005 9.582662906412540E-005
777 5.893322658251647E-005 -1.102914934497544E-004
778 -3.856190599597690E-004 7.216731177746063E-004
779 5.265088354462907E-006 -9.853572561165533E-006
780 1.692401986311864E-004 -3.167275968167477E-004
781 -2.597831483817576E-004 4.861754073742296E-004
782 -5.142650884441745E-004 9.624300110751965E-004
783 -1.495312320178063E-006 2.798454387399151E-006
784 3.920426440467938E-004 -7.336948668324429E-004
785 -9.920142342572386E-006 1.856528950693749E-005
786 1.871642700433597E-004 -3.502714092284935E-004
787 -1.421437484694164E-006 2.659925667540282E-006
788 3.383805209575473E-004 -6.332679864745756E-004
789 1.559390566152387E-005 -2.918337924990520E-005
790 -3.976326800552946E-004 7.441563764750209E-004
791 -4.406181421014945E-005 8.246017549122629E-005
792 8.281436481924472E-004 -1.549843063329645E-003
793 1.569648101548598E-005 -2.937554158840985E-005
794 -9.009334389006580E-005 1.686066533513300E-004
795 4.043812034686825E-006 -7.567935243048652E-006
796 -8.567711517827919E-005 1.603418428876099E-004
797 -4.722754523106503E-004 8.838476150892348E-004
798 7.619653961765684E-006 -1.425992770298290E-005
799 3.470555892690841E-004 -6.495031701440351E-004
800 -4.628346430829722E-006 8.661743989881742E-006
801 5.612456024901843E-004 -1.050351981929248E-003
802 -8.073572932717100E-005 1.510942209283221E-004
803 6.491346593143792E-004 -1.214833502929157E-003
804 2.235111592853740E-005 -4.182956057479638E-005
805 1.077916774098096E-003 -2.017285352519714E-003
806 -1.316919748066618E-005 2.464565620038251E-005
807 -2.831735261829612E-006 5.299152228646566E-006
808 7.651819842811370E-004 -1.432012543048872E-003
809 2.894186754488893E-005 -5.416410474267721E-005
810 2.533435918591462E-003 -4.741239982502945E-003
811 -1.215763982692238E-005 2.275267960548859E-005
812 -6.160544816802753E-004 1.152925055594932E-003
813 -5.008870924131649E-005 9.373907447989230E-005
814 -1.034661252414174E-003 1.936334357634827E-003
815 -1.046175074874475E-005 1.957889247571845E-005
816 5.673400641213348E-004 -1.061757930138207E-003
817 -1.565351904327146E-004 2.929505532564005E-004
818 -1.666604385958782E-004 3.118994911280865E-004
819 -2.278039094193450E-006 4.263240768090221E-006
820 -6.169073436205214E-004 1.154521307221431E-003
821 -2.473712741977383E-005 4.629479259227798E-005
822 -2.312532981400662E-004 4.327827467321205E-004
823 -5.582811534891176E-004 1.044804762292424E-003
824 -9.387769004364166E-005 1.756889156238411E-004
825 8.794960361223592E-006 -1.645974252804543E-005
826 6.231496390226012E-005 -1.166204940619658E-004
827 -2.331071502360570E-007 4.366535921074694E-007
828 -4.734241161769297E-004 8.859974731207311E-004
829 5.380153133960018E-006 -1.006883122548589E-005
830 -4.141095681888987E-006 7.750057517271645E-006
831 -7.511388036154945E-006 1.405726182789152E-005
832 -1.328244353782982E-003 2.485764649363296E-003
833 -1.854065275635434E-006 3.470111191164125E-006
834 -4.197820570610102E-004 7.856080004205828E-004
835 -4.080982642745946E-004 7.637421484697537E-004
836 1.752247971823183E-006 -3.279095564755389E-006
837 3.470911921433612E-004 -6.495692704439549E-004
838 2.366751472528691E-005 -4.429280985100795E-005
839 -6.609478234770798E-004 1.236941870878156E-003
840 -2.569456290935601E-005 4.808636307644426E-005
841 4.477823072841719E-005 -8.380088482464741E-005
842 2.394212385303621E-004 -4.480689110521803E-004
843 5.532599067495536E-006 -1.035389762474174E-005
844 -4.666543369662527E-006 8.733089605314585E-006
845 3.794034186643184E-004 -7.100409340508537E-004
846 -9.509613819291133E-004 1.779692193120334E-003
847 -3.620287294741377E-004 6.775247671808753E-004
848 4.499752945975427E-006 -8.421126488226363E-006
849 -3.330881041225275E-004 6.233629588482573E-004
850 7.285186993468084E-007 -1.363055397013540E-006
851 -3.463113865239404E-004 6.481099956400471E-004
852 1.633725751295830E-004 -3.057463889801863E-004
853 2.456123106490157E-005 -4.596528240941057E-005
854 -7.507781729080553E-004 1.405056492120792E-003
855 1.435479412079597E-005 -2.686447635442037E-005
856 -7.468383179562292E-005 1.397682499455889E-004
857 -6.637258222439400E-005 1.242140840529847E-004
858 1.335204870126432E-003 -2.498791047668572E-003
859 -6.788352614378636E-004 1.270417444752765E-003
860 -2.721132229946594E-005 5.092504643669267E-005
861 6.547479723048286E-006 -1.225366214402831E-005
862 5.315967792134117E-004 -9.948655050098264E-004
863 4.724051942069937E-005 -8.840902690229734E-005
864 1.578431459810542E-004 -2.953982520212049E-004
865 2.244045436243663E-005 -4.199641808915926E-005
866 -1.782976588517297E-004 3.336785794392703E-004
867 -2.363048673943698E-006 4.422307532867383E-006
868 8.945929515086845E-005 -1.674199964062780E-004
869 -4.712946167660142E-004 8.820120557350258E-004
870 9.877844467068713E-006 -1.848607417451027E-005
871 4.033659357003407E-006 -7.549034919918456E-006
872 2.896934849513392E-004 -5.421516158988911E-004
873 4.867180912485451E-006 -9.108762258937953E-006
874 4.401435987154277E-004 -8.237139162739648E-004
875 8.523963071392765E-006 -1.595252346365652E-005
876 2.951243542269691E-004 -5.523154854921826E-004
877 -2.370995806049531E-005 4.437246880948617E-005
878 5.912641009334675E-004 -1.106531126296349E-003
879 -9.274110815571519E-004 1.735618852828157E-003
880 -2.352816767514682E-005 4.403222238791088E-005
881 6.380665332446051E-004 -1.194119826607216E-003
882 1.505102435409966E-005 -2.816750900864531E-005
883 4.723166863420340E-005 -8.839264296215410E-005
884 -7.203508607663422E-006 1.348122163973495E-005
885 1.379202557475015E-006 -2.581141501316084E-006
886 4.156115806193558E-004 -7.778031988493768E-004
887 -2.124026994852749E-006 3.974999125814626E-006
888 6.882795615872448E-006 -1.288109078518402E-005
889 -1.182933055997854E-004 2.213820092834611E-004
890 -9.305923757947469E-005 1.741575104285166E-004
891 -7.557097378929628E-006 1.414292988799606E-005
892 1.001675355243708E-005 -1.874582730025285E-005
893 1.387716702395648E-004 -2.597065436290331E-004
894 -9.077050176982115E-005 1.698740318320988E-004
895 -1.377674288080953E-005 2.578252591599016E-005
896 -1.475183306421734E-004 2.760760178731349E-004
897 -8.042172784352844E-004 1.505065737164488E-003
898 9.352149517337243E-004 -1.750222948991245E-003
899 4.778291460659549E-006 -8.942276397625531E-006
900 2.623786885274361E-004 -4.910327454989955E-004
901 3.813451944496973E-006 -7.136759001591148E-006
902 -6.400971598719688E-006 1.197919542873485E-005
903 3.798042853629207E-005 -7.107922312952225E-005
904 -1.080524634185450E-005 2.022159357124081E-005
905 3.540608179136822E-004 -6.626128991308235E-004
906 -6.679076042422373E-006 1.249963604880374E-005
907 -1.616579532971030E-005 3.025403442245916E-005
908 -4.125448607134909E-004 7.720639164407646E-004
909 -1.130108173747456E-004 2.114958980356457E-004
910 -2.179001720096302E-004 4.077928903373601E-004
911 6.089100900861954E-005 -1.139555493089474E-004
912 -1.620352737343547E-006 3.032076336755062E-006
913 -1.077422477797964E-005 2.016334653444276E-005
914 -1.334034485379629E-005 2.496594735535911E-005
915 -1.368711315567786E-004 2.561497122264911E-004
916 -8.681230778191022E-005 1.624662271510115E-004
917 -3.782986200105973E-004 7.079731943889541E-004
918 9.057164927426373E-005 -1.695019768719825E-004
919 -1.254715708914690E-005 2.348148729434985E-005
920 8.198757962822699E-006 -1.534371673458935E-005
921 1.339935077297248E-005 -2.507646321968502E-005
922 4.976662731118363E-006 -9.313875293027800E-006
923 6.181217254831099E-005 -1.156794494525811E-004
924 8.614905038553029E-004 -1.612250927938707E-003
925 1.490710892898729E-004 -2.789814175619502E-004
926 -2.367096703149164E-005 4.429939933188518E-005
927 3.509273262022947E-004 -6.567491538655143E-004
928 5.732855296737801E-005 -1.072882684099157E-004
929 -4.148073777119119E-004 7.762978964249754E-004
930 1.094625530717995E-003 -2.048555252966304E-003
931 5.283631536987298E-005 -9.888139106442373E-005
932 -2.024148078616609E-005 3.788131916936920E-005
933 2.072561344541068E-004 -3.878727338994256E-004
934 2.463867123541441E-005 -4.610995377493542E-005
935 4.937772119374126E-004 -9.240872224878472E-004
936 7.879769666499080E-007 -1.474622975549044E-006
937 3.781601827763776E-005 -7.077110152311698E-005
938 -6.764671251428028E-006 1.265994554021298E-005
939 5.810505038889085E-006 -1.087418134131231E-005
940 2.527702191533471E-005 -4.730515476962713E-005
941 1.363530913118140E-006 -2.551793942880681E-006
942 2.934473196448654E-006 -5.491553485455216E-006
943 1.524065898294022E-006 -2.852136419765843E-006
944 4.732828695966409E-004 -8.857331521335581E-004
945 3.782494609758180E-006 -7.078686530810996E-006
946 -1.701376975982035E-004 3.184072299980404E-004
947 -8.472235038428886E-005 1.585550046558340E-004
948 6.217916893186192E-006 -1.163669124157063E-005
949 -1.508957669708477E-005 2.823964300902073E-005
950 1.753955794499138E-004 -3.282474078951118E-004
951 2.870958268801930E-004 -5.372902046630697E-004
952 -2.208123322087040E-006 4.132321213438149E-006
953 1.347354338894513E-004 -2.521528694759484E-004
954 -3.810108863432912E-006 7.130589780827753E-006
955 1.162593582995741E-004 -2.175755008061756E-004
956 -4.782467733080804E-005 8.950203586915384E-005
957 -2.089285424023742E-004 3.910027955618977E-004
958 6.456195130085211E-006 -1.208265384729693E-005
959 7.091240770382798E-004 -1.327101773294822E-003
960 3.791575722865872E-006 -7.096032641194772E-006
961 -1.769946697460561E-004 3.312398836309450E-004
962 1.690825463045036E-006 -3.164553286337655E-006
963 -3.443166936600564E-004 6.443772058239867E-004
964 -8.913512593259491E-005 1.668131660833362E-004
965 8.944008366679211E-005 -1.673842285491652E-004
966 -3.817568520270823E-006 7.144612987580235E-006
967 -2.084448418196961E-004 3.900979189566460E-004
968 -1.728364275200992E-006 3.234436579225271E-006
969 -1.846499160753536E-004 3.455662373223365E-004
970 -2.750579506442818E-005 5.147623024431824E-005
971 -1.140854473581298E-004 2.135071280652096E-004
972 -2.458942486594066E-004 4.601827638827514E-004
973 5.559092960950732E-005 -1.040362942968419E-004
974 -1.955465128087467E-005 3.659612141600234E-005
975 9.498051487613949E-005 -1.777527066343622E-004
976 -4.171600254777699E-006 7.807459856506556E-006
977 1.066077307466155E-005 -1.995137759119624E-005
978 9.348276709633026E-004 -1.749498395024903E-003
979 3.348725875475943E-005 -6.266991947703643E-005
980 -5.791580099376488E-004 1.083875166205555E-003
981 2.102468532918119E-004 -3.934698451275553E-004
982 -4.827009036731473E-004 9.033585301229141E-004
983 -2.082199787506483E-005 3.896745243574776E-005
984 1.736491805187039E-004 -3.249785703626619E-004
985 3.245928821345299E-004 -6.074649097266796E-004
986 1.085368435890711E-006 -2.031309839058907E-006
987 -6.437288140768478E-005 1.204718729028539E-004
988 1.610451903697986E-005 -3.013893211770054E-005
989 5.549191840820872E-004 -1.038512626307375E-003
990 -4.855986017716315E-005 9.087814655960048E-005
991 5.785959102305023E-004 -1.082822757226652E-003
992 -8.556868699572262E-006 1.601391939754571E-005
993 -1.627534050153435E-004 3.045880433104641E-004
994 1.700715141653655E-004 -3.182833293668409E-004
995 -1.707111981968508E-005 3.194783494042328E-005
996 -2.100344150739628E-007 3.930834692934794E-007
997 -2.452069827596113E-006 4.588787571929609E-006
998 -3.566878699297410E-005 6.675302220472004E-005
999 2.020907441694692E-004 -3.782060281245979E-004
1000 -4.784549237409682E-004 8.954126546680019E-004
1001 7.120919482952207E-005 -1.332655158654925E-004
1002 -1.169149411232831E-004 2.188025720631728E-004
1003 -4.562065864153995E-004 8.537750890197506E-004
1004 -4.757021465826086E-006 8.902286240469841E-006
1005 -3.143571626719048E-006 5.882997901830422E-006
1006 2.267843703507216E-004 -4.244193377645945E-004
1007 9.075813844780887E-004 -1.698508145608220E-003
1008 -3.170594550453204E-004 5.933664767994124E-004
1009 2.178912755108373E-004 -4.077760720676912E-004
1010 2.421093115837989E-004 -4.530996089322202E-004
1011 2.118552260027936E-006 -3.964872220317982E-006
1012 -3.831861441820558E-006 7.171088419402614E-006
1013 -1.290488824235912E-004 2.415105969707868E-004
1014 1.637526340233247E-005 -3.064577001504439E-005
1015 1.799138166534087E-004 -3.367027128123016E-004
1016 -7.811062390045718E-006 1.461828103368255E-005
1017 -1.019776769773379E-005 1.908483278706406E-005
1018 1.278117651201067E-006 -2.391908690901573E-006
1019 -4.510776385607056E-005 8.441760011466409E-005
1020 9.811268703074855E-004 -1.836146137085292E-003
1021 -3.600778506721272E-004 6.738735921730041E-004
1022 -2.593381796613300E-006 4.853574395391955E-006
1023 -8.170657369826715E-006 1.529128342607565E-005
1024 8.071604905654972E-004 -1.510573798021677E-003
1025 -5.315058059183159E-006 9.946998772063670E-006
1026 8.189912776870021E-005 -1.532715789962283E-004
1027 1.157449968601076E-005 -2.166134145735721E-005
1028 2.926659111569050E-004 -5.477144753209411E-004
1029 -2.051872945269106E-005 3.840030010255531E-005
1030 -2.973570887944598E-004 5.564936798470741E-004
1031 -4.916870954924899E-006 9.201595440975044E-006
1032 -5.834932354412987E-007 1.092104922521932E-006
1033 -1.278698723058351E-005 2.393071714602894E-005
1034 6.802479651038440E-006 -1.273070174642099E-005
1035 2.737084761455470E-004 -5.122362111006767E-004
1036 1.654771694781166E-004 -3.096850164029496E-004
1037 -2.738781798070217E-005 5.125523901984258E-005
1038 -2.954726554199073E-006 5.529696040886391E-006
1039 -6.134766186906987E-004 1.148100954921752E-003
1040 -1.415712045055266E-005 2.649433822960689E-005
1041 4.762162977597730E-005 -8.912234135632221E-005
1042 -1.234812091243222E-004 2.310909790613853E-004
1043 7.562957233973465E-004 -1.415382315707740E-003
1044 -2.181495061167801E-005 4.082571496084579E-005
1045 1.762315371190769E-004 -3.298114551637867E-004
1046 -3.688688787006659E-004 6.903260028416090E-004
1047 -1.652065762400630E-005 3.091762847888511E-005
1048 5.095290445973237E-006 -9.535790581328844E-006
1049 -1.780403139294747E-004 3.331964424205278E-004
1050 -4.373798168577918E-005 8.185422633789337E-005
1051 -5.316840935108764E-006 9.950027504804606E-006
1052 -2.897877311971834E-004 5.423282151734758E-004
1053 2.297353145178687E-006 -4.299229156182185E-006
1054 -7.740550457033583E-006 1.448585719228792E-005
1055 1.800293560974849E-004 -3.369186877200461E-004
1056 -2.132352411711839E-004 3.990625733304282E-004
1057 -2.164734138383155E-004 4.051226639251176E-004
1058 -5.733236071782064E-004 1.072955984651117E-003
1059 -2.129183954975296E-005 3.984696299534888E-005
1060 -7.349279686387165E-005 1.375391507578790E-004
1061 1.367953168361788E-004 -2.560078847756371E-004
1062 3.676838796213546E-005 -6.881080819010199E-005
1063 -5.511665783049092E-006 1.031512435791797E-005
1064 3.540973194719752E-004 -6.626813618419034E-004
1065 3.781373809921800E-004 -7.076714969488821E-004
1066 -1.872656137888122E-004 3.504613429994824E-004
1067 -5.164630334157750E-006 9.665410872771422E-006
1068 -3.471930667913186E-007 6.497625778516897E-007
1069 3.426388784956077E-005 -6.412371984260085E-005
1070 3.043906028705772E-004 -5.696568743394622E-004
1071 -5.616161192557842E-006 1.051064230974620E-005
1072 2.368574481680819E-004 -4.432708122430913E-004
1073 8.328543099154635E-006 -1.558644575418471E-005
1074 -3.668861256161602E-007 6.866238234109659E-007
1075 8.334241198875978E-006 -1.559739880122512E-005
1076 -4.926462809608744E-005 9.219725420632415E-005
1077 -5.065185190066921E-004 9.479322974778058E-004
1078 -2.055259001642328E-005 3.846342529262772E-005
1079 -4.315155057793137E-004 8.075669681032251E-004
1080 -2.219725698767116E-006 4.154169598220683E-006
1081 3.379184356972743E-004 -6.324032128978268E-004
1082 -7.890767000059723E-005 1.476730444562812E-004
1083 1.545022759565867E-005 -2.891444039981613E-005
1084 -3.304052194904273E-004 6.183422122983333E-004
1085 -4.865009653367995E-005 9.104719498986129E-005
1086 7.697117997131953E-007 -1.440608305169542E-006
1087 6.172640593638328E-006 -1.155159198336850E-005
1088 2.314808181103685E-005 -4.332099055584184E-005
1089 -3.997619664116014E-004 7.481409693736500E-004
1090 1.681936689458922E-004 -3.147689855461979E-004
1091 -4.006994568680668E-007 7.500431262972020E-007
1092 1.005601097264464E-005 -1.881964366175734E-005
1093 4.717112776585836E-005 -8.827907658497068E-005
1094 -2.592525449598126E-007 4.853025012809759E-007
1095 -6.100583001353820E-005 1.141704451551900E-004
1096 1.851785445785253E-006 -3.465590881289002E-006
1097 3.842099510092391E-005 -7.190372769145796E-005
1098 7.561499642174826E-005 -1.415110928320833E-004
1099 -5.433616158141752E-005 1.016882290548878E-004
1100 -2.307954753590540E-004 4.319261089042844E-004
1101 1.375773086784044E-005 -2.574690919479954E-005
1102 -1.530794036175792E-004 2.864833026449843E-004
1103 -8.994159013267169E-007 1.683342269986297E-006
1104 2.680975035676756E-004 -5.017353396075568E-004
1105 1.149161394583556E-006 -2.150627055244747E-006
1106 1.064883252724683E-004 -1.992892163572432E-004
1107 -8.369616305519189E-005 1.566347801791863E-004
1108 -7.292250275317492E-006 1.364711050742759E-005
1109 7.850671545326704E-006 -1.469210918723676E-005
1110 6.911102898805026E-005 -1.293391489422883E-004
1111 1.567994851570822E-006 -2.934498516922069E-006
1112 -3.242818293701905E-004 6.068822982071712E-004
1113 5.104679670562936E-006 -9.552951297261020E-006
1114 1.028693484502310E-005 -1.925138041708845E-005
1115 -2.542818730910923E-004 4.758800564846035E-004
1116 1.082547292900168E-006 -2.025957561881770E-006
1117 -2.692849796901291E-005 5.039578886346418E-005
1118 1.825357827641351E-005 -3.416104019869443E-005
1119 1.870772526307569E-004 -3.501086958799923E-004
1120 -2.866434469234855E-006 5.364776290752065E-006
1121 -2.378893503040039E-004 4.452016819847989E-004
1122 -2.482368397552728E-004 4.645671534054685E-004
1123 3.173838720393763E-006 -5.939705499358587E-006
1124 -7.871966444370964E-005 1.473210931857231E-004
1125 1.617157850799752E-007 -3.023711715240403E-007
1126 -1.011016290766242E-006 1.891995264993645E-006
1127 -9.365802154476603E-005 1.752781282174838E-004
1128 4.044432735033324E-006 -7.569358284008512E-006
1129 2.004101935161342E-005 -3.750619173223521E-005
1130 -1.033972999906767E-004 1.935045516811362E-004
1131 -7.562490662715174E-007 1.415390662908416E-006
1132 1.530973986994593E-004 -2.865164308534527E-004
1133 -1.247640793972743E-004 2.334913647415254E-004
1134 -2.719700083674248E-006 5.089982692583736E-006
1135 -5.276709266780134E-007 9.871020639817872E-007
1136 1.095879027071923E-005 -2.050916302325798E-005
1137 1.003332402137271E-005 -1.877683396096732E-005
1138 -3.439406573340592E-005 6.436744881124368E-005
1139 -1.202961388255628E-008 2.247179231925912E-008
1140 -2.931448331143413E-005 5.486080093581540E-005
1141 9.848922677580724E-007 -1.843161858669084E-006
1142 -5.720791752996757E-005 1.070627186350146E-004
1143 -3.486938108312268E-006 6.525589981189737E-006
1144 -2.743111980330004E-004 5.133645057673890E-004
1145 -2.204499269902364E-004 4.125647155802231E-004
1146 -1.589753781098766E-004 2.975171052039320E-004
1147 -3.165323171388702E-005 5.923825675286039E-005
1148 3.329495430632130E-006 -6.231335274644213E-006
1149 6.219377498165161E-006 -1.163961673967947E-005
1150 1.273188619720104E-005 -2.382727945396325E-005
1151 -1.537260977883424E-004 2.876933430023712E-004
1152 8.862679531589556E-006 -1.658650318666545E-005
1153 -4.398123981722022E-004 8.230942992968301E-004
1154 8.525933627440636E-006 -1.595608402748596E-005
1155 -2.245322082280314E-006 4.201970875765969E-006
1156 1.998201692325256E-004 -3.739567833856723E-004
1157 -1.263829944807752E-005 2.365243052723236E-005
1158 8.539455777527141E-005 -1.598128739899553E-004
1159 2.229132465081809E-006 -4.171462272496317E-006
1160 5.584884555254464E-005 -1.045191341193038E-004
1161 2.401914283685182E-004 -4.495101106312795E-004
1162 -1.876737849377243E-005 3.512246322511881E-005
1163 9.946258456937540E-005 -1.861409439917382E-004
1164 3.691502776677926E-005 -6.908516088568098E-005
1165 4.261637968403238E-007 -7.972969359360511E-007
1166 -1.456138530079128E-005 2.725084369174080E-005
1167 -3.324440887344155E-004 6.221584030740917E-004
1168 -2.932680564922439E-006 5.488648925050746E-006
1169 2.890973086812116E-004 -5.410360197623974E-004
1170 -1.431697158720838E-004 2.679369175229406E-004
1171 1.358937714789706E-005 -2.543151694123875E-005
1172 -2.402817281132424E-005 4.496778161539633E-005
1173 -1.462569353253179E-004 2.737153296987052E-004
1174 4.195843380228880E-004 -7.852379429782624E-004
1175 -1.250404926315346E-005 2.340099907296401E-005
1176 1.345823593053757E-005 -2.518665309888547E-005
1177 -2.257716613492828E-005 4.225245083428086E-005
1178 -1.714183592849255E-004 3.208035087920002E-004
1179 -2.684031076497452E-004 5.023074817746794E-004
1180 1.245640050512181E-005 -2.331175682275981E-005
1181 2.544014260427964E-005 -4.761023303307448E-005
1182 -1.550701697558953E-004 2.902089809824284E-004
1183 1.104177147668590E-005 -2.066399346482938E-005
1184 -1.076712555812601E-004 2.015031537928877E-004
1185 -4.261219011311489E-005 7.974713532629865E-005
1186 1.670502923066580E-004 -3.126290456488803E-004
1187 -1.693725073408984E-004 3.169749703118238E-004
1188 3.595604745721170E-005 -6.729042274564650E-005
1189 1.344452554290439E-004 -2.516099587909761E-004
1190 8.967778293388085E-006 -1.678260944366008E-005
1191 -2.226218908000404E-005 4.166306449342085E-005
1192 1.002869456790218E-004 -1.876836472323391E-004
1193 -1.584009829880583E-004 2.964422726724330E-004
1194 7.772860639334795E-006 -1.454683877782705E-005
1195 -1.746159014061425E-006 3.267721021801187E-006
1196 -2.473616183899271E-004 4.629291624999574E-004
1197 -1.867158505440064E-004 3.494325194958127E-004
1198 1.376458438746032E-005 -2.576002644527326E-005
1199 6.705528082706079E-006 -1.254914438972762E-005
1200 3.006915679900601E-006 -5.627442034291955E-006
1201 -6.792559221861624E-005 1.271205410015734E-004
1202 2.294912060341003E-005 -4.294859945341566E-005
1203 2.540324272441617E-004 -4.754130741576211E-004
1204 -1.149706494900400E-005 2.151622206282817E-005
1205 -5.630200250785897E-005 1.053671132952876E-004
1206 8.812252957829126E-006 -1.649142045843289E-005
1207 2.262203988668494E-004 -4.233641853511553E-004
1208 -2.501235205880189E-006 4.680946408525122E-006
1209 3.855587060204248E-006 -7.215625733634513E-006
1210 -1.231871071700606E-004 2.305404811305443E-004
1211 2.546786286418482E-004 -4.766224676751072E-004
1212 5.502113082880001E-006 -1.029699676147840E-005
1213 -8.244545379890854E-005 1.542940318894182E-004
1214 7.011508390645201E-005 -1.312182595752808E-004
1215 -2.150175014850223E-005 4.023995936231133E-005
1216 -8.338016694987573E-006 1.560420624259747E-005
1217 -1.097006693458046E-004 2.053011120258057E-004
1218 -7.681783606596374E-005 1.437617683125125E-004
1219 -1.785588763466936E-004 3.341669469643627E-004
1220 -4.024321388668379E-005 7.531393504277756E-005
1221 1.310866404916167E-004 -2.453241633184036E-004
1222 -5.505734019608340E-006 1.030379419105430E-005
1223 1.259812481715286E-005 -2.357695948491359E-005
1224 -1.347548093959881E-004 2.521892571669257E-004
1225 -6.590253759937076E-006 1.233346360905196E-005
1226 3.272464859109899E-005 -6.124314727854156E-005
1227 4.912711136441843E-006 -9.194111870574662E-006
1228 -1.449789268698259E-005 2.713247033305349E-005
1229 7.062447386874397E-005 -1.321712459231350E-004
1230 -1.199135674694195E-004 2.244140996388061E-004
1231 -2.715768156554375E-005 5.082460902066953E-005
1232 -7.749381188135659E-006 1.450248149411592E-005
1233 8.192294510086243E-005 -1.533160522170410E-004
1234 -3.991057291422843E-006 7.469118160241563E-006
1235 -3.227496627266406E-006 6.040070563939143E-006
1236 -1.168075872494093E-004 2.186015353185579E-004
1237 -1.527405883258484E-005 2.858498787585763E-005
1238 -3.978497757831166E-006 7.445562087292428E-006
1239 6.137623585808199E-006 -1.148647404480197E-005
1240 2.888408743269634E-005 -5.405559025654731E-005
1241 -4.834386462401079E-006 9.047054089915969E-006
1242 -9.885274221286053E-005 1.849994393030923E-004
1243 2.592359299376514E-005 -4.851510133847446E-005
1244 -5.047817346379642E-005 9.446817371290297E-005
