 # The norm of the isolated state is   3456000.01131145     
 # I think there should be     3456000 i.e.    100.000000327299      %
1 7.150171168303554E-006 -1.338135349128399E-005
2 -1.060883755431664E-004 1.985405932730061E-004
3 1.213066184657164E-005 -2.270130582564661E-005
4 4.482496822837048E-003 -8.388842459699288E-003
5 -1.423218933596970E-004 2.663500578831836E-004
6 -1.891411459175872E-004 3.539714799602813E-004
7 -6.402792566136110E-004 1.198262473601903E-003
8 0.469822712100841 -0.879257452915023
9 8.994438661236661E-003 -1.683279002525121E-002
10 -1.711605495448393E-003 3.203212763965656E-003
11 5.052459768267805E-005 -9.455510240531024E-005
12 9.299382741371943E-004 -1.740346798281407E-003
13 3.718911443289826E-004 -6.959817451976187E-004
14 6.733570655933307E-005 -1.260165628173031E-004
15 -4.338547765868374E-005 8.119446590361123E-005
16 -1.691087276284494E-004 3.164813183954986E-004
17 -2.624394638980710E-005 4.911469678413778E-005
18 -2.602517099414224E-004 4.870523553132054E-004
19 -3.637132773797094E-005 6.806780241701628E-005
20 2.674341602639654E-005 -5.004938906697985E-005
21 -4.330275959140004E-004 8.103966528478440E-004
22 1.564736574015634E-005 -2.928254400533592E-005
23 -7.815314493483376E-004 1.462609905782920E-003
24 2.832739878071747E-005 -5.301380196647212E-005
25 6.442589502120661E-005 -1.205707806603358E-004
26 -2.345749254369919E-002 4.389991028082341E-002
27 4.440991466694174E-005 -8.311154056110034E-005
28 7.197152483186062E-004 -1.346922873096612E-003
29 -1.802887847918895E-004 3.374041899180399E-004
30 9.864061810009726E-005 -1.846025814056761E-004
31 -2.065565370787955E-004 3.865635494690503E-004
32 2.068722049652966E-003 -3.871543794850728E-003
33 1.071892367634198E-004 -2.006011154197323E-004
34 7.145153136818511E-003 -1.337191434496530E-002
35 3.215599307520612E-004 -6.017886429675993E-004
36 1.261750423325828E-002 -2.361323553551123E-002
37 -1.013834149652316E-003 1.897356565654205E-003
38 3.653107563308050E-003 -6.836668284206726E-003
39 -9.362897198905882E-003 1.752234756538853E-002
40 -1.262857146352186E-004 2.363395237790065E-004
41 2.694936080188127E-003 -5.043481961921632E-003
42 -2.530420204563732E-005 4.735576036229447E-005
43 5.124212172918947E-006 -9.589749173237287E-006
44 -4.524215289151386E-005 8.466918118796716E-005
45 1.064058109264594E-004 -1.991349107415226E-004
46 4.619146110226210E-005 -8.644592231670579E-005
47 -6.910533603793126E-004 1.293283254518723E-003
48 1.062202144755476E-004 -1.987875906314437E-004
49 7.953833281392646E-006 -1.488535081565710E-005
50 6.707013868974820E-005 -1.255196284899980E-004
51 -7.830872076445369E-004 1.465521433278391E-003
52 2.449189893892874E-005 -4.583579017426305E-005
53 7.172955398181833E-004 -1.342394716044526E-003
54 8.361755076942041E-005 -1.564875766259217E-004
55 -6.067352339697480E-005 1.135484633325289E-004
56 4.809717295668422E-004 -9.001224580508378E-004
57 -3.496675710408800E-005 6.543921361499521E-005
58 -4.631995941274432E-005 8.668602116328783E-005
59 -1.676177650989860E-004 3.136910548131547E-004
60 -7.375259091918909E-005 1.380254947359827E-004
61 -4.059357442680960E-005 7.596942555558440E-005
62 -3.572093606354463E-005 6.685052852710015E-005
63 2.414924703366432E-005 -4.519438785703408E-005
64 -3.833160230868151E-004 7.173630704932522E-004
65 -2.818997935301127E-004 5.275660129706405E-004
66 -1.241984412106787E-005 2.324331203992934E-005
67 -1.529106111266711E-004 2.861671031368427E-004
68 -3.740063383547452E-004 6.999402991985136E-004
69 -7.553527501327762E-006 1.413616357977446E-005
70 -1.072893361146794E-004 2.007887560692608E-004
71 5.367973122506648E-004 -1.004598258623412E-003
72 -1.244105528094766E-004 2.328301762519163E-004
73 7.363257351585880E-005 -1.378011630334701E-004
74 6.505347011936366E-005 -1.217454542596581E-004
75 8.664870551324812E-005 -1.621601474964126E-004
76 1.562718063613621E-005 -2.924576427928558E-005
77 -3.275979880283323E-004 6.130887181138612E-004
78 1.025692077094360E-004 -1.919550784547352E-004
79 -1.395292173746490E-004 2.611242348084095E-004
80 -5.866832806748617E-004 1.097958111284615E-003
81 -4.127251125288303E-005 7.724026377830600E-005
82 -6.570542763596853E-005 1.229655523450491E-004
83 -7.805004877006763E-004 1.460680520537257E-003
84 7.524673403728659E-005 -1.408218213189058E-004
85 6.365888716670592E-004 -1.191354744093936E-003
86 9.611768559932738E-005 -1.798812335809285E-004
87 -1.238559640156668E-005 2.317922458431573E-005
88 -1.633801370770238E-004 3.057604540562118E-004
89 5.595931625470699E-005 -1.047260058453681E-004
90 -7.151294443011380E-005 1.338340437695227E-004
91 6.711462965031491E-005 -1.256025401051280E-004
92 4.264814892038528E-007 -7.981662653082295E-007
93 -2.101135259555464E-005 3.932205355394854E-005
94 -4.143360516560549E-005 7.754158507414406E-005
95 6.037122095796031E-005 -1.129826983741470E-004
96 -4.574334823873885E-005 8.560717107440597E-005
97 -1.981249754661196E-004 3.707842641710909E-004
98 -2.976306617907138E-004 5.570058414085528E-004
99 -9.759501007391451E-004 1.826457912067842E-003
100 1.781602811710528E-004 -3.334209707299284E-004
101 2.451346924052691E-004 -4.587614403268879E-004
102 6.629029693668427E-006 -1.240568783058084E-005
103 4.438217997388680E-005 -8.305979215679737E-005
104 1.337355369817950E-004 -2.502815772104733E-004
105 1.582547414003399E-005 -2.961682718690853E-005
106 -8.213818750478045E-005 1.537190132294446E-004
107 4.364567813291087E-004 -8.168142543163757E-004
108 1.928828769026262E-004 -3.609738434160718E-004
109 -4.655509138808178E-005 8.712647194444940E-005
110 -8.860705564143543E-004 1.658251359077788E-003
111 8.622635264426529E-005 -1.613697301573798E-004
112 -2.301836758781134E-005 4.307798107045473E-005
113 5.692672292813864E-005 -1.065365561272031E-004
114 -8.649334885948108E-005 1.618694081515828E-004
115 -6.057297024925244E-004 1.133602824375351E-003
116 -1.026228495363857E-006 1.920547686135973E-006
117 -3.897580766163118E-005 7.294191997959075E-005
118 -1.889175478962452E-005 3.535527632493808E-005
119 -1.058546758405708E-003 1.981034758618553E-003
120 1.561309212980979E-003 -2.921937828873017E-003
121 1.033514511150769E-005 -1.934196648482524E-005
122 5.284624389770842E-004 -9.889997317416932E-004
123 3.036833116326023E-005 -5.683329952265173E-005
124 5.245923891468249E-004 -9.817570713703478E-004
125 3.958448073165349E-005 -7.408107332591675E-005
126 2.295791231328149E-004 -4.296496573560411E-004
127 -9.898569088931930E-004 1.852484028817782E-003
128 5.063537294388176E-005 -9.476246329136070E-005
129 -2.974387045671138E-006 5.566444028632820E-006
130 3.323697810521031E-004 -6.220188879377733E-004
131 1.631819491119909E-005 -3.053895328504124E-005
132 -1.408488831581104E-004 2.635939617247056E-004
133 -4.487164610981779E-004 8.397577743656785E-004
134 -2.877236087907982E-006 5.384662397871812E-006
135 6.119029199265507E-004 -1.145155784851388E-003
136 1.848999640488276E-005 -3.460342452287042E-005
137 1.135944368649159E-005 -2.125882268652639E-005
138 4.213439243819354E-004 -7.885310388899465E-004
139 7.902221322588426E-004 -1.478874255507144E-003
140 -4.661938389845214E-005 8.724653330024455E-005
141 -5.284631010550369E-004 9.890009473967566E-004
142 -3.418869701269845E-006 6.398401949122357E-006
143 3.188666107858997E-004 -5.967482091736515E-004
144 5.104909699701055E-005 -9.553673350569279E-005
145 4.610540055121208E-005 -8.628471719681474E-005
146 1.264883578169496E-003 -2.367187204386518E-003
147 -2.093547417038202E-005 3.918005375091762E-005
148 -1.107312159953723E-003 2.072297567949495E-003
149 4.916438706077991E-006 -9.200945674081711E-006
150 7.841422519639745E-006 -1.467496902520643E-005
151 2.303936454812965E-004 -4.311739941805310E-004
152 -2.833813880235828E-005 5.303387814237018E-005
153 1.893286131719908E-005 -3.543218191611758E-005
154 -3.470578411010923E-004 6.495071220580866E-004
155 -2.613432390904707E-005 4.890945592311982E-005
156 3.283377609990411E-004 -6.144731345396167E-004
157 -1.361622562316995E-003 2.548231011742124E-003
158 -5.159053399549622E-005 9.654987150506615E-005
159 2.792503351541182E-005 -5.226088654416951E-005
160 3.945429183851682E-005 -7.383734791296939E-005
161 9.175097745342725E-004 -1.717088712283361E-003
162 -2.137237869303830E-004 3.999768961675700E-004
163 -1.230491071235738E-005 2.302830031861686E-005
164 6.721030404081316E-006 -1.257823037719600E-005
165 -1.388872781909394E-004 2.599228446469785E-004
166 -9.595842474692751E-004 1.795829756088275E-003
167 -9.589423699759096E-006 1.794627500204869E-005
168 1.747443320689923E-003 -3.270281618940998E-003
169 1.863744374251444E-004 -3.487935065684824E-004
170 -4.985974440256592E-006 9.331019298745588E-006
171 -2.341313618608381E-004 4.381689568559661E-004
172 -4.802934437603765E-004 8.988530615387571E-004
173 1.119017842988966E-005 -2.094202046648345E-005
174 -4.013388797450999E-005 7.510923375224902E-005
175 4.951746620136144E-004 -9.267027578021824E-004
176 7.731078655243789E-006 -1.446844678753221E-005
177 -5.812205958154890E-004 1.087734868732173E-003
178 -1.647293159847061E-004 3.082854031139129E-004
179 7.213154934192037E-007 -1.349886806827134E-006
180 -4.731215004236593E-004 8.854310187375326E-004
181 -3.374841245687208E-005 6.315903868141629E-005
182 2.810439908869003E-004 -5.259644183203041E-004
183 2.494886767414348E-004 -4.669095381110889E-004
184 -8.745434554394679E-006 1.636678690677493E-005
185 -1.228531216608684E-004 2.299155318331047E-004
186 -1.028050664961923E-006 1.923947819483481E-006
187 3.460509553213065E-006 -6.476201762035565E-006
188 -5.770453202143676E-004 1.079920975270904E-003
189 -4.277344045140928E-005 8.004907731411119E-005
190 3.400258816563979E-004 -6.363470264199809E-004
191 1.638971615184388E-004 -3.067280856588891E-004
192 1.365794992534521E-003 -2.556039509107305E-003
193 -1.351554891104513E-004 2.529389689635392E-004
194 -2.204134935417529E-004 4.124964732479195E-004
195 4.367510164612791E-005 -8.173653792483248E-005
196 -3.929065522339527E-005 7.353107354167724E-005
197 -6.122090272951194E-006 1.145727989913598E-005
198 2.159300526988518E-005 -4.041060749243478E-005
199 2.621266832234505E-004 -4.905612825116076E-004
200 1.734644729001359E-005 -3.246284112886036E-005
201 1.492175132350592E-004 -2.792555811756956E-004
202 -4.446180306488815E-004 8.320877698956751E-004
203 -1.718585409608503E-004 3.216274451355589E-004
204 4.123844228989334E-005 -7.717641545915194E-005
205 -4.630025833414612E-004 8.664938236275783E-004
206 1.821384890865364E-005 -3.408645603861505E-005
207 2.089879707097574E-004 -3.911139878536353E-004
208 -2.755478665352249E-006 5.156834844790403E-006
209 -1.046716394571055E-006 1.958878077378862E-006
210 -7.658090340379208E-004 1.433185884081829E-003
211 7.612787342459295E-006 -1.424705955577762E-005
212 -3.459699586149579E-004 6.474711842902581E-004
213 -5.074836313105353E-005 9.497386033456924E-005
214 -4.592679459824583E-004 8.595046006301945E-004
215 -1.584576201507155E-004 2.965481166468113E-004
216 -9.649507264717824E-004 1.805872984785272E-003
217 1.828435003197000E-003 -3.421854801370128E-003
218 -1.551251359283697E-005 2.903118808496416E-005
219 4.091195479283475E-004 -7.656534904702552E-004
220 -9.068285587553202E-004 1.697099247265195E-003
221 -4.100779975585062E-005 7.674475472158390E-005
222 -1.903904080089496E-004 3.563093026482094E-004
223 -8.071662425418946E-004 1.510584705615363E-003
224 -3.337449713082190E-006 6.245973655217814E-006
225 1.171487177451670E-003 -2.192398959930018E-003
226 1.810625154679943E-004 -3.388524575056590E-004
227 -1.960849821386468E-004 3.669664329448314E-004
228 2.189266373514844E-005 -4.097138695503994E-005
229 -1.200780727807651E-003 2.247220928601085E-003
230 -7.036817402258593E-005 1.316916722471615E-004
231 1.312066927922377E-003 -2.455489259869280E-003
232 -1.134049349172530E-003 2.122335262557812E-003
233 -1.108406968852496E-005 2.074341327909974E-005
234 -5.267456275970316E-005 9.857865616307592E-005
235 -6.114040057253902E-004 1.144222039166914E-003
236 -1.680289333791620E-005 3.144608460089599E-005
237 1.026256535069851E-004 -1.920604489100700E-004
238 1.131523799859378E-005 -2.117606960566798E-005
239 7.265499866975424E-004 -1.359713851878780E-003
240 2.034723850696124E-005 -3.807917266651727E-005
241 -1.004957437133625E-003 1.880744171493800E-003
242 8.265422117388751E-005 -1.546846044192320E-004
243 1.936259647049955E-004 -3.623644827301688E-004
244 -7.775935490929251E-005 1.455240015722584E-004
245 8.331788793733051E-004 -1.559266309302005E-003
246 -1.047850336684362E-003 1.961016829511191E-003
247 5.368510571279374E-005 -1.004698801224452E-004
248 -1.182982434368398E-003 2.213911904812327E-003
249 -9.198908345355978E-005 1.721544741564280E-004
250 -5.401901849711026E-004 1.010947802073489E-003
251 -3.800074282070679E-005 7.111715183157737E-005
252 -2.818816421116770E-005 5.275319541916280E-005
253 1.182957951004553E-003 -2.213866007895907E-003
254 -5.098381967025085E-005 9.541449678017320E-005
255 2.040901525390645E-005 -3.819483460487568E-005
256 2.409229751739054E-005 -4.508792675584920E-005
257 -4.303218409205913E-005 8.053328408347117E-005
258 -6.773439608028172E-005 1.267627938088837E-004
259 3.037693985424833E-005 -5.684941255088810E-005
260 4.469723624552904E-004 -8.364937718194042E-004
261 7.963986067624061E-005 -1.490433135824986E-004
262 -5.761479591515478E-004 1.078241591590837E-003
263 -1.162870012269756E-003 2.176272221734072E-003
264 1.140425815128423E-003 -2.134268615692484E-003
265 -3.882490980371225E-005 7.265951300481271E-005
266 -1.607651893329785E-004 3.008666660293607E-004
267 -5.653718890174231E-004 1.058074526756605E-003
268 -1.259774948396974E-003 2.357626695439494E-003
269 5.444054926735620E-004 -1.018836695381822E-003
270 8.648548262280414E-004 -1.618546777397029E-003
271 1.051963454396905E-004 -1.968714216221781E-004
272 2.675572366824033E-005 -5.007245893809513E-005
273 7.546852650628957E-004 -1.412368034245895E-003
274 5.865435005642776E-006 -1.097694722884893E-005
275 9.041572360025708E-004 -1.692100054277446E-003
276 1.841306065204209E-004 -3.445942657152512E-004
277 1.917185322027837E-005 -3.587948320922029E-005
278 1.888048621365831E-004 -3.533419497340662E-004
279 4.413150299254704E-006 -8.259047340499164E-006
280 -3.862055676093175E-004 7.227708455966779E-004
281 1.229751456698970E-003 -2.301438539526427E-003
282 -3.715839522920018E-004 6.954068940802418E-004
283 2.085849159233342E-003 -3.903596991273853E-003
284 -9.113912032099136E-004 1.705638075751921E-003
285 -1.916835387044558E-005 3.587292173603125E-005
286 2.208170817998420E-004 -4.132517008743483E-004
287 -9.919079143142363E-004 1.856322411245869E-003
288 -9.910778288657639E-004 1.854768952056775E-003
289 1.824546938956436E-004 -3.414578397707090E-004
290 9.373536477848202E-004 -1.754225897796081E-003
291 -1.670764005595935E-004 3.126778776685352E-004
292 -1.506864147362125E-003 2.820045764832162E-003
293 1.189929142216864E-004 -2.226912621164020E-004
294 2.433362848277208E-005 -4.553956394059033E-005
295 5.549245796982916E-004 -1.038522751736894E-003
296 -1.171840605388210E-003 2.193060390699194E-003
297 7.938861089700572E-004 -1.485731229817048E-003
298 3.564559983086026E-005 -6.670951804501493E-005
299 1.153165790444965E-003 -2.158111188464640E-003
300 -5.095028707554278E-004 9.535175462759027E-004
301 -8.035066989991374E-005 1.503735773056658E-004
302 -9.376698858019827E-004 1.754817754929298E-003
303 1.139978713884236E-003 -2.133431819615357E-003
304 1.247360986155914E-005 -2.334400718235009E-005
305 -4.771102657509628E-005 8.928960176235325E-005
306 3.382859181355186E-004 -6.330907585103585E-004
307 -1.604759688435751E-004 3.003254206074452E-004
308 6.430425745540194E-004 -1.203432646495399E-003
309 1.379035433238925E-004 -2.580818267204364E-004
310 -6.340865105934946E-004 1.186671544412295E-003
311 1.266678019173203E-003 -2.370545455520700E-003
312 -1.049413546524261E-005 1.963941923098915E-005
313 4.619667658130431E-004 -8.645550962067620E-004
314 3.887759926304771E-005 -7.275810620085003E-005
315 -1.802688007686931E-005 3.373668412053280E-005
316 5.321403367839444E-004 -9.958827880014582E-004
317 7.929961043431727E-004 -1.484065587515888E-003
318 5.614534144035920E-005 -1.050741420356063E-004
319 -1.144473300536387E-003 2.141843379729711E-003
320 -3.846929510651413E-004 7.199399929933491E-004
321 8.579118742153789E-005 -1.605553269967163E-004
322 -1.172421401742555E-004 2.194147274540056E-004
323 1.183860763811836E-003 -2.215555702268100E-003
324 3.405937465290337E-005 -6.374098217018449E-005
325 -2.580672390220572E-005 4.829645298853195E-005
326 8.670926222889274E-004 -1.622734765392488E-003
327 3.117349557198473E-005 -5.834013280866306E-005
328 -1.086766435954589E-004 2.033846798261469E-004
329 -9.939742565795325E-004 1.860189546613944E-003
330 -2.312939239092935E-003 4.328588260855915E-003
331 1.099302461661151E-004 -2.057307881650168E-004
332 -7.178697790069989E-004 1.343469147481495E-003
333 -6.492235806879783E-004 1.215000320103386E-003
334 -1.378340001708914E-004 2.579516669524070E-004
335 -9.259263645673166E-005 1.732840074440056E-004
336 4.362912831390896E-004 -8.165044170513375E-004
337 6.074019980173025E-005 -1.136732217687899E-004
338 3.722349420598820E-004 -6.966252101776652E-004
339 -4.385148277625137E-005 8.206657371780509E-005
340 9.760636381889054E-004 -1.826670303230906E-003
341 1.493085991251625E-004 -2.794260773381420E-004
342 1.941249310718034E-004 -3.632982994981942E-004
343 -1.243895352095114E-003 2.327908295257122E-003
344 -7.175971260419110E-004 1.342959070388076E-003
345 3.983000630670808E-004 -7.454051773339706E-004
346 -3.674407362929771E-005 6.876529318866387E-005
347 -9.694897066438411E-005 1.814367353952548E-004
348 -1.767608354029933E-004 3.308019922826148E-004
349 1.308402700923953E-005 -2.448627104659036E-005
350 2.183827655742254E-003 -4.086960224681746E-003
351 2.725409021955509E-004 -5.100511483608275E-004
352 -4.328925802410885E-004 8.101439542907539E-004
353 4.940713375951977E-005 -9.246379929531297E-005
354 -7.599787666663515E-004 1.422274789794469E-003
355 -5.678321982894591E-004 1.062678791963274E-003
356 -7.024251795874429E-005 1.314565056860964E-004
357 -2.097363288989735E-003 3.925145104780737E-003
358 3.154009487622592E-006 -5.902618800128605E-006
359 -3.510255251356825E-004 6.569324853355945E-004
360 1.691541815317136E-005 -3.165662243080298E-005
361 -1.164084041325833E-004 2.178544422929199E-004
362 -2.266429825913605E-003 4.241547429971060E-003
363 9.982594007268714E-004 -1.868208976624343E-003
364 2.941264131986439E-004 -5.504477357457960E-004
365 -6.325848449127464E-006 1.183861816107155E-005
366 1.059674843709941E-003 -1.983146003148910E-003
367 -1.731493350815519E-003 3.240431732811087E-003
368 2.665402657336397E-004 -4.988211253709016E-004
369 3.957017163859170E-005 -7.405423195806752E-005
370 -4.401591520054739E-005 8.237428828460274E-005
371 2.814056703321143E-005 -5.266408294229451E-005
372 -1.811200524006151E-004 3.389600742703502E-004
373 6.042656189226955E-004 -1.130862874319608E-003
374 -1.121383048579234E-005 2.098628613341520E-005
375 -9.041598177560926E-004 1.692104821801608E-003
376 2.094741416704995E-004 -3.920238140205451E-004
377 1.391756619797594E-004 -2.604625891197929E-004
378 -6.205270289980667E-004 1.161295504420176E-003
379 -4.340701990148393E-005 8.123476480864036E-005
380 5.398132986831890E-004 -1.010242523010566E-003
381 -8.796631758130927E-004 1.646260158147753E-003
382 -7.961426906003609E-005 1.489954092473676E-004
383 -1.269051902103669E-003 2.374988066932171E-003
384 6.530640833873979E-005 -1.222187592132206E-004
385 -1.143500050975954E-003 2.140022030890858E-003
386 -5.710050909782688E-005 1.068616877599651E-004
387 5.987398965392699E-004 -1.120521641387862E-003
388 -4.740448489936351E-005 8.871589118680016E-005
389 2.128237375352851E-005 -3.982925172454549E-005
390 1.176109609329059E-003 -2.201049718154165E-003
391 1.583215630894061E-005 -2.962937519804528E-005
392 1.673979021382895E-004 -3.132794649728649E-004
393 -4.734698281385476E-005 8.860829156008130E-005
394 -3.788378172902244E-004 7.089823004561493E-004
395 9.702355205620880E-004 -1.815763213916318E-003
396 6.591217909694116E-005 -1.233524235349329E-004
397 -7.586335715867729E-006 1.419758451281849E-005
398 9.965685309066504E-004 -1.865044640826914E-003
399 7.064986349533681E-004 -1.322188470368463E-003
400 -1.525523482522348E-004 2.854966028569083E-004
401 -1.395265595470488E-005 2.611195052451365E-005
402 8.681671076814599E-004 -1.624745684128628E-003
403 9.449991652810701E-005 -1.768534372120886E-004
404 -8.326860219345125E-004 1.558343964701759E-003
405 -5.184660465251566E-005 9.702917818459450E-005
406 1.580012055482134E-003 -2.956939476762078E-003
407 4.433071499112448E-004 -8.296345351773226E-004
408 -2.155485686556693E-003 4.033919221650549E-003
409 -1.761698470188961E-005 3.296963005556442E-005
410 4.532512858055614E-005 -8.482444904114647E-005
411 -6.121379209956073E-004 1.145595601981911E-003
412 1.358036300658170E-003 -2.541519387535081E-003
413 4.771033258011069E-004 -8.928828702870348E-004
414 4.864271452203314E-005 -9.103322738450631E-005
415 2.249897542905482E-003 -4.210607850981224E-003
416 -2.571239793779937E-005 4.811990125969027E-005
417 -3.742881902422270E-005 7.004677568514401E-005
418 3.547687783588198E-004 -6.639378582758635E-004
419 -2.773713192098597E-004 5.190911342596128E-004
420 5.311470483116898E-005 -9.940240104624414E-005
421 5.674205452967080E-004 -1.061908524707246E-003
422 -1.542223483756048E-005 2.886218724744368E-005
423 -9.149213522387751E-004 1.712244695582189E-003
424 -4.045487113543581E-005 7.570989250385694E-005
425 4.972074801825362E-005 -9.305069075193246E-005
426 2.160904752860942E-003 -4.044060810414337E-003
427 -4.961825217166250E-004 9.285889429507216E-004
428 1.308242335959298E-005 -2.448333565243280E-005
429 -2.205714581458538E-005 4.127922285506568E-005
430 3.810933285585243E-004 -7.132033810025393E-004
431 -6.721295599369062E-004 1.257867904855454E-003
432 1.268273392696186E-004 -2.373530984660703E-004
433 -3.746520506001476E-005 7.011489184207755E-005
434 -5.758820078385433E-005 1.077743881526051E-004
435 1.194467976204732E-003 -2.235406784990361E-003
436 -2.818296386408584E-005 5.274349618808433E-005
437 -1.411276985327770E-004 2.641157330412099E-004
438 1.798397275672727E-003 -3.365640267508630E-003
439 -2.815456317881572E-005 5.269035451006411E-005
440 -2.268182648806282E-003 4.244827787842910E-003
441 -1.888199164239013E-004 3.533701150160547E-004
442 1.160351295620286E-003 -2.171558547304768E-003
443 -5.816411569552375E-005 1.088521906991115E-004
444 1.032970769384643E-003 -1.933170127290388E-003
445 -7.529793315493973E-004 1.409175605269517E-003
446 3.523577587667743E-005 -6.594259465521702E-005
447 3.512374165037369E-005 -6.573291141407891E-005
448 4.005517912225522E-004 -7.496192265856285E-004
449 -4.139006884283069E-004 7.746012682351329E-004
450 -5.806100494907189E-005 1.086592184993935E-004
451 3.355104906229195E-004 -6.278966208375894E-004
452 -2.171604185269781E-005 4.064082837646296E-005
453 -4.037187737624267E-005 7.555461777896637E-005
454 -3.570767231748282E-004 6.682570984672219E-004
455 1.929887013621325E-005 -3.611720523530377E-005
456 -2.252425887195420E-004 4.215339297832773E-004
457 6.516145769372799E-004 -1.219474940410056E-003
458 4.384580807866468E-005 -8.205594647345668E-005
459 1.004631423782712E-004 -1.880133902592154E-004
460 -2.700738140946764E-003 5.054340883814814E-003
461 -1.249251142299360E-004 2.337931889787032E-004
462 -3.995810423094946E-004 7.478025703389961E-004
463 -8.601597318811085E-005 1.609760118589679E-004
464 -7.477363552838829E-004 1.399363609036638E-003
465 1.624201683658145E-003 -3.039639027255665E-003
466 1.004132618645498E-004 -1.879200296815608E-004
467 3.586389046971379E-005 -6.711812420611706E-005
468 -2.073052842925283E-003 3.879648897898184E-003
469 1.360363196257424E-005 -2.545866783541429E-005
470 -1.117310129111162E-004 2.091008029952618E-004
471 -2.712053214482097E-006 5.075498866322276E-006
472 1.276156405131597E-005 -2.388284127887403E-005
473 1.617844134572959E-004 -3.027741476919511E-004
474 -4.557792303702325E-005 8.529759217447827E-005
475 -5.416839800839365E-004 1.013743414473697E-003
476 -9.040239021175963E-006 1.691850277088432E-005
477 6.524543318717712E-004 -1.221046418937015E-003
478 1.022890220348265E-004 -1.914304607349572E-004
479 7.204336692452418E-004 -1.348267471116854E-003
480 3.888488647097462E-006 -7.277222533002529E-006
481 4.099772927106950E-006 -7.672586473845950E-006
482 -4.441006279639331E-005 8.311194360492891E-005
483 1.071399505464060E-003 -2.005088291229321E-003
484 -1.595046540138615E-003 2.985076143594770E-003
485 6.247773805859927E-004 -1.169249924527193E-003
486 -1.697763839775939E-004 3.177308128074927E-004
487 8.736649231166872E-005 -1.635034233868073E-004
488 -2.308193577114655E-004 4.319707053544002E-004
489 2.439085651772459E-003 -4.564667030710597E-003
490 -2.385953907082454E-004 4.465231955230882E-004
491 -1.129577228056878E-003 2.113965912969999E-003
492 6.423624146529196E-005 -1.202160715295400E-004
493 1.139423769126807E-003 -2.132393351338629E-003
494 -1.164584842879247E-003 2.179481441089322E-003
495 9.640340925703859E-006 -1.804158521052938E-005
496 -6.698032561649880E-005 1.253514179208078E-004
497 1.972178031416471E-003 -3.690865111926202E-003
498 6.425227794923945E-004 -1.202459829432099E-003
499 -7.770992781218516E-005 1.454315021776826E-004
500 -1.896762611478594E-005 3.549724996561714E-005
501 -9.807651533798025E-004 1.835469074371353E-003
502 1.684215646712519E-003 -3.151953131156016E-003
503 -3.638460386139845E-004 6.809258790382041E-004
504 -8.216391145273348E-004 1.537670061220472E-003
505 -5.349436776433825E-005 1.001129415536810E-004
506 -1.181947081506090E-004 2.211974161996168E-004
507 -3.689879035495014E-004 6.905484561380717E-004
508 7.861459168891106E-004 -1.471245752942652E-003
509 -7.836445563936269E-005 1.466563471131798E-004
510 2.299994909932809E-005 -4.304319002340636E-005
511 3.343323688405719E-004 -6.256918074308281E-004
512 -1.001982719307058E-004 1.875177647280352E-004
513 -3.872979113539901E-005 7.248157551972488E-005
514 -1.086184226478763E-006 2.032761212027554E-006
515 1.685132629299628E-003 -3.153669310912389E-003
516 3.054545458055493E-003 -5.716479567410725E-003
517 -2.927449643016107E-005 5.478622573796615E-005
518 -1.700584679724026E-007 3.182398737778307E-007
519 1.246682063962389E-003 -2.333123640188290E-003
520 -1.550422837092625E-005 2.901565264036452E-005
521 1.890581242837767E-004 -3.538158162219708E-004
522 -8.844840032163617E-004 1.655282137068720E-003
523 -2.887710243191953E-004 5.404252882073153E-004
524 2.031451912858387E-003 -3.801794140418804E-003
525 1.337646585896105E-003 -2.503360696662727E-003
526 -3.407229406870857E-004 6.376515729967463E-004
527 1.524794351455195E-003 -2.853601515261216E-003
528 -2.018267231592738E-003 3.777119458221121E-003
529 -2.617061743757098E-003 4.897743305670607E-003
530 1.074991972312590E-004 -2.011811498310961E-004
531 1.212608850841815E-006 -2.269372481688716E-006
532 1.055574340604693E-003 -1.975472004677175E-003
533 1.228920462299300E-005 -2.299884446791397E-005
534 2.935695450056323E-005 -5.494054537130643E-005
535 -9.929025608450860E-004 1.858183845550160E-003
536 1.292553384757510E-004 -2.418970545455158E-004
537 -1.302164366207168E-005 2.436955166280700E-005
538 -7.619016587908785E-005 1.425873721431602E-004
539 8.657064988817232E-006 -1.620138395716612E-005
540 5.388557492020857E-005 -1.008450505794586E-004
541 5.383635441485815E-005 -1.007529198416540E-004
542 6.133624786081318E-006 -1.147891210719401E-005
543 -1.068837852921559E-003 2.000294195580439E-003
544 -4.791932239907787E-005 8.967942771991788E-005
545 3.934455757603565E-006 -7.363166226596693E-006
546 2.856248389457236E-004 -5.345373307082125E-004
547 5.933247233081047E-006 -1.110389614065585E-005
548 -5.976925432023046E-004 1.118561533861819E-003
549 -1.091775952364009E-003 2.043222075888926E-003
550 -4.508095007381591E-005 8.436746529623965E-005
551 2.216181415272326E-004 -4.147510466010314E-004
552 2.449295279879952E-003 -4.583774004472154E-003
553 1.560234616726229E-004 -2.919926682088547E-004
554 -1.169590296167650E-003 2.188849003730921E-003
555 3.427193239850754E-005 -6.413880354316084E-005
556 2.841657727667731E-005 -5.318067249681461E-005
557 -6.632653635107100E-006 1.241277309588059E-005
558 1.068839381930801E-003 -2.000297246265558E-003
559 -9.699945659079199E-004 1.815312321895273E-003
560 -5.058346441686750E-004 9.466526150855857E-004
561 -4.256783452101081E-004 7.966427582073932E-004
562 1.665571773155293E-004 -3.117066065507688E-004
563 -2.227708939734124E-003 4.169082545521269E-003
564 -3.204361461193562E-005 5.996860091476096E-005
565 -1.412080449451098E-003 2.642661216812469E-003
566 -1.333571248166935E-004 2.495734498180324E-004
567 2.809225104944941E-004 -5.257370587776483E-004
568 -5.068540210526241E-004 9.485602886906385E-004
569 1.420996936105110E-004 -2.659347315723037E-004
570 -9.262029000510794E-004 1.733357686078594E-003
571 -2.756103334031818E-004 5.157955219595123E-004
572 6.041569004901539E-004 -1.130659365847074E-003
573 3.688265213719863E-005 -6.902460250387807E-005
574 9.720759989304789E-004 -1.819207573440254E-003
575 -8.179163263707324E-005 1.530702975338204E-004
576 -1.019198624090327E-003 1.907396047080779E-003
577 -2.359551599425373E-003 4.415821755122751E-003
578 1.745982074651910E-003 -3.267546964271572E-003
579 7.520299973463207E-004 -1.407398928852033E-003
580 4.660309145069033E-005 -8.721609467225924E-005
581 8.994392707008890E-004 -1.683270413409776E-003
582 4.768843141500583E-005 -8.924729274505569E-005
583 1.791233048327982E-003 -3.352232657820334E-003
584 1.432082296055059E-004 -2.680093388825603E-004
585 1.635674473921790E-003 -3.061109944349940E-003
586 -1.385013846488553E-005 2.592008219845053E-005
587 -5.048494270626169E-005 9.448089805214322E-005
588 -2.455564823089794E-004 4.595507225380595E-004
589 -7.115034926951588E-004 1.331554911112347E-003
590 2.160568302263813E-005 -4.043427456389590E-005
591 -1.419897739576079E-004 2.657290688736719E-004
592 -1.200478757092033E-005 2.246655327201576E-005
593 2.234637279930259E-005 -4.182048931346608E-005
594 -2.651948006366533E-005 4.963032681632399E-005
595 5.762968175542102E-004 -1.078520184482309E-003
596 -8.389451686544365E-005 1.570057966628461E-004
597 7.105497909988334E-004 -1.329770140523437E-003
598 7.304235421057025E-005 -1.366962603262448E-004
599 -1.547456453294278E-004 2.896012813541953E-004
600 -1.573363359537610E-003 2.944496774491381E-003
601 8.918508728550807E-005 -1.669069056512542E-004
602 -2.323752351191580E-006 4.348901646648986E-006
603 1.935261793823554E-004 -3.621777674696464E-004
604 1.431933715825347E-005 -2.679816109296184E-005
605 1.694253815544079E-004 -3.170739071591091E-004
606 -1.659473547134283E-005 3.105649033176245E-005
607 -6.358184778597726E-006 1.189912822451999E-005
608 -1.960293342750520E-004 3.668623328250873E-004
609 4.885848974486185E-004 -9.143702548995066E-004
610 -4.566572879652206E-004 8.546188196440032E-004
611 -6.586228892448481E-006 1.232591437933087E-005
612 -1.787481659179418E-006 3.345109824250735E-006
613 3.260015088302122E-005 -6.101008890328132E-005
614 -2.258215645959359E-004 4.226174810713135E-004
615 -8.284565211844868E-007 1.550450468310479E-006
616 1.846673687338766E-004 -3.455987954325584E-004
617 1.863499240164827E-004 -3.487476315150577E-004
618 9.915807399530038E-005 -1.855709999418126E-004
619 4.321755771308654E-005 -8.088021954385045E-005
620 3.125329606730293E-005 -5.848950494338128E-005
621 5.566981880241315E-005 -1.041841792474921E-004
622 8.423215434875575E-004 -1.576376535321646E-003
623 1.169778989196320E-004 -2.189202186127466E-004
624 -2.686712168913906E-005 5.028096137944590E-005
625 5.141359365017671E-004 -9.621882546835130E-004
626 -3.893719442498161E-006 7.286992499019564E-006
627 -2.797993376958115E-004 5.236351956640862E-004
628 -2.784467398627033E-004 5.211036761633688E-004
629 -3.395593384327100E-006 6.354782458710116E-006
630 4.223364791753919E-006 -7.903905925653833E-006
631 -1.512952442067057E-004 2.831440127152879E-004
632 -1.327191601739820E-004 2.483795005132201E-004
633 -5.517616879084984E-006 1.032604377933326E-005
634 -1.479563296200968E-005 2.768952702929637E-005
635 -1.041568480251782E-003 1.949260541129961E-003
636 6.257628972957270E-004 -1.171094303066633E-003
637 1.738757692517371E-008 -3.248739297419944E-008
638 -4.939128480535359E-004 9.243413137913342E-004
639 -1.384037931370508E-006 2.590215120369574E-006
640 5.855932877533811E-005 -1.095918259155427E-004
641 6.306655974632311E-006 -1.180268191264641E-005
642 5.307058891499370E-004 -9.931982691525512E-004
643 -9.259662424706909E-006 1.732914681438842E-005
644 5.345633743990912E-005 -1.000417243425348E-004
645 -1.267511320207872E-005 2.372099674010153E-005
646 1.660948825748921E-003 -3.108410161820851E-003
647 -1.741888620010618E-005 3.259899331472697E-005
648 1.195847589113691E-006 -2.238031195154897E-006
649 2.501923695075589E-004 -4.682266937711355E-004
650 -8.798855553841631E-004 1.646676572732924E-003
651 1.833457928054305E-006 -3.431227991111498E-006
652 -7.833246353045561E-004 1.465965789141720E-003
653 -1.252427729734240E-009 2.334582437939271E-009
654 -1.349624342260066E-006 2.526016573212033E-006
655 7.797688082567222E-005 -1.459311436721731E-004
656 1.285111397062808E-003 -2.405042914906761E-003
657 9.309214743720124E-006 -1.742222017395246E-005
658 -1.232365126808840E-006 2.306405378675150E-006
659 7.429149257775278E-004 -1.390340263164769E-003
660 1.494183205092805E-004 -2.796314474660354E-004
661 -1.281486434646051E-004 2.398258915028290E-004
662 4.713301460994272E-006 -8.820772504530623E-006
663 4.635097222673096E-006 -8.674320637240851E-006
664 3.390652028145266E-004 -6.345491381856345E-004
665 -3.249947920780132E-006 6.082166502489371E-006
666 5.331808262276091E-005 -9.978299632943564E-005
667 8.215804247608903E-004 -1.537560084473379E-003
668 -4.206976834051722E-005 7.873214623306031E-005
669 -6.485831066486641E-007 1.213826336290638E-006
670 1.444216708498504E-004 -2.702802454398731E-004
671 1.903090645763454E-005 -3.561576617178323E-005
672 -1.856201321776168E-005 3.473809772838114E-005
673 1.120436718365282E-006 -2.096768233426154E-006
674 -5.075731317534879E-004 9.499062236406797E-004
675 -7.091561325979834E-004 1.327161961861358E-003
676 -3.548769679303842E-005 6.641395511162078E-005
677 3.296639023198153E-004 -6.169550251784138E-004
678 3.788952116021359E-006 -7.090888071305569E-006
679 2.452269098396985E-005 -4.589344391000316E-005
680 3.858929593242246E-004 -7.221857019473069E-004
681 -1.400358745190124E-006 2.620722659156848E-006
682 -1.820417738003982E-007 3.406655256437839E-007
683 -7.733648681426889E-005 1.447326359232138E-004
684 7.998466521544724E-007 -1.496881198434446E-006
685 -1.458478190382544E-004 2.729493803782892E-004
686 -3.110758467210413E-005 5.821679107095949E-005
687 -4.389174389906806E-004 8.214192048119352E-004
688 7.760979355166742E-006 -1.452441939761954E-005
689 3.195973373094480E-005 -5.981157093196692E-005
690 -3.832073613023154E-004 7.171597479923822E-004
691 2.661669782789838E-006 -4.981335912843962E-006
692 -5.387554016988002E-006 1.008269794319177E-005
693 -2.074835044519883E-004 3.882984221502207E-004
694 1.045348696025429E-004 -1.956334145764443E-004
695 4.656933931246254E-006 -8.715337927456748E-006
696 1.835069821400824E-005 -3.434274748711611E-005
697 -1.223506401447900E-004 2.289750116557047E-004
698 2.306278221801711E-004 -4.316122848111624E-004
699 4.040638384533306E-004 -7.561919089318032E-004
700 3.955656314479626E-005 -7.402874972929032E-005
701 5.203029385012830E-004 -9.737295187276351E-004
702 7.734142705106242E-006 -1.447422161215584E-005
703 5.840419755213389E-005 -1.093015131417215E-004
704 -2.022424117617046E-005 3.784900051205852E-005
705 5.073917926368599E-006 -9.495716302226663E-006
706 7.818748762449992E-005 -1.463252600249278E-004
707 2.884224041133100E-005 -5.397731368088524E-005
708 -2.563277862186309E-004 4.797088400554449E-004
709 -6.665699419800073E-006 1.247465319838772E-005
710 -2.387079900256868E-006 4.467314482110883E-006
711 -4.180963795912753E-004 7.824533412703408E-004
712 7.739222890097769E-004 -1.448369613520458E-003
713 1.948242433904837E-006 -3.645907114581344E-006
714 -1.339831160175198E-005 2.507446296993587E-005
715 -4.348439407453305E-004 8.137959109997259E-004
716 1.930749580626482E-004 -3.613333044822501E-004
717 1.095346415650112E-005 -2.049902419865525E-005
718 4.140152438147489E-004 -7.748155414350165E-004
719 3.004293527136318E-006 -5.622467806261103E-006
720 1.580458040867969E-003 -2.957774301107986E-003
721 8.574092531191749E-004 -1.604612459047199E-003
722 -4.116633861874436E-005 7.704136952280379E-005
723 -9.397711314362438E-005 1.758750515407729E-004
724 1.019379174922585E-006 -1.907750925051860E-006
725 2.390954328560974E-004 -4.474594360273300E-004
726 8.527529193014807E-006 -1.595913226443562E-005
727 8.976242991989326E-005 -1.679872602488615E-004
728 -1.782080865817123E-006 3.335135499009595E-006
729 4.977307805144648E-005 -9.314854921369187E-005
730 -1.279547565435828E-006 2.394615171777383E-006
731 1.025474805347824E-004 -1.919139893742211E-004
732 1.260799674563463E-005 -2.359550811310345E-005
733 3.368788774642356E-004 -6.304575716931907E-004
734 1.905021347553607E-004 -3.565181173164933E-004
735 4.468749263864129E-006 -8.363005181688445E-006
736 4.763101902679498E-004 -8.913981103955108E-004
737 -3.768258559031807E-006 7.052250428146488E-006
738 5.304411981324027E-006 -9.926987167164572E-006
739 1.397682058003999E-005 -2.615722602321399E-005
740 -8.927844548834324E-004 1.670816049057781E-003
741 -1.254569022834956E-004 2.347883603351380E-004
742 7.384260664510869E-006 -1.381932364051604E-005
743 2.539398147355846E-004 -4.752397419882732E-004
744 7.555669369575348E-006 -1.414019249044777E-005
745 -2.581580517710145E-004 4.831341487077813E-004
746 -1.688275852626159E-005 3.159554368063460E-005
747 8.082844713506950E-005 -1.512677938785056E-004
748 -9.846271469947584E-006 1.842725342675795E-005
749 1.613346068981660E-006 -3.019105692271866E-006
750 2.630230638810343E-006 -4.922603438157078E-006
751 -5.165560324414130E-004 9.667170275427171E-004
752 -7.691768466750855E-006 1.439488236006052E-005
753 1.386025222877488E-003 -2.593899735350330E-003
754 -9.676503276819005E-006 1.810913605996550E-005
755 -6.346174953687081E-006 1.187641374161502E-005
756 -5.805798747892915E-004 1.086535349611214E-003
757 -2.413294087237731E-003 4.516398655488602E-003
758 -3.680552899749256E-005 6.888033536269808E-005
759 6.582038788813014E-006 -1.231809329224583E-005
760 9.764794688339057E-004 -1.827448288778475E-003
761 7.784718113418164E-004 -1.456884086313286E-003
762 7.726861392283800E-004 -1.446056438490566E-003
763 -6.927424200593649E-005 1.296444726778108E-004
764 -2.168017585488382E-005 4.057354122732557E-005
765 1.857235826149305E-004 -3.475754882597639E-004
766 4.000484826555628E-007 -7.488427308209493E-007
767 -5.368898873903832E-004 1.004771450984300E-003
768 -1.294252149121850E-003 2.422148909363230E-003
769 1.074635014670033E-005 -2.011122355776158E-005
770 4.508416115686514E-004 -8.437348472680451E-004
771 -3.735330318986124E-005 6.990543751794432E-005
772 -6.794827099038519E-004 1.271628984125522E-003
773 -1.554018269741801E-005 2.908282526467597E-005
774 9.584600713357254E-004 -1.793725885998545E-003
775 1.926570531312776E-005 -3.605514139134493E-005
776 -1.463800568402611E-004 2.739453200677622E-004
777 2.616447639542838E-004 -4.896591732662957E-004
778 3.773699101789326E-004 -7.062350553468089E-004
779 1.500172802877283E-006 -2.807499328445703E-006
780 -4.994239944231736E-004 9.346550503180406E-004
781 7.452393973346098E-004 -1.394690389025715E-003
782 -1.550665930542203E-004 2.902021327362667E-004
783 -1.019119280765328E-005 1.907242012979457E-005
784 -1.062873990610697E-004 1.989131105763580E-004
785 5.816213759247047E-005 -1.088484528986978E-004
786 -1.290602528784571E-003 2.415319076522238E-003
787 -1.627091168162227E-005 3.045058471670994E-005
788 -8.276384982331463E-004 1.548897979224451E-003
789 -3.392201752668822E-005 6.348388443844701E-005
790 7.708103595651237E-004 -1.442545678890499E-003
791 6.647838143433285E-005 -1.244121532502182E-004
792 -1.335129352034166E-003 2.498649733100340E-003
793 -2.747678046771930E-005 5.142185334618781E-005
794 5.721418538485333E-005 -1.070744962656935E-004
795 -2.858551117185374E-006 5.349682738901732E-006
796 2.500017574988264E-004 -4.678699509738600E-004
797 4.644875778796082E-004 -8.692729411880580E-004
798 1.520530768417626E-006 -2.845696333798657E-006
799 -3.290601256482075E-004 6.158248695698851E-004
800 7.492344483849006E-007 -1.402135918871318E-006
801 -1.136766135429613E-003 2.127419539787667E-003
802 1.750042480823404E-004 -3.275145982216903E-004
803 -4.664030288428467E-004 8.728574832592618E-004
804 -8.418490098561160E-006 1.575461639570578E-005
805 -1.586874055907202E-003 2.969781828264061E-003
806 4.065277979670568E-006 -7.608415134711089E-006
807 -1.014419001325430E-005 1.898455271558401E-005
808 -1.124290555510861E-003 2.104072243819715E-003
809 -3.733311327048756E-005 6.986772171080898E-005
810 -3.129603509189332E-003 5.856947514707654E-003
811 1.958333900578881E-006 -3.664888998522831E-006
812 1.120212711286994E-003 -2.096440515019788E-003
813 5.377209641265518E-005 -1.006329231906576E-004
814 3.089540782957748E-004 -5.781970731945591E-004
815 9.562772739173237E-006 -1.789617371176017E-005
816 -9.440690608111033E-004 1.766793498487659E-003
817 -3.182564826756585E-004 5.956062508672570E-004
818 -3.062294193878777E-004 5.730987014179870E-004
819 1.513403615759763E-005 -2.832260255368849E-005
820 1.035243170914285E-003 -1.937422793504735E-003
821 4.648961583805208E-005 -8.700356998846892E-005
822 3.684702634749682E-004 -6.895797324394108E-004
823 1.067226127536714E-003 -1.997278153531007E-003
824 1.613536160750443E-004 -3.019678913043560E-004
825 -2.398596583756853E-005 4.488875776518862E-005
826 -2.732420640163705E-004 5.113633401154602E-004
827 3.450189880254897E-006 -6.456654771081519E-006
828 4.841088093189180E-004 -9.059936745000746E-004
829 -2.258617472989346E-006 4.227089848744979E-006
830 7.710920085432061E-006 -1.443078853351993E-005
831 9.657528238947901E-006 -1.807380567671713E-005
832 1.988707769587334E-003 -3.721799572015761E-003
833 1.250425030298672E-005 -2.340107075182255E-005
834 3.802717614652376E-004 -7.116660399338982E-004
835 1.049398869709270E-003 -1.963914462716874E-003
836 1.038375495955602E-006 -1.943732105359208E-006
837 -5.842185421472537E-004 1.093345131289775E-003
838 -2.534174008770596E-005 4.742606991847921E-005
839 8.185931496772891E-004 -1.531969569850602E-003
840 3.290965304125811E-005 -6.158930846537670E-005
841 -4.627327739680036E-005 8.659885970755025E-005
842 -2.228874081135654E-004 4.171261812907361E-004
843 -6.663081028219234E-006 1.246957030682501E-005
844 1.395846653966433E-006 -2.612491627386779E-006
845 -9.024122714967018E-004 1.688834372315909E-003
846 1.371276040149928E-003 -2.566297123955076E-003
847 1.512501168988467E-004 -2.830594925831192E-004
848 1.861579583176816E-006 -3.483883617986831E-006
849 -1.238570272841986E-004 2.317941816062835E-004
850 9.668911698246343E-006 -1.809487208301286E-005
851 1.588522368074607E-004 -2.972866230036458E-004
852 3.739705996551382E-004 -6.998736372512164E-004
853 -4.676465146302102E-006 8.751881601505385E-006
854 3.240353013027222E-004 -6.064212606193464E-004
855 -1.340123569027209E-005 2.508005425122288E-005
856 2.680781673130558E-004 -5.016994203226007E-004
857 8.838735199537296E-005 -1.654139897803824E-004
858 -1.691326812086808E-003 3.165261151775632E-003
859 1.085373411246891E-003 -2.031239899434601E-003
860 4.173996390581020E-005 -7.811485148338794E-005
861 -1.104267419211657E-005 2.066592744418796E-005
862 -8.823042188863455E-004 1.651202584307438E-003
863 -7.553799908491330E-005 1.413668169572035E-004
864 -1.325962435402834E-004 2.481493999082513E-004
865 -2.387877460170831E-005 4.468827731638833E-005
866 2.373532336075775E-004 -4.441988763705844E-004
867 6.073190089769250E-006 -1.136578500660826E-005
868 3.103902381670839E-004 -5.808847801021012E-004
869 3.038152811768524E-004 -5.685801132957924E-004
870 1.857860151729917E-006 -3.477029666103505E-006
871 2.179671917377453E-006 -4.079140525714483E-006
872 -7.263863853805707E-006 1.359363897574367E-005
873 -7.312359566077776E-006 1.368499308027745E-005
874 -1.010274253784037E-004 1.890692982177247E-004
875 -1.015755167148888E-005 1.900985409368272E-005
876 -4.293128175243282E-004 8.034445637729876E-004
877 4.442345757934093E-005 -8.313727857030516E-005
878 -1.205632746051831E-003 2.256301536423643E-003
879 1.400602505388993E-003 -2.621180399455727E-003
880 3.203581618247345E-005 -5.995420668278668E-005
881 -1.017653570150900E-003 1.904504446119148E-003
882 -2.099582975401511E-005 3.929317110683887E-005
883 2.839216560079059E-004 -5.313496981031847E-004
884 -1.556057371200659E-007 2.912992111246645E-007
885 -1.074403614794384E-005 2.010686571614878E-005
886 -1.877072724477696E-004 3.512878558215011E-004
887 1.199679772322066E-005 -2.245161055376743E-005
888 2.995004821896615E-006 -5.605049988895500E-006
889 2.741937489115933E-004 -5.131445407147724E-004
890 -3.715090896650313E-004 6.952668395262413E-004
891 3.190216602173757E-005 -5.970384909590502E-005
892 -5.109416214856343E-006 9.562301777927396E-006
893 -5.444237809956806E-004 1.018870760201251E-003
894 3.600976143889751E-004 -6.739108866862572E-004
895 -2.044545756081375E-005 3.826318401960410E-005
896 -2.793181332216106E-005 5.227363870243193E-005
897 4.133594998716211E-004 -7.735884711372581E-004
898 -8.959905464958038E-004 1.676815998394294E-003
899 -1.485133726623290E-006 2.779192618125359E-006
900 -7.082324497463787E-004 1.325433296037538E-003
901 -2.588814662355214E-006 4.844684837948688E-006
902 1.229898823641823E-005 -2.301703297450600E-005
903 2.207363713782339E-005 -4.131011208333190E-005
904 -6.654909875799842E-006 1.245426865879669E-005
905 1.004501972426665E-004 -1.879894491130131E-004
906 -3.630106527308441E-006 6.793743433500184E-006
907 1.334778057755298E-005 -2.497996008350447E-005
908 2.071978851077354E-004 -3.877639715501647E-004
909 6.457393944447826E-005 -1.208478989703567E-004
910 -3.855882403828072E-005 7.216157935375205E-005
911 -8.959691344705965E-005 1.676775418863112E-004
912 3.220403338432763E-005 -6.026880016491927E-005
913 1.157248672287995E-004 -2.165749350659874E-004
914 -4.263391072637264E-007 7.978392049602991E-007
915 2.764844451416557E-004 -5.174314758805668E-004
916 2.085936293355565E-004 -3.903756799142904E-004
917 -2.531035384386956E-005 4.736753539456209E-005
918 1.660244082657674E-005 -3.107111423164837E-005
919 6.004743736372800E-006 -1.123763834800647E-005
920 -1.292496242859210E-004 2.418863489262940E-004
921 -1.520064440056601E-006 2.844786679883286E-006
922 1.873565023864662E-006 -3.506293097233231E-006
923 -4.015627481548390E-005 7.515106048881029E-005
924 -6.307907231754620E-004 1.180504236439512E-003
925 -1.479414668744418E-004 2.768679344148233E-004
926 1.217925279723414E-005 -2.279336511732329E-005
927 1.030209022531272E-004 -1.928000630290421E-004
928 -1.102922712387772E-007 2.062088439971670E-007
929 6.592999052516726E-004 -1.233857764103409E-003
930 -6.349982361454892E-004 1.188377759348784E-003
931 -2.676373083543517E-005 5.008701006519730E-005
932 6.728302749847197E-006 -1.259187711766179E-005
933 1.200325872263501E-004 -2.246369368456769E-004
934 -7.620742023216887E-006 1.426185877652961E-005
935 -4.775076665226888E-004 8.936395145894848E-004
936 2.200592868598235E-006 -4.118363031134070E-006
937 -1.086816556765509E-005 2.033951942399807E-005
938 4.661854946107141E-006 -8.724407875168024E-006
939 -5.733656184671952E-006 1.073040030423755E-005
940 -6.587903304023489E-005 1.232903412815431E-004
941 -4.886532348737103E-006 9.144992440061730E-006
942 1.644370427111202E-004 -3.077381619131187E-004
943 -6.812695863705124E-006 1.274975572485726E-005
944 -4.031023512062655E-004 7.543920480210387E-004
945 3.019895003780932E-006 -5.651862751415748E-006
946 -2.021531395557055E-004 3.783231053226635E-004
947 5.653334902838371E-005 -1.058003739790597E-004
948 8.827449901679614E-006 -1.652033782570575E-005
949 -6.816728533286203E-006 1.275706523897187E-005
950 4.093970210958173E-005 -7.661771270129569E-005
951 -6.149754366343099E-005 1.150910906421298E-004
952 1.375998116308951E-005 -2.575134114924795E-005
953 -4.847101372093727E-004 9.071188007014144E-004
954 5.168735457675538E-005 -9.673157179011834E-005
955 -2.714105908640129E-004 5.079357900657359E-004
956 5.690316792717249E-005 -1.064921418933915E-004
957 2.672843704585750E-004 -5.002140130189944E-004
958 -8.248662656207882E-006 1.543728628634543E-005
959 -3.918188410397610E-004 7.332760973996231E-004
960 -7.196309122016896E-006 1.346778387289118E-005
961 -2.808517890153780E-004 5.256049814301244E-004
962 -1.560921504979636E-005 2.921211952662581E-005
963 1.799366289356347E-004 -3.367453948766629E-004
964 4.548912467447568E-005 -8.513171810685630E-005
965 -2.482994893301096E-004 4.646843559990356E-004
966 1.038031710428693E-005 -1.942652734169525E-005
967 2.627241546323393E-004 -4.916795736076853E-004
968 8.511079775900126E-006 -1.592806091857484E-005
969 1.290134109111597E-004 -2.414442867423850E-004
970 1.550216800879921E-005 -2.901176357851209E-005
971 9.622129155788948E-005 -1.800748936233269E-004
972 9.527334167857440E-005 -1.783009094482372E-004
973 -1.775233424355176E-005 3.322306512147286E-005
974 1.258197661113640E-005 -2.354662389156063E-005
975 1.361640091531078E-005 -2.548248900163159E-005
976 1.646208480833434E-005 -3.080801224737515E-005
977 -6.261868156502106E-006 1.171867140609886E-005
978 -5.781191784607342E-004 1.081930300361783E-003
979 -3.382195173384029E-005 6.329648289086689E-005
980 2.473859287375981E-004 -4.629744347139449E-004
981 -1.189384407449014E-004 2.225893242402394E-004
982 2.683693662864679E-004 -5.022443004588307E-004
983 2.201377160387590E-005 -4.119807303634065E-005
984 -1.731747983631341E-005 3.240925913199098E-005
985 -5.297036568126772E-004 9.913223338498505E-004
986 -3.820449306849664E-006 7.149897955444870E-006
987 -1.789904957858436E-004 3.349745412831899E-004
988 1.124774707018205E-005 -2.104983304640429E-005
989 -3.049776162776906E-004 5.707556198046759E-004
990 3.459087523560974E-005 -6.473531326401253E-005
991 -2.850444483585159E-004 5.334511682535796E-004
992 9.132755893292832E-006 -1.709170586843295E-005
993 2.810860353987759E-004 -5.260427943643660E-004
994 2.090498345572677E-004 -3.912301622897529E-004
995 3.107593275473588E-006 -5.816077423026682E-006
996 1.703067484485610E-006 -3.187340657742006E-006
997 7.940320975784627E-006 -1.486021161528245E-005
998 1.226113961924036E-004 -2.294630171105479E-004
999 -2.478124429660096E-004 4.637731326228939E-004
1000 4.540213610168626E-004 -8.496860095061312E-004
1001 -1.179043110071179E-004 2.206540733402246E-004
1002 1.568825951460784E-004 -2.936007354387224E-004
1003 2.249741264833987E-004 -4.210320370444119E-004
1004 -4.335558295436322E-006 8.113909542591550E-006
1005 -5.941840720117333E-007 1.111940494276875E-006
1006 -2.222409410955492E-004 4.159165393405722E-004
1007 -8.870991623027925E-004 1.660176225770261E-003
1008 2.722305544838910E-004 -5.094703142843148E-004
1009 -2.401971017867147E-004 4.495207977713243E-004
1010 -2.678865523134463E-004 5.013404902413995E-004
1011 -3.216344767962025E-006 6.019411649963027E-006
1012 -5.950586015731100E-007 1.113800840549047E-006
1013 2.515182741276080E-005 -4.707077663894124E-005
1014 -9.757388007598520E-006 1.826055881093926E-005
1015 -1.729310188419364E-004 3.236345879265777E-004
1016 9.012491777159493E-006 -1.686654074200798E-005
1017 6.371784455632702E-006 -1.192454278866109E-005
1018 2.998489806727536E-006 -5.611809961750955E-006
1019 -4.844816584042586E-005 9.066914081844096E-005
1020 -1.003552438144892E-003 1.878115151640048E-003
1021 2.479424075148003E-004 -4.640160752913345E-004
1022 1.204451520668997E-005 -2.254102407059565E-005
1023 5.767658702605480E-006 -1.079385762374654E-005
1024 -6.291877330024277E-004 1.177503979960453E-003
1025 5.019455496658606E-006 -9.393895608982396E-006
1026 -6.146965048448911E-005 1.150384072650130E-004
1027 1.489244275164373E-007 -2.789728517930293E-007
1028 -2.198402892543645E-004 4.114239751571133E-004
1029 2.370179088062143E-005 -4.435699397151899E-005
1030 3.585581123378283E-004 -6.710294525456996E-004
1031 1.916541020440861E-006 -3.586653514186214E-006
1032 2.372191536826988E-006 -4.439263428713031E-006
1033 1.097190829554812E-005 -2.053379702452107E-005
1034 -2.916250943834817E-006 5.457621427412263E-006
1035 -1.882231007230687E-004 3.522530224557853E-004
1036 -2.090142084389073E-004 3.911630693463751E-004
1037 3.118435615148866E-005 -5.836040231687445E-005
1038 7.885299759195164E-007 -1.475684422608546E-006
1039 5.396862924140137E-004 -1.010004437419073E-003
1040 6.821725277073078E-006 -1.276658443117651E-005
1041 -1.062600066854458E-004 1.988620029164082E-004
1042 1.096383160425812E-004 -2.051845396587756E-004
1043 -6.862319791303900E-004 1.284260126721171E-003
1044 1.710589055903140E-005 -3.201306054090440E-005
1045 -1.761965893645521E-004 3.297458629125131E-004
1046 2.876756423456007E-004 -5.383753187137463E-004
1047 1.489932362270148E-005 -2.788354662211722E-005
1048 -3.332693778547779E-007 6.238079828522048E-007
1049 1.832130187678657E-004 -3.428769598541160E-004
1050 7.307952821201054E-005 -1.367657849092430E-004
1051 8.755317263101743E-006 -1.638504339555974E-005
1052 3.806407102764555E-004 -7.123563427470294E-004
1053 -3.029624946275380E-007 5.672730557318592E-007
1054 1.068691100556942E-005 -1.999990751020526E-005
1055 -2.013470273930347E-004 3.768142105055486E-004
1056 2.421680170565076E-004 -4.532090756203671E-004
1057 2.466455643146973E-004 -4.615888910653755E-004
1058 5.289499182617537E-004 -9.899119595472956E-004
1059 2.226346536372352E-005 -4.166530229654260E-005
1060 9.088009501598635E-005 -1.700793281168030E-004
1061 -1.430135444334384E-004 2.676451499013377E-004
1062 -1.277076627816740E-004 2.390007264697024E-004
1063 4.755782174561821E-006 -8.900557779212952E-006
1064 -3.853753027732529E-004 7.212168571163992E-004
1065 -3.922375413005248E-004 7.340590527204387E-004
1066 2.359825452542310E-004 -4.416333939632750E-004
1067 3.583975262367410E-006 -6.707328335564009E-006
1068 1.153051093199561E-006 -2.157986662167186E-006
1069 -4.303299047386221E-005 8.053479441157455E-005
1070 -3.821276965192743E-004 7.151392910203457E-004
1071 6.482020434654653E-006 -1.213066750091458E-005
1072 -2.506557705496415E-004 4.690939489114435E-004
1073 -4.664114192208961E-006 8.728491052475827E-006
1074 -4.144420902521983E-006 7.755992502342069E-006
1075 -5.441038463654959E-006 1.018259493934290E-005
1076 1.051034729648807E-004 -1.966974706978974E-004
1077 4.640375587254622E-004 -8.684309525617846E-004
1078 2.444955164125012E-005 -4.575645216904855E-005
1079 4.767469592724201E-004 -8.922159159892616E-004
1080 4.182594782718920E-006 -7.827598127912770E-006
1081 -4.718090843657317E-004 8.829749898432595E-004
1082 8.925698395554909E-005 -1.670414502039736E-004
1083 -2.303931172223323E-005 4.311731977514934E-005
1084 3.555834770117898E-004 -6.654624974883258E-004
1085 8.020354519276857E-005 -1.500981644776927E-004
1086 -2.123510492045716E-007 3.971102336057308E-007
1087 -1.330627575672519E-005 2.490222445379578E-005
1088 -3.225680370598201E-005 6.036734264734179E-005
1089 4.959652631268759E-004 -9.281819808794289E-004
1090 -3.211420618629769E-004 6.010066506238587E-004
1091 1.344770392536087E-006 -2.517022414358449E-006
1092 -1.612581784376952E-006 3.017864039627336E-006
1093 1.108874079332541E-004 -2.075218711950766E-004
1094 -1.827927995331399E-006 3.421002946229455E-006
1095 2.123099443455655E-004 -3.973308933694179E-004
1096 6.305361706571052E-008 -1.178950399741961E-007
1097 -3.963364276816322E-005 7.417298940797519E-005
1098 -7.801559425334108E-005 1.460035870514854E-004
1099 1.810308367250819E-004 -3.387930769396866E-004
1100 2.533980368340802E-004 -4.742260655203534E-004
1101 -2.303677511924434E-005 4.311254047957555E-005
1102 2.598817985187527E-004 -4.863603605162604E-004
1103 -3.413900094759340E-006 6.389404358254910E-006
1104 -1.805116490547769E-004 3.378217650522627E-004
1105 4.107120812483986E-006 -7.686408687286105E-006
1106 -1.193067197114825E-004 2.232785634515828E-004
1107 1.015403870485512E-004 -1.900289941328123E-004
1108 6.036294484661901E-006 -1.129668559910330E-005
1109 -6.659071383543897E-006 1.246230438653034E-005
1110 -5.195882801926478E-005 9.723899750884127E-005
1111 1.143415131570550E-006 -2.139920241944909E-006
1112 4.026759100705249E-004 -7.535947973935808E-004
1113 -6.398595093314751E-006 1.197492863256686E-005
1114 -1.440827417920449E-005 2.696473698245149E-005
1115 2.646529499943769E-004 -4.952889482999648E-004
1116 -6.621756806723732E-007 1.239230072370058E-006
1117 4.526368111250023E-005 -8.470945954201504E-005
1118 -1.741393296306629E-005 3.258967357926499E-005
1119 -1.913356227937338E-004 3.580782524049195E-004
1120 7.794677826146196E-006 -1.458733290796197E-005
1121 2.552272636701065E-004 -4.776491377517989E-004
1122 1.474946931143807E-004 -2.760317953802187E-004
1123 -1.700229216570541E-006 3.181842885999187E-006
1124 1.019706195435183E-004 -1.908346867480406E-004
1125 8.976913831191144E-008 -1.680049436963303E-007
1126 3.645466461985770E-006 -6.822522840192064E-006
1127 9.074834711213804E-005 -1.698321518056981E-004
1128 -3.797644126946581E-006 7.107005631983352E-006
1129 -2.248725311301182E-006 4.208328837454920E-006
1130 2.132159971052084E-005 -3.990278987794727E-005
1131 -3.353397098429840E-006 6.275950529115098E-006
1132 -2.193350919854536E-004 4.104782167722254E-004
1133 5.912522876704006E-005 -1.106507679836902E-004
1134 7.596619815582610E-006 -1.421648821359210E-005
1135 -7.099662208595359E-007 1.328757396444881E-006
1136 -6.470640292226100E-005 1.210957909587633E-004
1137 -6.128794578402839E-005 1.146984117909482E-004
1138 2.141359640544897E-004 -4.007482911522951E-004
1139 -7.143867240379467E-006 1.336946063999953E-005
1140 1.318648440211204E-004 -2.467804928822311E-004
1141 -2.779826185393513E-006 5.202337218012369E-006
1142 1.197298426563020E-004 -2.240703790391663E-004
1143 5.495079075768287E-006 -1.028374443396993E-005
1144 3.454874706509855E-004 -6.465682963706393E-004
1145 2.589114577880628E-004 -4.845443919778823E-004
1146 2.882114558114793E-004 -5.393780658123290E-004
1147 6.690553209950353E-005 -1.252119386234914E-004
1148 1.319391244234023E-005 -2.469227107520311E-005
1149 -9.669533468955866E-005 1.809622440193694E-004
1150 -1.091408224708731E-005 2.042527763057218E-005
1151 2.603820331092003E-004 -4.872961602906308E-004
1152 -1.769262785865137E-005 3.311114103898515E-005
1153 5.271950514808016E-004 -9.866283743556095E-004
1154 -1.055433808831591E-004 1.975208728427227E-004
1155 -1.399996040358422E-006 2.620090079249666E-006
1156 -3.399334645109413E-004 6.361740828434222E-004
1157 1.954476536787655E-005 -3.657752743107927E-005
1158 -1.196705715741213E-004 2.239594745035877E-004
1159 -7.626297060246490E-006 1.427227177313336E-005
1160 -7.338437148262952E-005 1.373364957065393E-004
1161 -3.133528780385796E-004 5.864294018144949E-004
1162 2.361686598603287E-005 -4.419824094997079E-005
1163 -1.148741470133196E-004 2.149831918659088E-004
1164 -2.636037688853930E-005 4.933264873799519E-005
1165 -1.286944870999022E-006 2.408578408526756E-006
1166 1.409666195661354E-005 -2.638149596335488E-005
1167 4.012524877379650E-004 -7.509306870036621E-004
1168 3.758243701397036E-006 -7.033472120172043E-006
1169 -3.452329489203894E-004 6.460917638902197E-004
1170 1.282145160727228E-004 -2.399492860576478E-004
1171 -1.624998550610934E-005 3.041109164505461E-005
1172 2.349499275583618E-005 -4.397021523335360E-005
1173 1.742114081471165E-004 -3.260306433846364E-004
1174 -4.959833722226103E-004 9.282161981568502E-004
1175 1.924008229214919E-005 -3.600710991152554E-005
1176 1.381461412426263E-005 -2.585342446998646E-005
1177 1.862316058591616E-005 -3.485268326582490E-005
1178 1.252383784997162E-004 -2.343792652956405E-004
1179 2.663273809619414E-004 -4.984230014148598E-004
1180 -8.773110093616390E-006 1.641844164228819E-005
1181 -2.443237538540199E-005 4.572427382674168E-005
1182 1.390144987608952E-004 -2.601612874601522E-004
1183 -1.182579053095175E-005 2.213147038775772E-005
1184 9.144029966656643E-005 -1.711276319730391E-004
1185 4.081400941239982E-005 -7.638220645297230E-005
1186 -2.792111698538443E-004 5.225342772718737E-004
1187 1.794653050200529E-004 -3.358632866583621E-004
1188 -5.024352880339058E-005 9.402910957243337E-005
1189 -2.174055536562202E-004 4.068671834510552E-004
1190 -1.963530930361032E-005 3.674722734233501E-005
1191 2.734195642703501E-005 -5.116958925293366E-005
1192 -1.205827003923610E-004 2.256664531614844E-004
1193 2.347654828818390E-004 -4.393553959430255E-004
1194 -8.513441100937570E-006 1.593256877479476E-005
1195 6.903491808113564E-007 -1.291815074990571E-006
1196 2.471764843278146E-004 -4.625823559514041E-004
1197 2.550849464643083E-004 -4.773828826799292E-004
1198 -1.779021201824080E-005 3.329373540885230E-005
1199 -1.508110657247700E-005 2.822369446073750E-005
1200 2.057218435267878E-006 -3.850246955521008E-006
1201 5.595488236074241E-005 -1.047174519382630E-004
1202 -2.903034692330459E-005 5.432927582827285E-005
1203 -2.782818368115240E-004 5.207950278167372E-004
1204 -4.289066429641211E-007 8.029537679204166E-007
1205 -4.637668412253818E-005 8.679231050958275E-005
1206 4.553642174334490E-006 -8.522256329578751E-006
1207 -2.383658686613961E-004 4.460938421148867E-004
1208 2.514646294533447E-006 -4.706338651590939E-006
1209 -5.164122274848455E-006 9.664599622660970E-006
1210 1.943381676115929E-004 -3.636975417346242E-004
1211 -2.815189649836443E-004 5.268533007586164E-004
1212 -6.606063378522381E-006 1.236301249067516E-005
1213 1.000404600723815E-004 -1.872224650505098E-004
1214 -7.555749269099257E-005 1.414031834367230E-004
1215 1.966604079249742E-005 -3.680436173572592E-005
1216 5.563598637046750E-006 -1.041199460956504E-005
1217 7.386940327533773E-005 -1.382441958274275E-004
1218 5.434512880133435E-005 -1.017050620011682E-004
1219 2.942819116893275E-004 -5.507388049598610E-004
1220 7.119859498015768E-005 -1.332456949075572E-004
1221 -1.182006674521791E-004 2.212086709493694E-004
1222 6.081089313409143E-006 -1.138038326217081E-005
1223 -1.598297279083103E-005 2.991165558700842E-005
1224 1.744927835690043E-004 -3.265576240358007E-004
1225 1.988694751018624E-005 -3.721777805765526E-005
1226 -3.792809034316164E-005 7.098113555861146E-005
1227 -5.708468715368028E-006 1.068334762453390E-005
1228 1.741303117339871E-005 -3.258787550105783E-005
1229 -8.381370776434010E-005 1.568545557551555E-004
1230 1.855464721229727E-004 -3.472438519999056E-004
1231 4.398616031302699E-005 -8.231866106621873E-005
1232 1.077216031837910E-005 -2.015971061913375E-005
1233 -5.414803709193359E-005 1.013362441828474E-004
1234 1.282371144117219E-006 -2.399875211250485E-006
1235 4.449974130274929E-006 -8.327876972164985E-006
1236 1.214904111321611E-004 -2.273651330207994E-004
1237 3.157274628302290E-005 -5.908735116713474E-005
1238 -1.171433776314207E-005 2.192300143818665E-005
1239 -8.714888102467533E-006 1.630959502137900E-005
1240 -2.837082860479006E-005 5.309500215520611E-005
1241 2.595329663023500E-006 -4.857171359477014E-006
1242 5.997216743604141E-005 -1.122359259215517E-004
1243 8.808559760094380E-006 -1.648517062036489E-005
1244 5.140061924723682E-005 -9.619469407134992E-005
