 # The norm of the isolated state is   3456000.00604248     
 # I think there should be     3456000 i.e.    100.000000174840      %
1 -7.456178622519432E-003 1.395398899549793E-002
2 -6.405815206072866E-005 1.198825712828989E-004
3 -6.276895978371118E-003 1.174699935718735E-002
4 2.388151567570974E-006 -4.469313676029176E-006
5 1.688369890753253E-005 -3.159844054873691E-005
6 -4.284097079426364E-004 8.017537204916324E-004
7 1.215527657608197E-002 -2.274819154006492E-002
8 5.678646431144324E-005 -1.062746559514956E-004
9 -1.151823032557053E-002 2.155598142195374E-002
10 8.865974379672006E-005 -1.659246010456268E-004
11 2.509323103728773E-003 -4.696114070696183E-003
12 3.387654442810837E-003 -6.339881900775232E-003
13 5.023406036419712E-005 -9.401132196291907E-005
14 1.640529919733638E-002 -3.070196749505734E-002
15 2.522751773278895E-003 -4.721245381008287E-003
16 -6.349307252592912E-004 1.188251554827038E-003
17 -6.988582611485926E-003 1.307889801575282E-002
18 1.762151606001976E-004 -3.297807483776125E-004
19 -3.354940604570234E-004 6.278658723737146E-004
20 1.371991919532561E-002 -2.567636875499637E-002
21 -1.458952886585147E-004 2.730381471586036E-004
22 8.321381604007483E-004 -1.557318931695107E-003
23 -3.271748438173625E-004 6.122967316052299E-004
24 2.088175011353834E-002 -3.907949528186899E-002
25 5.380981776527106E-002 -0.100703269741777
26 3.615424382417104E-005 -6.766129664834733E-005
27 3.777436086390991E-002 -7.069344989372141E-002
28 -1.812942715645333E-004 3.392860527043959E-004
29 1.010436626681217E-002 -1.890998266978150E-002
30 2.809197939799563E-002 -5.257319766005912E-002
31 4.864340785898675E-004 -9.103451815377287E-004
32 7.421072199881637E-005 -1.388828948909321E-004
33 -1.394822732126311E-002 2.610363976463783E-002
34 -1.763785976561278E-003 3.300867335707852E-003
35 -1.565940200765189E-002 2.930604579792618E-002
36 4.870197862197179E-004 -9.114414865421239E-004
37 4.350809399493934E-003 -8.142393860169267E-003
38 1.454542055394333E-003 -2.722126606903935E-003
39 -2.612004243627504E-003 4.888278700761879E-003
40 3.630761397853362E-002 -6.794848196844561E-002
41 3.223837618267746E-003 -6.033304171502658E-003
42 0.169665424573047 -0.317523153410933
43 -6.434997513268657E-002 0.120428821105964
44 1.271824309213324E-003 -2.380176524524167E-003
45 4.156912501541275E-004 -7.779522362472678E-004
46 -4.230172144026646E-002 7.916625358383222E-002
47 -1.452078471427108E-003 2.717515953774047E-003
48 8.786982000702299E-005 -1.644454196575442E-004
49 -6.140135484648055E-002 0.114910577219770
50 -7.445852034509551E-002 0.139346624673681
51 -3.293818702325211E-003 6.164270642825494E-003
52 -3.031126994432701E-002 5.672652535164587E-002
53 1.567376783378713E-004 -2.933289071811397E-004
54 -4.307496059674769E-002 8.061334476390568E-002
55 -2.490243266071992E-003 4.660406755686262E-003
56 -5.997613019924464E-004 1.122433200515549E-003
57 3.787023622023761E-003 -7.087287826688652E-003
58 1.071403639749348E-002 -2.005095970339512E-002
59 -5.427702118962166E-004 1.015776207472965E-003
60 3.477818919259547E-005 -6.508621038096904E-005
61 -5.691860865216019E-004 1.065212769323710E-003
62 -4.041649986178643E-005 7.563815294929029E-005
63 -3.193504826696425E-003 5.976537131817933E-003
64 -2.869989134685517E-005 5.371089218346813E-005
65 -4.300688329571542E-004 8.048593910043454E-004
66 5.523173088087343E-003 -1.033643321129413E-002
67 8.870913223919123E-005 -1.660162421189926E-004
68 4.233831332701188E-004 -7.923473388947422E-004
69 -4.471063411043870E-003 8.367445264806176E-003
70 -6.469976579371262E-002 0.121083442627300
71 2.226406496311925E-003 -4.166645057106491E-003
72 -4.763416733266392E-005 8.914573573816779E-005
73 4.499158581573898E-002 -8.420024469484130E-002
74 4.451043713506917E-002 -8.329979068701582E-002
75 -1.288889712199091E-003 2.412113904449394E-003
76 6.449919231546628E-003 -1.207080758128904E-002
77 -6.247395589911712E-004 1.169178707383553E-003
78 5.453760729946543E-002 -0.102065303511718
79 3.918103145737452E-003 -7.332598694079547E-003
80 2.967802355831529E-003 -5.554142600917958E-003
81 -4.333051826863694E-002 8.109161203542715E-002
82 9.258739837376205E-002 -0.173274212093337
83 -1.829087493924806E-002 3.423075919998495E-002
84 3.390417375519305E-002 -6.345052409462139E-002
85 -1.097171230579229E-003 2.053319131152355E-003
86 0.102735061980764 -0.192265223663085
87 -1.025468920353968E-002 1.919130704446137E-002
88 -1.103215848098756E-003 2.064631453954057E-003
89 -1.358290654692179E-003 2.541995427774929E-003
90 -6.426491667035600E-002 0.120269637291707
91 7.371206183255703E-002 -0.137949652584826
92 1.681280102854650E-003 -3.146459341191358E-003
93 -5.862582381781720E-004 1.097162668480059E-003
94 -9.409000970702995E-005 1.760863958692018E-004
95 8.390637870300076E-002 -0.157027974396817
96 -3.238131467090197E-002 6.060054485799855E-002
97 5.727606055435518E-004 -1.071902249770928E-003
98 3.749202206755224E-004 -7.016506115776936E-004
99 -2.413838300283287E-003 4.517417444846282E-003
100 -1.192944818787372E-002 2.232556235807096E-002
101 2.402335538054000E-002 -4.495890428551833E-002
102 -8.104507582797379E-002 0.151673142384590
103 2.029848817224877E-002 -3.798794035163244E-002
104 -8.116676475850876E-004 1.519008790368904E-003
105 1.048187739970274E-002 -1.961648215275041E-002
106 -0.111813222508996 0.209254697160560
107 -3.755655240528366E-003 7.028582817489927E-003
108 1.841336854396747E-004 -3.446000332619385E-004
109 -6.243295946240059E-002 0.116841190722727
110 -8.650545587246946E-004 1.618920594166012E-003
111 -1.193467023040877E-004 2.233533515222041E-004
112 -3.535226100191537E-002 6.616057124362310E-002
113 9.297549245826853E-002 -0.174000516704780
114 -8.789824756989745E-003 1.644986233266510E-002
115 1.272005009362111E-003 -2.380514737669840E-003
116 -1.233689764992003E-002 2.308809036559231E-002
117 -7.670043370938098E-004 1.435422916662119E-003
118 1.541835307255001E-002 -2.885493085273338E-002
119 -5.675486764665882E-004 1.062148246052545E-003
120 1.399121820472837E-003 -2.618409572503860E-003
121 7.391932822222939E-002 -0.138337544710681
122 -1.326548881406921E-003 2.482591723499090E-003
123 -1.580488575005221E-002 2.957831378968950E-002
124 9.647455833856433E-004 -1.805488974218041E-003
125 4.686434216918786E-002 -8.770504530889532E-002
126 -4.977922439280047E-004 9.316014957233316E-004
127 -1.923890993696641E-003 3.600497501636799E-003
128 -2.490483743853285E-002 4.660856829916274E-002
129 -1.392942763949005E-002 2.606845687167334E-002
130 2.760985706019251E-004 -5.167091908666158E-004
131 8.965578598460229E-003 -1.677877975064562E-002
132 1.825655055650550E-005 -3.416652802667918E-005
133 -1.946422542160237E-004 3.642663594022019E-004
134 -1.749333080763338E-003 3.273818213040792E-003
135 -1.699904725444890E-005 3.181319542150062E-005
136 1.149155351356150E-002 -2.150605716771807E-002
137 7.811028974324747E-003 -1.461807887481740E-002
138 -2.322167487401153E-004 4.345858654188498E-004
139 -1.092819792298434E-003 2.045175607342258E-003
140 -2.333624490718036E-002 4.367299997344692E-002
141 -2.205316698493446E-004 4.127176241369243E-004
142 -4.570045987645709E-002 8.552687856402634E-002
143 -6.002073354310977E-004 1.123267900817764E-003
144 9.230976066609524E-002 -0.172754622337040
145 -1.563136490636536E-002 2.925357552127379E-002
146 7.544115098774291E-005 -1.411856016232768E-004
147 -4.624336988464188E-002 8.654291648163677E-002
148 5.787045554858510E-004 -1.083026139093684E-003
149 -5.404849401865099E-002 0.101149944268553
150 -1.577292535877468E-003 2.951850179500717E-003
151 -2.370036263083306E-003 4.435443404621102E-003
152 -9.259733281405266E-003 1.732928039510101E-002
153 -6.214054648050064E-003 1.162939490603563E-002
154 -3.011483632285400E-004 5.635891004817329E-004
155 2.487392229817222E-002 -4.655071160478690E-002
156 9.350897140597537E-004 -1.749989031503501E-003
157 9.293314738966008E-004 -1.739212715053628E-003
158 -5.783907740996663E-002 0.108243893954246
159 3.295163714009098E-002 -6.166788422942078E-002
160 -1.684127999480518E-002 3.151789082570032E-002
161 1.145476436595778E-003 -2.143720814237698E-003
162 -6.246832044903602E-004 1.169073672253773E-003
163 3.059279883130491E-002 -5.725339735848639E-002
164 -1.795257191487884E-002 3.359763655625836E-002
165 -5.618240511431526E-003 1.051434874848032E-002
166 3.942927344373718E-004 -7.379056670726517E-004
167 1.006454011136729E-002 -1.883544940855972E-002
168 8.228995036000781E-005 -1.540031265058807E-004
169 -6.769691806303060E-006 1.266923153394069E-005
170 4.682228502506036E-002 -8.762633660140171E-002
171 3.318670987232977E-004 -6.210781496685161E-004
172 1.167767267634864E-003 -2.185437279847424E-003
173 2.102893456562406E-002 -3.935494610484497E-002
174 -4.669663353423877E-003 8.739118409123236E-003
175 -2.380196314026079E-004 4.454457788249828E-004
176 9.864291459534586E-003 -1.846069078365458E-002
177 -1.756135584992099E-003 3.286548897390361E-003
178 6.126570609535874E-003 -1.146567155059496E-002
179 6.539140755671906E-003 -1.223778269137492E-002
180 -7.814293616742923E-004 1.462418801465217E-003
181 1.888850332142182E-002 -3.534920075832269E-002
182 1.601233529054719E-003 -2.996654849956853E-003
183 5.954107044994009E-004 -1.114291102837680E-003
184 1.630733150403182E-003 -3.051862433767152E-003
185 -2.194575511817070E-005 4.107064807365016E-005
186 1.046522282706138E-002 -1.958531367163071E-002
187 -8.919342814355025E-003 1.669225106947245E-002
188 3.912624535912375E-004 -7.322345175045806E-004
189 -4.328534651715408E-003 8.100707427223413E-003
190 -4.274789322575232E-004 8.000124837294350E-004
191 2.796461809432471E-002 -5.233484487199743E-002
192 -3.253253651714251E-003 6.088355144567964E-003
193 -2.300946535417526E-004 4.306144318521405E-004
194 4.942545847582651E-004 -9.249809285795419E-004
195 -2.770647085706314E-003 5.185173180909273E-003
196 -1.736635731973045E-002 3.250055541260649E-002
197 2.273934841832952E-002 -4.255592822988359E-002
198 -2.239105820716442E-002 4.190411472033996E-002
199 2.392905777083956E-004 -4.478242869585803E-004
200 5.568421229852937E-002 -0.104211137657001
201 8.190167606656376E-005 -1.532762877644275E-004
202 -9.025526692939764E-003 1.689097059440633E-002
203 2.235054027530890E-002 -4.182828697180976E-002
204 -3.326371233713214E-002 6.225192239637618E-002
205 4.102518862948162E-004 -7.677726620585842E-004
206 4.805493844252681E-002 -8.993320631376454E-002
207 -1.294725238448282E-003 2.423034957511383E-003
208 1.282656939467700E-002 -2.400449456467127E-002
209 6.498698035921671E-003 -1.216209552085302E-002
210 -1.422947586863592E-004 2.662999104257620E-004
211 -1.451553228365356E-003 2.716533174044919E-003
212 7.426333113962085E-005 -1.389813279759464E-004
213 -3.803532951496416E-003 7.118184404846154E-003
214 1.396867578346640E-003 -2.614190842217983E-003
215 -1.227841778407805E-003 2.297864725371272E-003
216 -3.065969147363639E-004 5.737858120362899E-004
217 -9.062298978131987E-005 1.695978552271372E-004
218 -3.762645725088345E-002 7.041665324920061E-002
219 1.220223907176390E-003 -2.283608237759983E-003
220 2.297223024072375E-004 -4.299175946338502E-004
221 2.429148010625447E-002 -4.546069062768344E-002
222 -2.087524853540924E-002 3.906732782609149E-002
223 4.647653881014122E-003 -8.697928652077304E-003
224 -1.586226571697755E-002 2.968569847728859E-002
225 1.817596844350394E-004 -3.401572151766011E-004
226 -1.170458074536241E-003 2.190473037421568E-003
227 -6.119568009513808E-004 1.145256754150933E-003
228 -1.977130754730448E-002 3.700133921295874E-002
229 4.040932135433757E-004 -7.562466576844490E-004
230 9.169446921612968E-003 -1.716031251459729E-002
231 -7.862828982309493E-005 1.471503677719248E-004
232 -1.339770175917260E-003 2.507334946457015E-003
233 2.372303113070669E-002 -4.439685743781821E-002
234 9.450322375379818E-003 -1.768596149719601E-002
235 9.136836829794930E-005 -1.709928833832491E-004
236 -1.693724080972994E-002 3.169747826223177E-002
237 -1.336500041092870E-003 2.501215043475041E-003
238 -9.588250489130201E-003 1.794408931937794E-002
239 -7.143643132439466E-006 1.336907040761141E-005
240 -3.641908307354047E-003 6.815709321223894E-003
241 3.009222836922168E-004 -5.631659588383580E-004
242 -6.374856902611197E-004 1.193033095493710E-003
243 2.411167785757680E-003 -4.512419641680128E-003
244 1.256737407671152E-002 -2.351941924350489E-002
245 3.040181972564089E-004 -5.689598911378459E-004
246 3.960375573680991E-004 -7.411709862633453E-004
247 -5.073260260237744E-003 9.494436504608980E-003
248 2.941008571880969E-004 -5.503999041449863E-004
249 -4.627819371283669E-003 8.660808786445363E-003
250 -4.693145599957663E-004 8.783064559352166E-004
251 -1.847837371324634E-002 3.458165700490148E-002
252 -2.267340473563895E-002 4.243251688190024E-002
253 -7.385076668075484E-004 1.382092409975626E-003
254 4.575034842085468E-003 -8.562024354749339E-003
255 -4.371315391563750E-003 8.180770191212699E-003
256 -1.508814219564552E-003 2.823695226923038E-003
257 -3.997076703139943E-004 7.480395373416584E-004
258 4.027098518339897E-004 -7.536580965671421E-004
259 -4.140367271409540E-003 7.748558525583107E-003
260 1.584966026899340E-004 -2.966210406849638E-004
261 -2.005716744919317E-002 3.753631641330493E-002
262 2.665579576981787E-002 -4.988542803425378E-002
263 -1.304326718558366E-002 2.441003716237185E-002
264 -7.033612375469273E-004 1.316317092121197E-003
265 4.172022954145009E-005 -7.807800550384770E-005
266 1.349385795493264E-003 -2.525330268603981E-003
267 1.448409383810512E-003 -2.710649716645882E-003
268 3.375052902484078E-003 -6.316298199925621E-003
269 1.096344388012270E-002 -2.051771773050036E-002
270 -5.677458572804320E-004 1.062517281960285E-003
271 1.669421875247035E-003 -3.124267052489717E-003
272 1.174729492580475E-002 -2.198466871011001E-002
273 -4.417597487735668E-004 8.267385490298009E-004
274 -6.319083755589591E-003 1.182595341209178E-002
275 -2.784359960961963E-003 5.210836386002162E-003
276 8.030826360608303E-003 -1.502942231987328E-002
277 -1.640899679840367E-003 3.070888740799476E-003
278 3.746850880955593E-004 -7.012105498849220E-004
279 -8.069593973921719E-005 1.510198028470416E-004
280 1.183035560835293E-002 -2.214011381917604E-002
281 3.124766051155994E-003 -5.847894684910498E-003
282 -1.428445828269465E-002 2.673288476534082E-002
283 -2.060282868409931E-003 3.855750346408658E-003
284 3.072416596179004E-006 -5.749921186823406E-006
285 -1.285829197740699E-002 2.406386231371503E-002
286 -1.344790106922189E-002 2.516729598490991E-002
287 -1.910987202969987E-003 3.576348461143230E-003
288 -9.227091419891821E-004 1.726819209450079E-003
289 6.106381291326261E-003 -1.142788786780344E-002
290 -9.721662317699347E-004 1.819376503605795E-003
291 5.203513651915782E-003 -9.738201359122296E-003
292 -1.346741338797698E-003 2.520381234315343E-003
293 -1.538769183570799E-002 2.879754942001710E-002
294 -4.100299839522111E-003 7.673573705835472E-003
295 -2.513967412072316E-004 4.704805682249248E-004
296 -4.107181260579830E-004 7.686450979897745E-004
297 6.419178552484020E-004 -1.201327764671872E-003
298 4.865505409557790E-003 -9.105630241470285E-003
299 -5.283907870971675E-004 9.888657001002705E-004
300 1.543855161815513E-004 -2.889273252438356E-004
301 -1.188929212132936E-002 2.225041164581803E-002
302 -2.078045572148413E-004 3.888992368669909E-004
303 -3.201252872786068E-005 5.991013144720484E-005
304 -4.579290283514453E-002 8.569988210622653E-002
305 2.081510356352877E-002 -3.895476843036461E-002
306 9.570046229295319E-004 -1.791002039478727E-003
307 -6.245356686311994E-003 1.168797567075318E-002
308 -2.115743212208723E-003 3.959542552393886E-003
309 -9.255017646083266E-003 1.732045524947700E-002
310 -1.483420722128302E-003 2.776172286671782E-003
311 -5.416259446285891E-004 1.013634812631451E-003
312 1.106369196581122E-002 -2.070532860706754E-002
313 3.994807841443724E-004 -7.476146615441440E-004
314 -6.457501101556926E-004 1.208499658440314E-003
315 6.147919856698952E-003 -1.150562591027963E-002
316 7.098956796041442E-004 -1.328545972287719E-003
317 -4.728848132566652E-004 8.849881973035986E-004
318 1.523827274120148E-002 -2.851791650965108E-002
319 -5.705598920283650E-006 1.067777187035988E-005
320 2.671329685780342E-004 -4.999305299843777E-004
321 1.506531434765203E-003 -2.819423058990828E-003
322 8.394593144319651E-003 -1.571019960069290E-002
323 5.687338070883873E-004 -1.064366202618029E-003
324 -1.106923584926317E-002 2.071570377787696E-002
325 4.166855255232472E-003 -7.798129916714297E-003
326 -1.952017751694755E-004 3.653135372598853E-004
327 -9.366265952061871E-003 1.752865271435466E-002
328 -1.007124933496706E-003 1.884800569068119E-003
329 1.451575168792506E-004 -2.716574170672156E-004
330 -2.840678349350998E-004 5.316234500861737E-004
331 3.442704966201555E-003 -6.442906895474661E-003
332 4.372555487362393E-004 -8.183092610151915E-004
333 1.635615480250072E-004 -3.060996646264589E-004
334 -8.558373798693193E-003 1.601670968993462E-002
335 3.100948387905326E-003 -5.803320926973860E-003
336 -3.306864802667835E-004 6.188686599721447E-004
337 -5.486439492254576E-003 1.026768757794808E-002
338 -3.782355478218410E-004 7.078552074925549E-004
339 2.849804893376433E-003 -5.333314321937583E-003
340 -1.331514681145145E-003 2.491884998656767E-003
341 7.479511985226968E-003 -1.399765594978675E-002
342 5.774764657265023E-003 -1.080727843352308E-002
343 3.051732567373237E-004 -5.711216326292793E-004
344 -2.986429445091408E-004 5.589008347803828E-004
345 6.001178864349775E-005 -1.123100268705430E-004
346 -3.216531361999100E-003 6.019630614339415E-003
347 2.169835448891077E-003 -4.060774303587538E-003
348 4.634754563902967E-005 -8.673783612086174E-005
349 -1.156587220141765E-003 2.164514182543073E-003
350 3.284054489880527E-004 -6.145997676113854E-004
351 3.944953852274000E-003 -7.382848888822575E-003
352 3.359969335691013E-003 -6.288069964470952E-003
353 5.339444943800860E-003 -9.992592225784053E-003
354 3.499853291938882E-004 -6.549858822368536E-004
355 -2.984948035235995E-004 5.586229167448216E-004
356 -4.930065598850264E-004 9.226452556904219E-004
357 -1.705168212229132E-004 3.191165871248012E-004
358 -1.113243385787770E-003 2.083397678694430E-003
359 -2.137575715646686E-004 4.000400835860566E-004
360 -6.892683604908432E-003 1.289942627031133E-002
361 1.538276822827255E-003 -2.878833515818016E-003
362 -3.284987259502837E-003 6.147743478553030E-003
363 -7.755565435175525E-003 1.451428076281694E-002
364 2.336773304326100E-004 -4.373192204425703E-004
365 1.675957646326580E-002 -3.136498543367856E-002
366 -2.876222113813724E-004 5.382753036910599E-004
367 -7.408876616585084E-004 1.386546389608163E-003
368 -7.590275337151041E-004 1.420494546113704E-003
369 -1.018623521146388E-002 1.906319769280535E-002
370 4.350615160007495E-003 -8.142030429235838E-003
371 -1.606216733672984E-002 3.005980771569547E-002
372 1.080016066840375E-004 -2.021213611796479E-004
373 1.035155755387432E-004 -1.937259053769187E-004
374 -1.627989291164163E-002 3.046727367773108E-002
375 2.546163652713117E-003 -4.765059860518186E-003
376 1.071263263107532E-002 -2.004833285997012E-002
377 -1.014986712946810E-002 1.899513598545744E-002
378 -1.790786571995591E-003 3.351397124591510E-003
379 -5.819746567936716E-003 1.089146063610335E-002
380 -4.746846752612315E-004 8.883564551888211E-004
381 -6.803260689600473E-004 1.273207454400636E-003
382 9.859002318639246E-003 -1.845079232823456E-002
383 -5.368674784334204E-006 1.004730944821307E-005
384 1.216783639673259E-002 -2.277169780987712E-002
385 3.523080228632033E-004 -6.593325942684578E-004
386 -2.749100553336894E-003 5.144849491907431E-003
387 -1.513965293078920E-004 2.833335213884091E-004
388 8.260717847219127E-003 -1.545965650898658E-002
389 1.855566613478838E-002 -3.472630713327497E-002
390 1.385993554693215E-004 -2.593840798737445E-004
391 -2.683253579677804E-003 5.021619116434087E-003
392 -2.001910854718177E-003 3.746509199190866E-003
393 -2.198440769807913E-002 4.114308192885690E-002
394 3.923149489741367E-004 -7.342042844060928E-004
395 -1.531665425507771E-005 2.866457867116167E-005
396 -3.786846037635211E-003 7.086955400300817E-003
397 5.095463255363429E-003 -9.535988642186993E-003
398 6.289938090567933E-005 -1.177140998200282E-004
399 -9.773285581011599E-004 1.829037628455717E-003
400 -3.590720654680351E-003 6.719913333381201E-003
401 1.685276982092301E-002 -3.153939373068357E-002
402 6.041981440829510E-004 -1.130736583865891E-003
403 -1.461697977019200E-002 2.735518766819576E-002
404 -6.804415077933523E-004 1.273423523916334E-003
405 6.005822473622628E-003 -1.123969538691551E-002
406 8.605250164063709E-005 -1.610444613435338E-004
407 3.147857565174694E-005 -5.891139611884492E-005
408 -1.148302023251913E-004 2.149008947786293E-004
409 3.804597355154430E-003 -7.120176406922056E-003
410 -6.629036648317126E-003 1.240601983740430E-002
411 4.948015645804283E-003 -9.260045419122781E-003
412 1.766029684802100E-003 -3.305065329878870E-003
413 1.775855209902791E-004 -3.323453999132078E-004
414 -3.937332241088542E-003 7.368585282460198E-003
415 8.167603484505870E-005 -1.528537037255353E-004
416 -5.950061365126028E-003 1.113534036624754E-002
417 -7.201242924140407E-003 1.347688469796983E-002
418 -4.068573498961782E-004 7.614198756233858E-004
419 -2.223832165927484E-004 4.161827099865445E-004
420 -2.340201729611611E-003 4.379609084371677E-003
421 2.819031965287158E-004 -5.275723798110262E-004
422 -1.417215109755385E-003 2.652270568077677E-003
423 -3.777496099648252E-005 7.069468943304629E-005
424 1.769505977270644E-002 -3.311571114600271E-002
425 1.271101075426167E-002 -2.378823045546946E-002
426 -5.056193846203961E-004 9.462497253709146E-004
427 1.964291374416303E-004 -3.676104004823446E-004
428 -2.569243460818204E-004 4.808252986078086E-004
429 1.168694726777167E-002 -2.187173002642949E-002
430 4.713552381748112E-004 -8.821255167974340E-004
431 1.749814473337812E-004 -3.274719216733816E-004
432 3.152385677415780E-003 -5.899584111792045E-003
433 1.237408843283399E-002 -2.315769166846565E-002
434 -4.514965044851276E-003 8.449605725811446E-003
435 -3.317059557878002E-006 6.207800848499280E-006
436 -6.024043509593920E-004 1.127379556023182E-003
437 -8.459368634355069E-003 1.583142478633170E-002
438 -6.055926809897252E-004 1.133346465717472E-003
439 2.819504282404134E-002 -5.276607729102981E-002
440 5.031979420849745E-004 -9.417181119844868E-004
441 1.172063538592232E-003 -2.193477671719826E-003
442 -2.989725289715577E-004 5.595170676170275E-004
443 -1.062489466850642E-002 1.988413421591947E-002
444 1.302239397800199E-004 -2.437096987754907E-004
445 -5.274921567002556E-004 9.871839042614515E-004
446 -1.223108078097511E-003 2.289005760332215E-003
447 -1.132119989992110E-002 2.118724614094732E-002
448 6.039618869883243E-004 -1.130294447572853E-003
449 -4.941719059336607E-005 9.248261568592133E-005
450 -5.271782099173867E-003 9.865963456188707E-003
451 1.243666855119770E-004 -2.327480803758956E-004
452 6.353565437762510E-003 -1.189048472500865E-002
453 -2.187450749905433E-004 4.093740728858277E-004
454 3.877397207983662E-004 -7.256418932724620E-004
455 1.082270781782064E-002 -2.025433486911868E-002
456 7.849107220332302E-003 -1.468934102732487E-002
457 3.413056821909818E-003 -6.387421424661824E-003
458 -2.034732195174365E-003 3.807933089148246E-003
459 4.895395715760003E-004 -9.161568726894714E-004
460 1.919058571522436E-004 -3.591453567896673E-004
461 -8.784982774844451E-003 1.644080075899815E-002
462 -3.455835228953555E-005 6.467479659166588E-005
463 2.070603549264043E-003 -3.875065148725426E-003
464 9.720273127515161E-005 -1.819115434938491E-004
465 -5.164090697748068E-004 9.664421607229907E-004
466 9.377080646098509E-003 -1.754889198997651E-002
467 -1.638938807618985E-002 3.067219041927884E-002
468 4.073821493034720E-004 -7.624020577587683E-004
469 -1.820940316983850E-002 3.407828756162184E-002
470 -4.092983959834985E-003 7.659882066448225E-003
471 -1.016412054813500E-002 1.902181087856700E-002
472 2.702274779338300E-004 -5.057216683009357E-004
473 4.380714465536694E-004 -8.198360408205993E-004
474 1.781739774066126E-002 -3.334466252428465E-002
475 -6.034168156734134E-004 1.129274362583132E-003
476 2.457846985559436E-003 -4.599778205805459E-003
477 -1.421109749661641E-003 2.659559280881612E-003
478 1.414946091256723E-002 -2.648024178651586E-002
479 -8.246414411864870E-004 1.543288774661234E-003
480 1.697186213222672E-002 -3.176227097697859E-002
481 6.342834351274548E-003 -1.187040180862309E-002
482 -3.945163467005198E-003 7.383241163963908E-003
483 3.417615528554089E-004 -6.395953038802557E-004
484 3.839710672635045E-004 -7.185889536281872E-004
485 5.094699839942185E-004 -9.534559486457870E-004
486 5.925808624407778E-004 -1.108995065337680E-003
487 -1.570380788330850E-002 2.938915002947638E-002
488 1.045847147495748E-002 -1.957267875496161E-002
489 3.486905257660180E-003 -6.525626298516152E-003
490 3.002820419275698E-002 -5.619677775773645E-002
491 -1.075614961454810E-003 2.012977404513002E-003
492 -1.848782748977504E-003 3.459934982342204E-003
493 1.712868810826939E-004 -3.205577189793261E-004
494 -1.843916398844520E-004 3.450827886766889E-004
495 1.798306203630876E-004 -3.365469891183941E-004
496 8.703736400209593E-003 -1.628875092419216E-002
497 6.236200462016243E-004 -1.167083969774392E-003
498 7.178072917678628E-004 -1.343352265742404E-003
499 1.108428991310319E-002 -2.074387701796635E-002
500 8.309779116280867E-003 -1.555147311079106E-002
501 3.319888840513040E-005 -6.213057469704545E-005
502 -2.575924255679870E-003 4.820755895532756E-003
503 -1.186240945550216E-002 2.220010170518892E-002
504 1.285488757385371E-003 -2.405749086873587E-003
505 -1.072249718276591E-002 2.006679399462696E-002
506 -3.041070420065640E-004 5.691261781996150E-004
507 2.856611470033701E-004 -5.346052537058990E-004
508 9.178485469047024E-004 -1.717722800950932E-003
509 1.903008054508507E-002 -3.561415768574058E-002
510 1.928699644753562E-003 -3.609496706507131E-003
511 1.569848306968899E-004 -2.937918717587941E-004
512 5.945378375942983E-005 -1.112660154401569E-004
513 9.013718899224463E-003 -1.686887282323073E-002
514 1.250187804135826E-002 -2.339684550076051E-002
515 1.531139818705401E-004 -2.865477929190579E-004
516 -3.909884049251833E-005 7.317226716927266E-005
517 -8.731222012264582E-003 1.634018921677722E-002
518 1.858448438758641E-002 -3.478023948242624E-002
519 -2.564393865540329E-004 4.799176496474829E-004
520 5.884838461120821E-003 -1.101327783249294E-002
521 2.218954286828536E-002 -4.152698546792891E-002
522 4.749158694358259E-003 -8.887891405224006E-003
523 -1.978312263213758E-002 3.702345094338369E-002
524 -2.955822274280004E-003 5.531722296611820E-003
525 2.460592979307045E-004 -4.604917592398513E-004
526 7.166364342281328E-003 -1.341161059887811E-002
527 1.307020503991217E-003 -2.446044941246400E-003
528 -4.301101823384562E-004 8.049368104294804E-004
529 -2.009256188032842E-004 3.760256011081404E-004
530 -1.025816192834754E-002 1.919780616215733E-002
531 -1.034012953191362E-002 1.935120567151303E-002
532 5.618523965216097E-004 -1.051487907261272E-003
533 -6.855532100967091E-003 1.282989854669251E-002
534 -1.294432911803698E-003 2.422487830836671E-003
535 -2.412597672546512E-003 4.515095696334829E-003
536 -2.434794709570994E-002 4.556636686098209E-002
537 -2.040281884654929E-004 3.818318860354261E-004
538 1.918007100643947E-004 -3.589486714139231E-004
539 1.418205940640143E-002 -2.654124870541964E-002
540 -3.607386003768794E-003 6.751101973552073E-003
541 9.548935531434740E-003 -1.787051272025334E-002
542 2.058305018682086E-002 -3.852048847193604E-002
543 1.919953999340307E-004 -3.593129418808941E-004
544 1.405777934059048E-003 -2.630866231272877E-003
545 -1.259763681115908E-002 2.357605504539249E-002
546 -8.939786193980815E-005 1.673050760970730E-004
547 -2.437812399140225E-003 4.562284205581442E-003
548 -2.431901469011123E-004 4.551222053122034E-004
549 3.129728472286291E-004 -5.857181941608043E-004
550 -3.774111025709289E-003 7.063122231784288E-003
551 2.686831073145616E-004 -5.028315006365376E-004
552 -8.760841584769714E-004 1.639562150770511E-003
553 -1.110899769441150E-002 2.079011682603203E-002
554 -3.056356903744071E-003 5.719869488237586E-003
555 1.760474345012197E-002 -3.294668709012698E-002
556 -6.842788324208860E-004 1.280604882459271E-003
557 -2.016978740338344E-002 3.774708075943441E-002
558 -9.476501625762315E-004 1.773495345707582E-003
559 5.877065539101812E-003 -1.099873109692878E-002
560 -9.529022081536057E-003 1.783324550193383E-002
561 -1.324644839581974E-003 2.479028447671200E-003
562 3.348997172155729E-002 -6.267535904521118E-002
563 3.099289983845255E-003 -5.800217267835820E-003
564 -9.345530521550828E-003 1.748984710081062E-002
565 -8.234051015249636E-004 1.540975089252103E-003
566 1.662321476817073E-002 -3.110978902818632E-002
567 3.886015654854940E-003 -7.272547996663612E-003
568 -4.508765408446230E-003 8.438003352258515E-003
569 -1.660122919559654E-002 3.106864369838163E-002
570 1.357116114360266E-004 -2.539797561415917E-004
571 6.083973523591630E-003 -1.138595249269168E-002
572 3.037935495687923E-003 -5.685394470610792E-003
573 -1.340367548918008E-002 2.508452950115555E-002
574 -7.510707122297549E-005 1.405602938601432E-004
575 2.751134160566402E-002 -5.148655375657332E-002
576 -4.676062860427223E-004 8.751094981086123E-004
577 1.431775529838822E-002 -2.679519907822927E-002
578 1.789792893445995E-002 -3.349537364777400E-002
579 6.225670791147415E-004 -1.165113288332939E-003
580 -1.790568485090896E-002 3.350988893291311E-002
581 1.179126264216050E-004 -2.206695504228995E-004
582 -7.379151941304697E-003 1.380983549793281E-002
583 1.190023165206918E-003 -2.227088383745893E-003
584 -2.388747302752408E-002 4.470460483948878E-002
585 2.074776494874169E-003 -3.882874791011913E-003
586 -1.529034125658963E-002 2.861536108964465E-002
587 -4.010319354087516E-003 7.505178187857667E-003
588 2.229592894203053E-003 -4.172608394704668E-003
589 -3.771544348170868E-004 7.058318735371541E-004
590 -9.753706769553365E-003 1.825373523174272E-002
591 -6.113450642381539E-004 1.144111870866842E-003
592 -9.046923189064886E-004 1.693101348783718E-003
593 4.765558272182353E-005 -8.918582254398402E-005
594 -5.544217588056028E-003 1.037581734899305E-002
595 1.117147054185036E-003 -2.090703275400601E-003
596 8.904462503655260E-003 -1.666440301224011E-002
597 -8.709015263736269E-004 1.629862939591111E-003
598 1.260601094063285E-002 -2.359172687874522E-002
599 -1.875552283135473E-004 3.510033440026804E-004
600 2.534565686360280E-005 -4.743355500989425E-005
601 -9.754046351532708E-003 1.825437075418020E-002
602 1.584163012370501E-002 -2.964707968524952E-002
603 4.035946635524974E-004 -7.553138417867833E-004
604 2.879879147965295E-003 -5.389597274592033E-003
605 -2.862543065371440E-004 5.357153487863269E-004
606 -2.938817056011449E-003 5.499897602274911E-003
607 2.069032366428220E-003 -3.872124752091102E-003
608 1.060007322032073E-003 -1.983768164468618E-003
609 2.189486367069223E-004 -4.097550337239296E-004
610 9.607357680934336E-005 -1.797984892910166E-004
611 -4.396537992593511E-003 8.227973445285912E-003
612 -1.901920389113401E-002 3.559380221263446E-002
613 8.966208093571258E-005 -1.677995749539097E-004
614 -6.198322698755411E-004 1.159995329534456E-003
615 3.467796192383360E-003 -6.489864322912286E-003
616 -9.578745190111769E-005 1.792629874438958E-004
617 -2.931838678912133E-004 5.486839649482295E-004
618 -5.816022279931745E-004 1.088449047559862E-003
619 2.873847192060172E-003 -5.378308681036887E-003
620 -2.629451502294938E-003 4.920930314428209E-003
621 7.602208876697286E-003 -1.422727910002132E-002
622 -1.880802880479161E-004 3.519861272106647E-004
623 1.199221631300390E-004 -2.244303294477786E-004
624 7.560990274259890E-003 -1.415013986406287E-002
625 2.614761113808501E-004 -4.893438809757678E-004
626 -3.904882929781831E-003 7.307857520950863E-003
627 1.988399171287931E-004 -3.721223371166330E-004
628 2.449670860537167E-004 -4.584478279854020E-004
629 -6.894398860523102E-003 1.290263635853849E-002
630 -5.785490127794505E-003 1.082735083380108E-002
631 -9.929499129459040E-005 1.858271057415661E-004
632 2.841213828026173E-005 -5.317243281359329E-005
633 -5.683739430275463E-003 1.063692774317075E-002
634 3.949298508677913E-003 -7.390979698711965E-003
635 -3.390699549923043E-004 6.345581312201484E-004
636 -7.928451539577500E-004 1.483783147891514E-003
637 1.384546271449213E-002 -2.591131941512525E-002
638 6.493196877278002E-006 -1.215172582144893E-005
639 4.527531126285029E-003 -8.473122740770162E-003
640 -6.263970001232251E-004 1.172280950439666E-003
641 -6.226782347209600E-003 1.165321448519231E-002
642 1.897334916677979E-004 -3.550798792667574E-004
643 1.675974538990157E-003 -3.136530152454111E-003
644 -2.951818727797859E-005 5.524231353415851E-005
645 2.650239782570170E-003 -4.959834892766397E-003
646 7.423189168295442E-005 -1.389225843300915E-004
647 3.431407160175796E-002 -6.421763546425538E-002
648 -3.461998252933677E-003 6.479013676625021E-003
649 2.122908848432072E-005 -3.973004755458347E-005
650 -4.980355092688813E-005 9.320577587600652E-005
651 -6.515430838135383E-003 1.219340997762605E-002
652 1.720177409182812E-005 -3.219246829797229E-005
653 -1.246887321775999E-002 2.333507852033678E-002
654 -5.574417239335911E-003 1.043233503855461E-002
655 -5.238476352147475E-005 9.803621110028143E-005
656 1.209765840054676E-005 -2.264032041811700E-005
657 -6.350085032332602E-003 1.188397125630127E-002
658 5.948581804872886E-003 -1.113257130748000E-002
659 -6.596785792401313E-004 1.234566366564261E-003
660 2.253919019214525E-003 -4.218133726793630E-003
661 2.522198712131273E-007 -4.720291087811721E-007
662 -1.769717753956478E-003 3.311967467753182E-003
663 -4.002246364028098E-003 7.490069937428484E-003
664 2.811568875043565E-005 -5.261757384141441E-005
665 1.498289128289528E-003 -2.803997849501136E-003
666 1.761050850490495E-005 -3.295737223531516E-005
667 -1.123393101894427E-005 2.102377834774977E-005
668 -7.968065593732641E-004 1.491196738601014E-003
669 -1.045786383772410E-003 1.957154143945634E-003
670 -3.396534484109600E-005 6.356494517930410E-005
671 8.860848495331395E-004 -1.658278101515081E-003
672 -3.570108931876648E-005 6.681321585615759E-005
673 -6.079817027149481E-003 1.137817360052060E-002
674 4.447494061181135E-005 -8.323318868540256E-005
675 -2.396661621070722E-004 4.485271848795282E-004
676 6.537582981983621E-003 -1.223486711071048E-002
677 -4.968848166600750E-005 9.299038256815550E-005
678 8.261788042460501E-004 -1.546165948942694E-003
679 4.095093171564687E-005 -7.663794201898210E-005
680 -9.669513531919976E-005 1.809617584315201E-004
681 7.599730452867893E-003 -1.422264055628783E-002
682 1.141777151546451E-003 -2.136797616610273E-003
683 3.036734922754952E-005 -5.683148591065044E-005
684 2.264265842248637E-003 -4.237497618164988E-003
685 -1.562016019045634E-005 2.923270863311660E-005
686 1.372233583491987E-004 -2.568089461574205E-004
687 5.504098467725456E-006 -1.030074258805588E-005
688 -1.607251606776570E-003 3.007917461463528E-003
689 -5.892763068387712E-005 1.102811233266105E-004
690 -6.514965213814843E-006 1.219254151270323E-005
691 3.896348028863100E-003 -7.291884623315825E-003
692 4.829600452779921E-003 -9.038435314104974E-003
693 3.236443853963828E-005 -6.056894716197568E-005
694 -1.119723181191387E-004 2.095521536492221E-004
695 -4.325063569405831E-003 8.094211487609930E-003
696 1.830957794300644E-003 -3.426576168911556E-003
697 -8.569042406405648E-003 1.603667560358647E-002
698 -5.380673436050205E-003 1.006974986612474E-002
699 -4.919877386040591E-005 9.207385785267296E-005
700 3.999904988556175E-003 -7.485688015326872E-003
701 -1.846582602560154E-004 3.455817443485951E-004
702 6.266708886860671E-003 -1.172793552588611E-002
703 3.605404513408252E-005 -6.747393312237758E-005
704 1.503362837365809E-002 -2.813493161730891E-002
705 -4.511403772815214E-003 8.442940787911189E-003
706 -1.362911879206266E-004 2.550643888007105E-004
707 -7.228043055077444E-004 1.352704050704048E-003
708 -1.655684500370879E-004 3.098558109912278E-004
709 1.437209406951684E-003 -2.689689220763637E-003
710 4.002045872742069E-003 -7.489694740321750E-003
711 7.416796640019934E-006 -1.388023192738198E-005
712 -1.353930990928394E-005 2.533844843614786E-005
713 5.851183505144407E-003 -1.095029375797248E-002
714 1.306165961995312E-003 -2.444445832275220E-003
715 -2.757938015984334E-005 5.161399858291885E-005
716 -1.785484082663925E-005 3.341473238057087E-005
717 1.478012407250393E-004 -2.766050579656345E-004
718 2.254029918904300E-005 -4.218284212423863E-005
719 2.514423621895222E-003 -4.705659623544794E-003
720 1.136942102106450E-005 -2.127776636043402E-005
721 -2.265189899540112E-005 4.239245269460465E-005
722 -5.825029557416809E-006 1.090105085138596E-005
723 2.011931269065024E-005 -3.765262164778319E-005
724 -1.337231973438864E-003 2.502584841417764E-003
725 -5.075501543352603E-006 9.499014490586292E-006
726 -4.431065630837542E-003 8.292590661146789E-003
727 2.669709761314886E-005 -4.996302393901685E-005
728 5.001403003124773E-004 -9.359958344384569E-004
729 1.198887784240774E-005 -2.243668103298116E-005
730 3.809781098765741E-003 -7.129877587643139E-003
731 -3.370736425973793E-005 6.308197774887411E-005
732 8.462209084287578E-004 -1.583674048642951E-003
733 1.301217047963839E-005 -2.435182902996557E-005
734 -2.078245593753712E-004 3.889371428630759E-004
735 -5.421724512989473E-003 1.014657580615974E-002
736 -6.082853897769911E-005 1.138385184893973E-004
737 3.100914574085558E-003 -5.803257471437658E-003
738 -8.235023240481558E-003 1.541156983158630E-002
739 -2.247322986303557E-003 4.205789467775995E-003
740 -1.414206690105834E-004 2.646641591830237E-004
741 1.063500956853050E-004 -1.990307546970412E-004
742 -5.716003351944265E-003 1.069730862138010E-002
743 8.588454797045327E-006 -1.607328682976907E-005
744 -4.218341491381704E-003 7.894484614776549E-003
745 -2.173392799897233E-004 4.067430990750191E-004
746 5.285991168446419E-003 -9.892555528415557E-003
747 1.724952887157775E-004 -3.228191854078199E-004
748 4.796048030415021E-003 -8.975643299724775E-003
749 9.053542424820130E-004 -1.694340052030469E-003
750 -4.369147347983141E-003 8.176712669626697E-003
751 -7.864990157479434E-005 1.471906849250729E-004
752 8.918132998861562E-003 -1.668998668839513E-002
753 -1.612450962175096E-005 3.017639626006560E-005
754 -5.908105087498956E-003 1.105682038054288E-002
755 2.278407654035722E-003 -4.263963328577713E-003
756 7.481619970586407E-005 -1.400160491018769E-004
757 3.552660568308746E-005 -6.648680381173596E-005
758 -1.306156909265616E-003 2.444428833265469E-003
759 1.348707008889375E-003 -2.524059939316902E-003
760 -6.319109822028634E-006 1.182590146595050E-005
761 9.624375993874032E-006 -1.801177393646727E-005
762 1.214491951163826E-004 -2.272879683976587E-004
763 1.005053709073070E-003 -1.880924337325204E-003
764 3.284435297135343E-003 -6.146710375206506E-003
765 -1.242749733356840E-004 2.325762553075832E-004
766 2.960520500702064E-003 -5.540514781337460E-003
767 3.652492994850266E-005 -6.835511678596823E-005
768 -1.010637499721207E-005 1.891370922098178E-005
769 1.298374958380757E-003 -2.429865119543403E-003
770 -2.161314100313001E-006 4.044782166262514E-006
771 -1.349368433908164E-003 2.525297674505215E-003
772 4.067261768823120E-005 -7.611755418731019E-005
773 1.455202171387708E-003 -2.723362096563077E-003
774 -2.270548241026452E-005 4.249254060617357E-005
775 5.168133495480903E-004 -9.671988666778729E-004
776 8.557922396613772E-005 -1.601587418893071E-004
777 3.390070566236045E-005 -6.344386774123897E-005
778 -4.760727593818258E-005 8.909544558633871E-005
779 -1.068549635929106E-003 1.999754955378843E-003
780 3.064573142830828E-003 -5.735245577112511E-003
781 1.921238151745710E-003 -3.595532996596374E-003
782 1.867767413601814E-006 -3.495531820501022E-006
783 -1.023151969133665E-003 1.914794470869429E-003
784 -1.144129085867638E-005 2.141228218998720E-005
785 2.055872660122415E-003 -3.847496899162883E-003
786 6.439395431922991E-005 -1.205110091232991E-004
787 3.901852915442649E-004 -7.302185544841491E-004
788 -1.979765978715840E-006 3.704719536276039E-006
789 6.629233633132565E-004 -1.240638930139959E-003
790 -1.695549341638273E-005 3.173168899239195E-005
791 6.252536520364494E-004 -1.170141137717420E-003
792 -3.701986138588588E-005 6.928143044077198E-005
793 2.312403356913118E-003 -4.327585338792797E-003
794 4.446200369106360E-005 -8.320918783524945E-005
795 -7.398275094926037E-004 1.384562371011403E-003
796 -4.701200241741414E-006 8.798163682149475E-006
797 -2.553014934651550E-006 4.777900828514650E-006
798 -3.166384073691412E-004 5.925782571401957E-004
799 2.670499417984360E-005 -4.997762001293735E-005
800 -2.252700810626271E-003 4.215854209053789E-003
801 -7.098951924994554E-005 1.328546382411270E-004
802 -7.204521973506317E-004 1.348302106365421E-003
803 -1.637726962914110E-005 3.064959674104119E-005
804 -3.399920758286181E-005 6.362844578512851E-005
805 -2.265331419169633E-005 4.239500048442062E-005
806 3.565839308765135E-003 -6.673348934143422E-003
807 6.981233402433551E-003 -1.306514412482101E-002
808 8.436209812645179E-005 -1.578810463554324E-004
809 2.196800825015788E-003 -4.111239361479378E-003
810 7.648826419786347E-006 -1.431451389081042E-005
811 3.386920956236542E-005 -6.338506475554609E-005
812 -1.782181059853852E-004 3.335291711494403E-004
813 3.703038541517816E-003 -6.930111974578031E-003
814 -4.717077095579992E-005 8.827863928876405E-005
815 2.139544307369508E-003 -4.004085391694208E-003
816 8.092814777565906E-006 -1.514547032111273E-005
817 2.188946587169283E-003 -4.096540097103266E-003
818 -2.195109440941533E-003 4.108073816420153E-003
819 8.956454734514791E-004 -1.676170186453927E-003
820 -9.880577430073558E-005 1.849116290043299E-004
821 2.981613177938621E-003 -5.579988809776278E-003
822 5.486216948794069E-005 -1.026727645503905E-004
823 4.847410173805242E-006 -9.071871047268509E-006
824 -8.769759018825096E-005 1.641231573418818E-004
825 3.832108804944703E-003 -7.171662920057933E-003
826 -2.762404619841270E-005 5.169756202365054E-005
827 -7.509470034609463E-004 1.405372415569416E-003
828 -3.798878145893373E-005 7.109450840017701E-005
829 -2.928776207157619E-004 5.481107554977906E-004
830 -3.146504474249258E-004 5.888578821563887E-004
831 -2.283344709692803E-003 4.273202525983220E-003
832 1.588165368416410E-005 -2.972222238212097E-005
833 4.449469664210161E-004 -8.327033480481123E-004
834 -1.325110908005661E-006 2.479756960850045E-006
835 9.993938618550460E-006 -1.870342186481390E-005
836 -1.855391402263593E-003 3.472303213935137E-003
837 -8.167264166443406E-006 1.528469938840419E-005
838 -2.664217320208696E-004 4.985991042281167E-004
839 6.842851757624761E-005 -1.280617047807503E-004
840 -1.878649535768647E-003 3.515829538916929E-003
841 9.209956312239828E-004 -1.723612972816836E-003
842 -1.371046589468428E-004 2.565868532843609E-004
843 3.645624446729443E-003 -6.822663892363947E-003
844 2.309621195446639E-003 -4.322378853247249E-003
845 1.725899066222316E-005 -3.229983219634913E-005
846 1.378122414477273E-005 -2.579103919019588E-005
847 1.743362127147091E-005 -3.262636035429375E-005
848 -9.650227610610976E-004 1.806007759384524E-003
849 8.328927002291861E-006 -1.558733242439239E-005
850 -1.603574613841410E-003 3.001036009753358E-003
851 2.220905700969579E-005 -4.156365724796067E-005
852 2.366821019494807E-005 -4.429441339472617E-005
853 9.941825577208317E-004 -1.860579337827364E-003
854 1.211396041132477E-005 -2.267087026281760E-005
855 -3.691894848725950E-003 6.909257373365812E-003
856 -2.629773501471809E-005 4.921537312802553E-005
857 7.306376284671386E-004 -1.367363836296088E-003
858 7.241524504671965E-005 -1.355227703367929E-004
859 1.583548903919640E-005 -2.963561399532140E-005
860 -2.934284640995787E-004 5.491412689862896E-004
861 4.202482143866126E-005 -7.864799404869405E-005
862 -4.159428850743067E-005 7.784247422179144E-005
863 9.775120025788027E-004 -1.829380985633227E-003
864 2.976762404365153E-005 -5.570925187138810E-005
865 -4.118155067497200E-004 7.706989189646223E-004
866 6.498750321268514E-006 -1.216243093235846E-005
867 -1.829727319086930E-004 3.424272559619838E-004
868 -3.685882296112532E-005 6.897989971137001E-005
869 7.634568034218207E-005 -1.428783572246109E-004
870 2.893966147084524E-003 -5.415960651937417E-003
871 -9.827631621644576E-004 1.839208110236179E-003
872 -4.825212291810690E-005 9.030225806605669E-005
873 2.859063139427466E-003 -5.350640485854555E-003
874 8.475673730872826E-006 -1.586195232805114E-005
875 2.954676373698594E-004 -5.529576605349109E-004
876 -6.023959471117007E-005 1.127366189164458E-004
877 -2.524357699685677E-003 4.724250977187550E-003
878 -4.106101028065433E-005 7.684460005022663E-005
879 -2.140325770340943E-005 4.005551100396060E-005
880 9.621315754389583E-004 -1.800596970544599E-003
881 -7.454679868446464E-006 1.395125148247247E-005
882 8.674463412490077E-004 -1.623396604418041E-003
883 -5.072684413344890E-006 9.493311398411267E-006
884 -1.135528300379835E-004 2.125103378777152E-004
885 8.658654938038041E-004 -1.620437839804082E-003
886 -1.467655093347852E-005 2.746667575269629E-005
887 -3.175960725896908E-004 5.943704230624361E-004
888 7.245913916700577E-004 -1.356048557148115E-003
889 -1.442073376873907E-005 2.698793453606359E-005
890 -6.065341227794691E-005 1.135108700884937E-004
891 -1.086537110039065E-003 2.033417558326293E-003
892 -2.050537187105270E-003 3.837511519570446E-003
893 2.558699655568844E-004 -4.788519331487146E-004
894 3.504135548108662E-004 -6.557870876083869E-004
895 -4.647620230103450E-004 8.697863976660227E-004
896 1.600974506482999E-004 -2.996170165863009E-004
897 -2.720692319499327E-005 5.091667251245845E-005
898 -9.579140776689410E-007 1.793021484343485E-006
899 1.317162649445864E-003 -2.465025840199493E-003
900 5.871157286556012E-005 -1.098773247056790E-004
901 -3.932254841361914E-003 7.359083250136986E-003
902 9.046277972327073E-004 -1.692980173536720E-003
903 -2.272944479702535E-004 4.253737090517088E-004
904 -8.100149736279239E-004 1.515916104537560E-003
905 5.200192215233318E-005 -9.731958007507233E-005
906 4.453512624045782E-004 -8.334600178413874E-004
907 6.070967850475517E-005 -1.136161750751282E-004
908 5.942314658739999E-005 -1.112087403994617E-004
909 -1.443389710280759E-004 2.701253836909680E-004
910 -5.085546855034033E-006 9.517492876433616E-006
911 6.457894289523635E-005 -1.208576352872477E-004
912 8.800563697386224E-005 -1.646995385694524E-004
913 1.432466979486225E-004 -2.680814030440117E-004
914 3.821924223270115E-004 -7.152605355125255E-004
915 1.402408599219728E-003 -2.624560479356143E-003
916 -1.838324316538127E-003 3.440362396774036E-003
917 1.387543558923024E-004 -2.596741312648887E-004
918 -2.430125158104086E-005 4.547894171091119E-005
919 -3.333770922220437E-003 6.239040597603366E-003
920 -4.747783926221452E-005 8.885320136477450E-005
921 -1.514991198600725E-006 2.835189738016010E-006
922 1.792973378946232E-004 -3.355488749506699E-004
923 -1.911747395159372E-003 3.577770755464347E-003
924 1.232440312575392E-004 -2.306471796471814E-004
925 3.737815104261896E-005 -6.995214430103433E-005
926 -2.308025565866619E-004 4.319389122295694E-004
927 2.964516838232784E-004 -5.547996898074039E-004
928 -2.369349337954145E-003 4.434157993728003E-003
929 -5.699515694534823E-006 1.066651675845007E-005
930 5.599046743838863E-005 -1.047843994491819E-004
931 -8.758277177347220E-005 1.639082328292668E-004
932 1.331741282452842E-003 -2.492309209129498E-003
933 7.489996818683702E-005 -1.401727726104215E-004
934 8.521775542969725E-004 -1.594821920040463E-003
935 2.537511837672209E-005 -4.748848054416800E-005
936 -5.966761701102770E-004 1.116659677669947E-003
937 7.504641742977945E-005 -1.404471138112029E-004
938 1.086484149879448E-003 -2.033318623396512E-003
939 -5.142669993513304E-004 9.624333062927253E-004
940 9.720004141158368E-005 -1.819066295217076E-004
941 -1.598712225970023E-003 2.991936298932698E-003
942 -1.263365513019657E-004 2.364348798917012E-004
943 -1.357304721945897E-003 2.540150162374938E-003
944 -1.913873900941846E-005 3.581755788284706E-005
945 8.080026355693275E-004 -1.512149645376555E-003
946 3.140341815767122E-005 -5.877048113804958E-005
947 1.626887205783803E-004 -3.044665748797639E-004
948 -1.649881371795551E-003 3.087697829853442E-003
949 1.181958250761549E-003 -2.211995234384118E-003
950 2.608620492010982E-004 -4.881948533890140E-004
951 -2.241213459654242E-005 4.194342030707068E-005
952 9.635784850708856E-004 -1.803304831779818E-003
953 3.532190590537853E-005 -6.610378628037119E-005
954 4.476370268895211E-004 -8.377377372672974E-004
955 1.259181162189024E-005 -2.356568982249430E-005
956 -4.721596248429954E-005 8.836289817306169E-005
957 -2.931727119115798E-005 5.486642897408730E-005
958 2.778043956913283E-003 -5.199016140875730E-003
959 -1.186576904332850E-005 2.220637256908401E-005
960 4.470566860684029E-004 -8.366514201359608E-004
961 -8.322301526327631E-006 1.557488226413218E-005
962 1.850863563676376E-003 -3.463829081767834E-003
963 -2.248119660970428E-004 4.207281145428962E-004
964 1.122486260570849E-003 -2.100695515029544E-003
965 -1.334435382366739E-004 2.497352181256246E-004
966 -1.115672311093248E-003 2.087943018972926E-003
967 -8.699753938015221E-007 1.628199043894607E-006
968 -1.470117673806945E-004 2.751276089711066E-004
969 1.069567820393945E-007 -2.001850132168109E-007
970 -1.044655511974562E-003 1.955037584459085E-003
971 -1.734853956042732E-005 3.246718465307231E-005
972 -2.819772050177402E-004 5.277109549641870E-004
973 -1.405351482539209E-003 2.630067953000021E-003
974 6.096428747854286E-004 -1.140926198793253E-003
975 4.700036454942708E-005 -8.795970434806994E-005
976 4.021717332203966E-004 -7.526511014398427E-004
977 -2.167152937667944E-003 4.055754235944223E-003
978 -1.858082619513452E-005 3.477362156187670E-005
979 4.385985739196581E-004 -8.208223432353667E-004
980 -2.342063543595227E-005 4.383125321089230E-005
981 -5.869211321565394E-004 1.098403509342357E-003
982 -2.195757227678050E-004 4.109284246694832E-004
983 -1.623645386148492E-003 3.038597810013956E-003
984 -4.564331171807531E-005 8.541981811008226E-005
985 -2.523975635624069E-005 4.723568291643871E-005
986 -1.262712881381153E-003 2.363124910739601E-003
987 -1.771015508263063E-005 3.314401183852776E-005
988 -8.504549863229813E-005 1.591599424514009E-004
989 1.760226753808304E-005 -3.294195627581744E-005
990 1.394284458344819E-004 -2.609357314374252E-004
991 3.184623116725125E-006 -5.959690855358942E-006
992 -1.331599389716223E-003 2.492043460978799E-003
993 -8.863031772111956E-006 1.658669756243524E-005
994 -8.756866328175168E-006 1.638809611870079E-005
995 7.645095111067709E-005 -1.430752508193725E-004
996 3.026041766268716E-004 -5.663136035192267E-004
997 -2.777024572383196E-004 5.197108740421598E-004
998 2.827391117022575E-005 -5.291374911858484E-005
999 1.354845471999483E-005 -2.535534002667800E-005
1000 1.311992085250974E-005 -2.455332360354081E-005
1001 1.393100080495857E-004 -2.607140911727036E-004
1002 1.372650815504753E-004 -2.568868627947333E-004
1003 2.233246254796072E-005 -4.179466535066260E-005
1004 -8.888354597998423E-004 1.663425735697147E-003
1005 6.647287899472510E-004 -1.244017730055977E-003
1006 2.561076828030886E-005 -4.792972069732258E-005
1007 -1.987930345789621E-006 3.720141750690402E-006
1008 9.968813308558620E-006 -1.865624135123567E-005
1009 -3.202370601513854E-004 5.993129942455125E-004
1010 2.981156689842644E-004 -5.579131888779061E-004
1011 5.706793499270527E-004 -1.068007075388145E-003
1012 2.052562703581339E-004 -3.841303413132967E-004
1013 -2.268649838371245E-005 4.245715812048475E-005
1014 -3.911655339748850E-004 7.320532871321443E-004
1015 -3.238581995498375E-006 6.060882115453310E-006
1016 -9.746523422142015E-004 1.824029206697790E-003
1017 3.682505740342321E-004 -6.891686846971400E-004
1018 8.642249179220368E-004 -1.617368167039656E-003
1019 5.390371173029652E-005 -1.008790494872243E-004
1020 1.036563550938599E-005 -1.939932368461071E-005
1021 2.171373415944527E-005 -4.063645764529756E-005
1022 1.231227534638828E-004 -2.304199218804743E-004
1023 -3.943457586386128E-004 7.380047936688635E-004
1024 2.435883799670219E-005 -4.558708695321864E-005
1025 1.797482836742915E-003 -3.363928913091735E-003
1026 -4.434723519980043E-005 8.299438679690455E-005
1027 -6.362987714996558E-004 1.190811780075608E-003
1028 1.118880955736121E-005 -2.093920814698012E-005
1029 2.995697777980621E-005 -5.606363372685006E-005
1030 -1.146190867870836E-005 2.145083012063165E-005
1031 7.218986547941961E-005 -1.351009707255683E-004
1032 8.174054270848575E-004 -1.529746820959338E-003
1033 -2.346010419392869E-004 4.390480720908409E-004
1034 -4.196969677907794E-006 7.854276467357235E-006
1035 -2.493805632733634E-005 4.667081397275750E-005
1036 -6.256154404937311E-005 1.170818277950222E-004
1037 -8.305225017430361E-004 1.554295242436321E-003
1038 -6.280214066669245E-004 1.175321070176207E-003
1039 -1.180794853324886E-005 2.209833289321412E-005
1040 6.047838397429856E-004 -1.131832731812389E-003
1041 -8.412678641445460E-006 1.574404365315311E-005
1042 8.690857116406805E-004 -1.626464628142299E-003
1043 1.136010957227530E-004 -2.126005549699769E-004
1044 -9.429587994949643E-004 1.764715658049317E-003
1045 -2.847494431330221E-005 5.328990029110652E-005
1046 3.970290296640640E-006 -7.430220113126526E-006
1047 1.038129277608117E-004 -1.942825191407722E-004
1048 2.669582193998506E-004 -4.996033763144508E-004
1049 2.100981675019934E-005 -3.931922632223061E-005
1050 2.309386110940510E-005 -4.321933531326039E-005
1051 -4.881164442056539E-004 9.134933126411492E-004
1052 -1.094391785876535E-005 2.048121906230861E-005
1053 -5.169029729549350E-004 9.673665742166493E-004
1054 -3.303301887948320E-004 6.182023887189853E-004
1055 -9.186825546198726E-004 1.719283699480230E-003
1056 -7.692881638638616E-004 1.439697189555690E-003
1057 7.643100287992779E-006 -1.430383883576584E-005
1058 -3.761939425156270E-005 7.040380799233085E-005
1059 -3.352764460707508E-004 6.274586797662131E-004
1060 -1.298903785973119E-003 2.430855220427477E-003
1061 -9.887597405912236E-004 1.850431065874903E-003
1062 -8.837983971556304E-005 1.653996166829906E-004
1063 7.474672096304144E-004 -1.398859815165994E-003
1064 7.186896677726257E-006 -1.345027538839261E-005
1065 1.310962039799471E-005 -2.453423446166922E-005
1066 -8.602340729425319E-006 1.609901114324457E-005
1067 -1.931582910015595E-006 3.614917581114241E-006
1068 7.211685227834741E-005 -1.349644443410771E-004
1069 7.594887529925604E-007 -1.421358581706906E-006
1070 -1.562303835390947E-005 2.923783523128268E-005
1071 -6.644749467136639E-004 1.243542351306525E-003
1072 -7.919607813177632E-006 1.482126933790143E-005
1073 2.353758982313627E-004 -4.404977026592637E-004
1074 -1.558700703808649E-004 2.917058606312726E-004
1075 -1.495340550084135E-004 2.798480370196978E-004
1076 -3.790905045605516E-007 7.094329203571383E-007
1077 5.469546592258831E-006 -1.023605347672232E-005
1078 5.914362156823040E-004 -1.106853037279644E-003
1079 -8.864519953355165E-006 1.658947483393953E-005
1080 -2.674348301387492E-004 5.004953088022249E-004
1081 -1.367368742468346E-005 2.558969205320939E-005
1082 -1.536477335707403E-005 2.875467149178582E-005
1083 7.443164336215095E-004 -1.392962921483974E-003
1084 -1.629478920131258E-005 3.049502697414851E-005
1085 2.260432555241010E-005 -4.230313131754624E-005
1086 -1.075907606433756E-003 2.013525059429717E-003
1087 8.848847279276698E-004 -1.656032508985143E-003
1088 -1.528257231584203E-004 2.860083466683998E-004
1089 -1.157105707442248E-005 2.165497042529731E-005
1090 -2.258312007027436E-005 4.226370354729379E-005
1091 -3.549561592818457E-004 6.642885740982081E-004
1092 -8.685670731696001E-004 1.625494192650496E-003
1093 1.310368848140184E-006 -2.452137605912502E-006
1094 8.568599222147414E-005 -1.603587312269105E-004
1095 -2.237407956939648E-005 4.187233491403379E-005
1096 5.172375546695978E-004 -9.679926803242456E-004
1097 1.180907310725609E-003 -2.210028372430287E-003
1098 -5.737378562885098E-004 1.073731227807028E-003
1099 1.851647640490020E-005 -3.465309063845512E-005
1100 3.693022694633247E-005 -6.911356326463600E-005
1101 2.807430924501807E-004 -5.254011045651602E-004
1102 2.395728702065657E-005 -4.483559453077163E-005
1103 2.681548670184542E-004 -5.018427725082351E-004
1104 8.205969093374646E-006 -1.535707135725320E-005
1105 -4.786325873026365E-005 8.957432850871248E-005
1106 -2.792086919368710E-006 5.225483572728167E-006
1107 -4.259063678580933E-005 7.970728965217464E-005
1108 3.423591055806558E-004 -6.407135635517933E-004
1109 3.460051906323804E-004 -6.475371688839910E-004
1110 -1.510726520395038E-004 2.827273523489500E-004
1111 1.167817528442926E-003 -2.185531233058998E-003
1112 -1.320465757060750E-005 2.471192134838217E-005
1113 7.021105486738590E-005 -1.313973791491898E-004
1114 9.651535449568627E-004 -1.806252396978933E-003
1115 1.502645151625976E-005 -2.812144720726319E-005
1116 3.196090128673272E-004 -5.981375251009665E-004
1117 5.852251869888161E-006 -1.095235411435453E-005
1118 -4.627687126410087E-004 8.660561416275857E-004
1119 7.127481002876892E-005 -1.333884172090829E-004
1120 6.508918201542817E-005 -1.218121634118489E-004
1121 2.662564955481295E-006 -4.983134194332545E-006
1122 1.308294552038325E-006 -2.448497060854978E-006
1123 -3.947861252628998E-004 7.388290725003161E-004
1124 -5.421617380912685E-008 1.014717870197257E-007
1125 1.398687028451446E-004 -2.617592012382242E-004
1126 3.422445593725234E-004 -6.404995374252762E-004
1127 1.001399305284576E-005 -1.874082034184398E-005
1128 -1.493182412882220E-003 2.794441087707528E-003
1129 2.732003687639060E-004 -5.112853469508164E-004
1130 6.112293148797982E-005 -1.143898450326751E-004
1131 -1.194774402302714E-003 2.235980101888113E-003
1132 4.362565121759377E-005 -8.164361966013821E-005
1133 -3.164842973498092E-005 5.922866734629520E-005
1134 4.758328788646405E-004 -8.905053270517317E-004
1135 -3.191247351477882E-004 5.972312752860744E-004
1136 1.953821172026916E-004 -3.656511682656723E-004
1137 -2.824484177406217E-004 5.285929242231585E-004
1138 2.031842382743427E-006 -3.802533954831215E-006
1139 2.134343475534368E-004 -3.994353086590486E-004
1140 7.412108713587589E-006 -1.387166561246588E-005
1141 1.342670974259679E-003 -2.512763910994758E-003
1142 -2.129063018509362E-005 3.984501498900575E-005
1143 -6.318885547941487E-004 1.182558457246003E-003
1144 -1.222841023820900E-005 2.288495132686030E-005
1145 1.644016110558700E-005 -3.076712123653240E-005
1146 -6.344935233184955E-005 1.187434421939594E-004
1147 2.561126914714774E-004 -4.793060387791980E-004
1148 -7.028374157553867E-004 1.315336518235104E-003
1149 -5.842060716664347E-005 1.093324528582050E-004
1150 -9.776013177750613E-004 1.829548003024858E-003
1151 -1.602277409582948E-005 2.998576627245213E-005
1152 -2.251677910672332E-005 4.213904328038811E-005
1153 -1.752503830992640E-005 3.279772635097626E-005
1154 -7.112936137979171E-005 1.331161528798322E-004
1155 9.125630713397445E-004 -1.707831185570930E-003
1156 7.459033994956656E-005 -1.395931424080331E-004
1157 1.149032792797913E-003 -2.150376100458609E-003
1158 1.106326715225020E-004 -2.070453923330190E-004
1159 -8.913757750544863E-004 1.668179897411709E-003
1160 -3.214573607417474E-006 6.015913210827745E-006
1161 -7.942925763913319E-006 1.486487142827191E-005
1162 -5.976693797634433E-004 1.118518203722370E-003
1163 -2.679431979892402E-005 5.014457701567312E-005
1164 -2.013860617615092E-005 3.768863539445739E-005
1165 -1.364429549352929E-003 2.553483902711779E-003
1166 6.039143557463673E-004 -1.130205571185870E-003
1167 -3.769504829556299E-005 7.054529773688557E-005
1168 1.257085813801336E-003 -2.352594099551269E-003
1169 4.826626829294214E-006 -9.032983252871810E-006
1170 -8.327962446925942E-005 1.558551418551628E-004
1171 -5.287895470091242E-004 9.896118843711842E-004
1172 2.818701992531266E-005 -5.275109209273202E-005
1173 1.167903070450820E-003 -2.185691378386752E-003
1174 3.784167051731859E-004 -7.081940702537046E-004
1175 -1.161794684988467E-003 2.174259913546880E-003
1176 -8.566426481458429E-005 1.603178145595769E-004
1177 5.731871017432053E-004 -1.072700464894182E-003
1178 -4.867474060448590E-005 9.109331818673686E-005
1179 2.889890485643228E-005 -5.408327186583710E-005
1180 -2.113438859621383E-004 3.955228171771994E-004
1181 9.493938535251219E-004 -1.776758652087891E-003
1182 1.012169651935859E-004 -1.894241613329414E-004
1183 -5.667672856074156E-004 1.060686157948318E-003
1184 -1.011505853829655E-004 1.893000695304830E-004
1185 2.501069642614223E-004 -4.680668515071787E-004
1186 1.306415630814357E-005 -2.444889870458038E-005
1187 -4.606462281512110E-005 8.620857834144097E-005
1188 -1.850224117016464E-004 3.462632893985307E-004
1189 -2.932295810036579E-005 5.487707868898322E-005
1190 1.103037574481551E-003 -2.064297927558112E-003
1191 -2.824498010955411E-004 5.285953107880659E-004
1192 -8.719638840737044E-005 1.631850889583286E-004
1193 2.002278348457529E-005 -3.747198626110447E-005
1194 -2.550642492205339E-004 4.773442530495253E-004
1195 -8.462033096371230E-005 1.583640825400344E-004
1196 4.337507193194525E-005 -8.117483306332414E-005
1197 7.427147369474134E-005 -1.389965551147518E-004
1198 1.097676484696548E-003 -2.054264728088515E-003
1199 -7.461449632776238E-006 1.396395338432772E-005
1200 -3.199629999428739E-004 5.987998993254035E-004
1201 -5.129626657198082E-006 9.599845072344095E-006
1202 -1.361349994843831E-004 2.547721723911557E-004
1203 4.562949927924570E-005 -8.539399967680398E-005
1204 -1.585544260505243E-003 2.967292811326845E-003
1205 2.568020046693051E-004 -4.805962251666798E-004
1206 -2.237426260086441E-004 4.187268887556617E-004
1207 -2.250074838080651E-005 4.210963183525802E-005
1208 6.867897661295311E-004 -1.285303926790044E-003
1209 1.245371836291409E-005 -2.330692021303844E-005
1210 -2.114807279031072E-006 3.957720571351898E-006
1211 1.703575358791405E-005 -3.188180291191223E-005
1212 -1.315348211153834E-005 2.461627259366678E-005
1213 4.292274170282421E-005 -8.032859302214912E-005
1214 -2.255159553837057E-004 4.220456213569170E-004
1215 -8.032306828339080E-004 1.503219460294891E-003
1216 -3.543409330143543E-004 6.631371366322942E-004
1217 3.571144512595055E-004 -6.683277722090497E-004
1218 -5.428072780849548E-004 1.015845576979224E-003
1219 1.898322844034619E-004 -3.552647155161571E-004
1220 -7.104706033994309E-004 1.329622003406150E-003
1221 8.618872121645876E-005 -1.612992667078170E-004
1222 -6.678648943174707E-004 1.249886674052719E-003
1223 -4.261291589791808E-005 7.974873847166589E-005
1224 -3.984029517651048E-005 7.455976224224951E-005
1225 4.883869839164817E-005 -9.139984582476263E-005
1226 -3.548221136785524E-006 6.640409875586997E-006
1227 -3.383496142189143E-004 6.332097270196466E-004
1228 2.735756533816055E-004 -5.119875943820767E-004
1229 6.032980716549806E-005 -1.129051152784437E-004
1230 1.405618193416958E-004 -2.630566219486463E-004
1231 -6.451099902005505E-004 1.207301889175997E-003
1232 7.297781396025014E-004 -1.365755002515244E-003
1233 2.462352572336372E-005 -4.608207798607276E-005
1234 5.281416501499321E-004 -9.883995854468408E-004
1235 -9.178831446963249E-005 1.717787807751833E-004
1236 4.510351995026635E-005 -8.440945918314176E-005
1237 -8.318196263218915E-004 1.556722588784746E-003
1238 -8.821169764687367E-004 1.650852315506907E-003
1239 -3.623472227817917E-004 6.781207824331564E-004
1240 2.849916402949225E-005 -5.333515993750328E-005
1241 6.487946029657023E-004 -1.214197273398201E-003
1242 2.550062986035764E-005 -4.772337635996726E-005
1243 1.070185020492372E-005 -2.002788070197417E-005
1244 2.357895971921028E-004 -4.412724634525867E-004
