 # The norm of the isolated state is   3456000.00240697     
 # I think there should be     3456000 i.e.    100.000000069646      %
1 5.496596345357166E-005 -1.028709571601104E-004
2 -3.443458965077226E-003 6.444319983055757E-003
3 -1.028465775713683E-005 1.924688959595000E-005
4 8.467725771421641E-005 -1.584706891091870E-004
5 1.292084087038941E-002 -2.418092231822190E-002
6 2.598985721652815E-005 -4.863849801995816E-005
7 2.365842017934062E-004 -4.427600913957559E-004
8 -1.550562024541662E-003 2.901825719671112E-003
9 -8.126068085923859E-004 1.520767507283440E-003
10 -0.467136358181454 0.874230034215410
11 -3.263128171513575E-004 6.106834925015881E-004
12 -1.207052357306152E-004 2.258939993665417E-004
13 -1.517680976316384E-002 2.840289055488230E-002
14 -1.017967110650641E-005 1.905094307357473E-005
15 5.566054348836534E-004 -1.041668404835244E-003
16 2.152893537491249E-003 -4.029068097083526E-003
17 -2.580646835392615E-005 4.829592690593624E-005
18 -1.593071592318665E-003 2.981380074808024E-003
19 5.691750702011902E-003 -1.065192055579985E-002
20 4.129600973111396E-005 -7.728408539998458E-005
21 7.889571413854614E-003 -1.476506839093899E-002
22 4.719694885323213E-002 -8.832750556468046E-002
23 4.219469548867959E-003 -7.896595815379505E-003
24 -7.500985446407714E-005 1.403784839613432E-004
25 -1.186080836562138E-004 2.219710698631466E-004
26 -1.537363029350229E-003 2.877123206183876E-003
27 -4.638922253124174E-004 8.681588132979073E-004
28 -1.228676003407581E-002 2.299425946456247E-002
29 -5.933525425811531E-003 1.110439437126999E-002
30 1.957801529838404E-003 -3.663959742048786E-003
31 -2.128767465326596E-003 3.983916862060069E-003
32 7.354828408434404E-004 -1.376431643473918E-003
33 1.820891720630476E-004 -3.407738205345167E-004
34 8.650432177510445E-003 -1.618899363000849E-002
35 1.444423310070785E-004 -2.703190235953125E-004
36 -1.510341241639441E-004 2.826549804183420E-004
37 2.144021965939447E-004 -4.012466015528199E-004
38 -6.539099427222533E-004 1.223770394595268E-003
39 7.779567913213102E-003 -1.455919990359054E-002
40 1.598939975993713E-004 -2.992362170239935E-004
41 -9.599735866028913E-003 1.796558399294017E-002
42 3.849045263641256E-004 -7.203371802569781E-004
43 -1.017827147274028E-004 1.904831723746851E-004
44 7.139383997347273E-004 -1.336111766740770E-003
45 -2.046072092446579E-004 3.829155332200982E-004
46 -1.990250412183393E-004 3.724685237849216E-004
47 2.530921528579911E-003 -4.736535037100122E-003
48 4.207933577656789E-005 -7.875007835039322E-005
49 -6.593419816709494E-005 1.233936686038056E-004
50 -2.481699641761998E-004 4.644416606780912E-004
51 3.460061755567259E-003 -6.475389708483934E-003
52 -1.195656072442400E-004 2.237631182630842E-004
53 -2.124607797849834E-003 3.976132431179552E-003
54 -8.458113877808564E-005 1.582898944536357E-004
55 -3.504400796533370E-005 6.558368796437465E-005
56 1.653400375755854E-004 -3.094283479475443E-004
57 9.065880895781710E-006 -1.696632367988528E-005
58 5.214231308970258E-005 -9.758293754499307E-005
59 6.722578253102636E-004 -1.258107977392740E-003
60 -6.313783709388873E-004 1.181603477033099E-003
61 -2.400177435584469E-006 4.491794286228634E-006
62 -5.538936432754142E-004 1.036593412863556E-003
63 -1.687105195768175E-005 3.157377169361633E-005
64 -8.841385166655652E-004 1.654635549103728E-003
65 5.423479862524122E-004 -1.014986090326421E-003
66 5.830089468788168E-006 -1.091082823546224E-005
67 5.596470752033057E-004 -1.047360780921494E-003
68 -8.941279486221382E-004 1.673330523021617E-003
69 -4.402034690268375E-005 8.238259433171573E-005
70 4.699926313136715E-006 -8.796090542470275E-006
71 3.748769201406562E-004 -7.015696412085222E-004
72 -9.972790347086396E-005 1.866374228216363E-004
73 5.348428850561008E-006 -1.000929704713195E-005
74 -4.795852225481697E-006 8.974936944698355E-006
75 -2.631991995944345E-004 4.925684918086792E-004
76 -2.104825236878654E-005 3.939112792956705E-005
77 4.900771326619067E-004 -9.171630315681391E-004
78 2.597717350157868E-005 -4.861576101421962E-005
79 3.341550849141804E-005 -6.253600936312773E-005
80 -5.814520058606391E-004 1.088167931354626E-003
81 1.743728181347828E-007 -3.264428313168968E-007
82 -1.162380926956802E-004 2.175364273145828E-004
83 -6.054185728615466E-004 1.133020520948572E-003
84 -2.591104223826220E-007 4.848958361106207E-007
85 2.278771122816839E-005 -4.264644365735013E-005
86 1.443430333569319E-005 -2.701343218436139E-005
87 -5.808278162591681E-007 1.087015134157479E-006
88 3.308294311514692E-005 -6.191362796022627E-005
89 1.227375554053383E-003 -2.296992145306046E-003
90 -3.505867788274375E-005 6.561107933542476E-005
91 -1.084950867239807E-005 2.030452989746635E-005
92 -3.419510593049794E-006 6.399533938664191E-006
93 -4.317530982129978E-004 8.080114460933653E-004
94 6.153136305557371E-004 -1.151538837250439E-003
95 -7.416614523381881E-006 1.387964706286498E-005
96 1.252684458930015E-005 -2.344337162585464E-005
97 1.430866056460708E-003 -2.677817823163702E-003
98 -1.381927476892173E-003 2.586230879250491E-003
99 -1.715758855162055E-003 3.210985199431391E-003
100 3.195221233884583E-004 -5.979749421162806E-004
101 -5.010989074934713E-004 9.377898428434308E-004
102 -1.504323709312792E-004 2.815289263252193E-004
103 2.250119135825602E-005 -4.211015061326570E-005
104 5.853646912774363E-004 -1.095490367653404E-003
105 3.687188887680181E-005 -6.900452987413427E-005
106 -6.053068211207533E-005 1.132812095736422E-004
107 1.633684760216273E-003 -3.057386252078774E-003
108 -5.721175885449694E-004 1.070698870089960E-003
109 -9.687274013830105E-006 1.812943756086126E-005
110 6.788146412011033E-004 -1.270378922775303E-003
111 8.736960677605035E-005 -1.635092862000007E-004
112 -2.413378877651139E-005 4.516560498872527E-005
113 -1.512569580041043E-005 2.830695314617873E-005
114 -1.775644499003347E-004 3.323059371471451E-004
115 -1.348044945617337E-003 2.522820887311457E-003
116 -4.453936419904374E-006 8.335377378922102E-006
117 1.065863319173669E-003 -1.994727449995172E-003
118 -1.937806855250661E-005 3.626535704115300E-005
119 -2.261547119273707E-003 4.232409611443226E-003
120 2.744047543430538E-003 -5.135392932106874E-003
121 -4.631575227089538E-005 8.667842116982093E-005
122 1.746003820417417E-003 -3.267587629376394E-003
123 1.450636010980837E-004 -2.714816663672825E-004
124 1.832774439403253E-003 -3.429975865332916E-003
125 -9.765085575161080E-006 1.827526837974050E-005
126 -2.246758567994371E-003 4.204733333282574E-003
127 -7.478348200038133E-004 1.399547834089581E-003
128 -1.838089265378181E-006 3.439956787213521E-006
129 -1.938976094525214E-007 3.628844337033317E-007
130 1.191384157305620E-003 -2.229635512335135E-003
131 2.570294854798960E-006 -4.810218338587594E-006
132 1.166952036126210E-003 -2.183911619069310E-003
133 -2.919994792990497E-003 5.464672353083892E-003
134 -9.240658306501624E-006 1.729358754166736E-005
135 2.199955647344384E-003 -4.117143297422883E-003
136 1.630641950678644E-005 -3.051688981037256E-005
137 3.191021319834901E-005 -5.971888379180186E-005
138 9.038656145479186E-004 -1.691554197483713E-003
139 1.091669737635329E-003 -2.043023343377301E-003
140 -4.828978025097912E-005 9.037269059141982E-005
141 -2.011219175065884E-003 3.763929238465685E-003
142 -9.211047244719259E-006 1.723802826261572E-005
143 -4.361147627637207E-004 8.161741793399259E-004
144 -1.899528350086782E-005 3.554865245528623E-005
145 3.194017817926645E-006 -5.977497326182769E-006
146 8.213838341887115E-005 -1.537192270942968E-004
147 6.209553964707449E-006 -1.162087931616434E-005
148 1.200518893618473E-003 -2.246730847771741E-003
149 2.187430908462773E-005 -4.093682063445033E-005
150 -2.656134397204005E-004 4.970866702161606E-004
151 -6.780907283546731E-005 1.269023804620867E-004
152 4.062542545764009E-006 -7.602863245910525E-006
153 -4.105890030799563E-005 7.684033113294257E-005
154 1.521560307323813E-003 -2.847549118682279E-003
155 -4.430081385578115E-007 8.291510622304655E-007
156 2.865955060535438E-004 -5.363538619884841E-004
157 -2.816672630768477E-003 5.271308385256729E-003
158 -2.051694414658504E-005 3.839684912126848E-005
159 1.251533474252318E-005 -2.342209289100688E-005
160 1.920941061913530E-004 -3.594976973047383E-004
161 3.232821114619260E-003 -6.050116294723061E-003
162 8.817166769189724E-006 -1.650103227823044E-005
163 -1.584573413517459E-004 2.965476068230396E-004
164 -8.505297998560117E-004 1.591738018737629E-003
165 2.237740090166036E-003 -4.187855556315821E-003
166 5.847835326925726E-004 -1.094402742252678E-003
167 5.185701731679723E-006 -9.704875399208799E-006
168 -3.049334146723142E-003 5.706726564338602E-003
169 -2.437756040752766E-003 4.562178740463293E-003
170 1.860961078847860E-005 -3.482723724597268E-005
171 -1.089388096894927E-003 2.038753287491791E-003
172 4.688193390263153E-004 -8.773796721545590E-004
173 4.344356227552577E-005 -8.130320684324628E-005
174 -9.374052489270241E-006 1.754323679181291E-005
175 2.792355841670438E-004 -5.225800289085298E-004
176 -3.741925459462320E-005 7.002888786281922E-005
177 -1.301064768007017E-003 2.434899117442437E-003
178 -3.517780236934411E-004 6.583407812653873E-004
179 2.521922375740393E-005 -4.719695965965203E-005
180 6.427516558647262E-004 -1.202888198656437E-003
181 8.000546332020596E-005 -1.497275744550207E-004
182 -8.612906205686263E-004 1.611876512183207E-003
183 1.812572916399662E-003 -3.392169343669044E-003
184 -5.409081033591034E-005 1.012291420466415E-004
185 4.944121711447803E-004 -9.252757727035640E-004
186 1.450777502631348E-005 -2.715082249988801E-005
187 2.037872214057714E-005 -3.813810793503836E-005
188 1.173785373711780E-003 -2.196699981746094E-003
189 7.386024625023995E-005 -1.382269637246568E-004
190 -2.756114737297037E-003 5.157976353788884E-003
191 -5.209657573216765E-005 9.749671518149885E-005
192 -3.760320452449487E-004 7.037313576955898E-004
193 1.571862232954907E-004 -2.941687171221615E-004
194 -2.702443084213494E-004 5.057531524386517E-004
195 1.952866103533451E-003 -3.654723422905118E-003
196 -2.704125844218236E-004 5.060680025817262E-004
197 4.576724967438541E-006 -8.565235290836921E-006
198 -8.230764638678400E-006 1.540360593172083E-005
199 -2.820592552664672E-004 5.278644140198729E-004
200 -2.078733683992999E-005 3.890369308130492E-005
201 -1.700703065726098E-003 3.182808696135328E-003
202 9.353311737588995E-004 -1.750440933807345E-003
203 3.867324226207343E-004 -7.237566361858663E-004
204 -4.892068887883372E-005 9.155331059203874E-005
205 9.598601942233647E-005 -1.796346407673038E-004
206 3.436756607081663E-006 -6.431874997034610E-006
207 3.824526209511038E-006 -7.157443181601997E-006
208 -2.859626357599867E-005 5.351687587448349E-005
209 5.576148419387004E-005 -1.043557122594871E-004
210 -5.990658047828007E-004 1.121131522472756E-003
211 -6.723688960472978E-006 1.258308616804780E-005
212 1.400281363652313E-005 -2.620578452740001E-005
213 8.695637873732264E-005 -1.627359495689480E-004
214 3.876061561738460E-004 -7.253919484734102E-004
215 -1.745463915650489E-004 3.266576932434608E-004
216 -1.006083708018915E-003 1.882851976896326E-003
217 1.542114755343539E-003 -2.886016055041918E-003
218 1.146536518536267E-004 -2.145701885755501E-004
219 1.420501840955526E-003 -2.658421555868402E-003
220 9.277675615764573E-004 -1.736285847712405E-003
221 5.062893796092093E-005 -9.475031914787622E-005
222 7.703404039045720E-005 -1.441666599709554E-004
223 1.029303891025542E-004 -1.926306862803792E-004
224 -5.259639662000266E-005 9.843234739536990E-005
225 1.297330800531231E-003 -2.427911104073104E-003
226 -1.916852211633632E-003 3.587324799994643E-003
227 1.776200876604679E-003 -3.324100300648757E-003
228 1.048193794777236E-004 -1.961659822138875E-004
229 7.618401830842723E-004 -1.425758474822541E-003
230 -7.845661820588061E-005 1.468289199149578E-004
231 1.207594331485697E-003 -2.259972341441226E-003
232 2.165816678171512E-005 -4.053249077968528E-005
233 1.862445295941498E-005 -3.485503028160613E-005
234 6.915569040832820E-005 -1.294225774224324E-004
235 1.084846248553785E-003 -2.030253342391108E-003
236 3.642760833191915E-005 -6.817306239730268E-005
237 -4.374208581078783E-003 8.186184716712617E-003
238 6.031671496033482E-004 -1.128807099776175E-003
239 1.379026742602698E-003 -2.580802324689569E-003
240 -6.003458609795693E-005 1.123527345615770E-004
241 1.280847255241843E-003 -2.397062709436369E-003
242 -4.356213075128328E-005 8.152506657887608E-005
243 1.023220213359767E-006 -1.914947914041029E-006
244 1.312096684424401E-004 -2.455544968395824E-004
245 -2.553413475984364E-003 4.778627721983559E-003
246 4.239209196859816E-005 -7.933539699078852E-005
247 -1.833624255689203E-005 3.431565530533853E-005
248 2.231269965599143E-003 -4.175746812566297E-003
249 9.752587342857931E-005 -1.825163879307546E-004
250 1.300392731842123E-003 -2.433641421069259E-003
251 2.775512615904970E-005 -5.194281016932670E-005
252 -3.686275105775670E-005 6.898739353617383E-005
253 -1.082370594935991E-003 2.025620343603201E-003
254 6.040299425651092E-005 -1.130421781481819E-004
255 -1.202137121829078E-004 2.249759073835501E-004
256 -4.387578131284498E-005 8.211205366349159E-005
257 2.290115466333263E-003 -4.285874351894895E-003
258 -1.412115467302926E-003 2.642726781127484E-003
259 -2.593308884859758E-005 4.853287754955021E-005
260 -1.350627522126272E-004 2.527653611218770E-004
261 -9.205139485092679E-005 1.722710911389551E-004
262 7.550021274906513E-004 -1.412961145054430E-003
263 1.519125724398141E-003 -2.842992860960856E-003
264 -1.208371980283874E-003 2.261427689262601E-003
265 1.041824635493096E-004 -1.949739798791853E-004
266 3.766203547453504E-004 -7.048323730005399E-004
267 1.475039974328605E-003 -2.760487812213978E-003
268 2.070499894214804E-003 -3.874871119754029E-003
269 -1.092796477465451E-003 2.045132025292132E-003
270 -4.791152781567389E-003 8.966481788695193E-003
271 -6.399819558271620E-004 1.197704779747176E-003
272 -1.739671266953906E-004 3.255736562600439E-004
273 -3.463035701693020E-003 6.480955472520476E-003
274 4.364270180237177E-005 -8.167584672227123E-005
275 -2.404675204585351E-003 4.500269043410602E-003
276 -5.277249463428441E-004 9.876194779029192E-004
277 1.968605128851499E-004 -3.684178446341573E-004
278 9.668346393579084E-004 -1.809398605236188E-003
279 -1.199645980389245E-004 2.245097214286834E-004
280 4.480465966959130E-004 -8.385042275085494E-004
281 -1.502508659931075E-003 2.811895003961752E-003
282 3.202008338613980E-004 -5.992451170231972E-004
283 -1.793519009591793E-003 3.356510842805573E-003
284 -1.278698369818930E-003 2.393041123399951E-003
285 -1.587188893455111E-005 2.970371825599631E-005
286 1.622137180677196E-005 -3.035778831827556E-005
287 -4.140118895001544E-004 7.748093828438960E-004
288 4.555172703797904E-004 -8.524852960563859E-004
289 2.512405245333834E-005 -4.701879190348256E-005
290 -9.093062500541171E-006 1.701733004784214E-005
291 -1.445558229350008E-004 2.705313753286616E-004
292 -1.455517644576719E-003 2.723952488548884E-003
293 5.586822223045557E-005 -1.045555422043262E-004
294 1.826221165070591E-005 -3.417711541593737E-005
295 8.547952979251507E-004 -1.599720746719156E-003
296 1.817919900098404E-003 -3.402176177902840E-003
297 1.337061744027980E-004 -2.502266185661880E-004
298 -1.335987886248010E-004 2.500256498022078E-004
299 -1.633852700616345E-003 3.057700637193313E-003
300 6.530008030897320E-004 -1.222069101839949E-003
301 8.255495100903604E-005 -1.544988240307002E-004
302 9.178759268256612E-004 -1.717774024835091E-003
303 -1.576823888381756E-004 2.950972449530676E-004
304 3.246695302723467E-006 -6.076143988211569E-006
305 9.189365653583276E-005 -1.719758797079552E-004
306 -1.494499781002558E-003 2.796906234184991E-003
307 6.725211543719022E-004 -1.258600783988088E-003
308 -1.797160748730209E-003 3.363326103614491E-003
309 -1.276319941753853E-004 2.388590373852821E-004
310 7.851693217209901E-004 -1.469418214689335E-003
311 -1.351315706212541E-003 2.528942043599203E-003
312 5.772285243304469E-005 -1.080263819432171E-004
313 7.955819927735161E-004 -1.488905007035583E-003
314 -6.552035108292614E-005 1.226191280293159E-004
315 -1.233753704647461E-004 2.308928884467213E-004
316 -1.502243359117498E-003 2.811398076418079E-003
317 4.251220171390019E-004 -7.956017137709079E-004
318 1.793318828199164E-004 -3.356136093217733E-004
319 2.293115597587185E-004 -4.291489638532516E-004
320 -3.329864212141338E-003 6.231729240025771E-003
321 -4.377786365229617E-005 8.192880645004560E-005
322 1.108007154811594E-004 -2.073597877151447E-004
323 -5.198966434158055E-004 9.729690994140100E-004
324 5.724596282973131E-006 -1.071337989603974E-005
325 -1.017837993082459E-004 1.904850034890637E-004
326 1.367616176541007E-003 -2.559447835156241E-003
327 -2.857642136450411E-005 5.347979028358478E-005
328 -3.179230336416326E-006 5.949823094190449E-006
329 1.626321687270923E-004 -3.043606459703470E-004
330 1.639371831047440E-003 -3.068029419308637E-003
331 3.021580075842008E-005 -5.654784686761913E-005
332 -5.817654707137290E-004 1.088754515827862E-003
333 -7.918534813205932E-004 1.481927383495390E-003
334 1.371096154976776E-004 -2.565960385506443E-004
335 1.523634466143411E-005 -2.851436344144471E-005
336 -2.176012174031802E-003 4.072333787282945E-003
337 -5.357407070643754E-005 1.002620658262488E-004
338 -1.909097950841305E-003 3.572812792710857E-003
339 -9.780006154096393E-005 1.830295373451612E-004
340 5.642016049519737E-004 -1.055884315408219E-003
341 1.424317678823989E-004 -2.665562887795976E-004
342 8.143250498572407E-005 -1.523981511102594E-004
343 -1.232452007176323E-003 2.306492842608686E-003
344 2.216183071675220E-003 -4.147512372439079E-003
345 1.484988808007879E-004 -2.779106733919892E-004
346 4.313975355353579E-005 -8.073459226532385E-005
347 9.256595002196879E-005 -1.732340639216429E-004
348 7.638880859417183E-004 -1.429590916314292E-003
349 -1.941836924646505E-005 3.634081681022891E-005
350 -1.047334308585084E-003 1.960051044661426E-003
351 -1.395733849744081E-003 2.612069082206949E-003
352 1.805087519932021E-003 -3.378160767780739E-003
353 -1.698434999272519E-004 3.178564060058471E-004
354 2.765382394280157E-003 -5.175320458399990E-003
355 -1.104446999009827E-003 2.066935492412940E-003
356 2.595593085544253E-004 -4.857565190163613E-004
357 3.549321477729896E-004 -6.642436253545906E-004
358 3.585584604029942E-005 -6.710300082190329E-005
359 1.202284164259227E-003 -2.250034511539357E-003
360 -1.323885788843543E-005 2.477606283058739E-005
361 6.133865500097504E-005 -1.147932366542505E-004
362 3.319076909196681E-004 -6.211541227663299E-004
363 -1.525606593216927E-004 2.855121512950998E-004
364 3.109887516824736E-004 -5.820049964183241E-004
365 1.038926534369646E-005 -1.944314078114096E-005
366 -6.621464487103015E-004 1.239184900112216E-003
367 7.327838794644189E-004 -1.371380468278933E-003
368 1.005490794336798E-003 -1.881742337561796E-003
369 -7.532921664742669E-005 1.409761053460760E-004
370 5.465353620621048E-005 -1.022822497697830E-004
371 1.960324369835096E-005 -3.668687738640597E-005
372 -1.119414909846923E-003 2.094947524490074E-003
373 2.897416799525442E-004 -5.422418255793596E-004
374 5.539942636115127E-006 -1.036783521252304E-005
375 -2.154561464883572E-003 4.032189497245281E-003
376 5.627591425511840E-004 -1.053184883425916E-003
377 -1.825354300087041E-005 3.416089078712626E-005
378 3.364473655160927E-004 -6.296499401173143E-004
379 9.146266337553736E-005 -1.711693061699180E-004
380 -2.113187534561689E-003 3.954759564647195E-003
381 -6.472781263543908E-004 1.211359367626852E-003
382 -3.630883089228074E-005 6.795073651720058E-005
383 -4.310208779841804E-004 8.066410931568804E-004
384 -4.783858682219529E-005 8.952835245825419E-005
385 6.389046656822564E-004 -1.195688613792694E-003
386 4.661772747122383E-005 -8.724352282987803E-005
387 8.372565527997431E-004 -1.566897556548742E-003
388 -3.498791047079966E-005 6.547866658520294E-005
389 2.179096782166583E-005 -4.078112267515118E-005
390 2.291815766018986E-003 -4.289056357560998E-003
391 4.867349058869401E-005 -9.109083706442726E-005
392 2.813785547967587E-004 -5.265905549942130E-004
393 2.070241652529698E-005 -3.874380798901974E-005
394 -5.542321200154503E-004 1.037226854467888E-003
395 -3.573875822115728E-004 6.688388836599348E-004
396 -2.648857773185340E-005 4.957251362920620E-005
397 -1.039134058532743E-005 1.944705294822214E-005
398 -2.125489314478593E-004 3.977782685748230E-004
399 2.616800668723330E-004 -4.897254516627644E-004
400 -6.733984475291081E-005 1.260242586261559E-004
401 9.075141636965479E-006 -1.698391741045720E-005
402 -1.788220214920608E-003 3.346594167670850E-003
403 -3.386788072014362E-005 6.338260078215810E-005
404 4.085646779152436E-004 -7.646151164849178E-004
405 5.607509752826487E-006 -1.049424205963781E-005
406 3.065101703258040E-004 -5.736235607566350E-004
407 7.171056824072646E-004 -1.342039237764227E-003
408 1.226010114550015E-003 -2.294436832144174E-003
409 -1.062079261127633E-005 1.987646388091093E-005
410 2.559046692424604E-006 -4.789173592459901E-006
411 6.152194032229829E-004 -1.151362529317545E-003
412 -1.449425626538901E-003 2.712551459493106E-003
413 3.972889928934385E-004 -7.435130109878396E-004
414 6.166754734739392E-005 -1.154087608416388E-004
415 7.756631187946506E-004 -1.451627569829445E-003
416 -3.694493584089024E-006 6.914099622938264E-006
417 -1.404906128481110E-005 2.629233102483732E-005
418 3.328421849342933E-004 -6.229029872537343E-004
419 -2.339412578651590E-004 4.378132158484179E-004
420 2.683751294177128E-005 -5.022550688343007E-005
421 -4.367826016205038E-005 8.174240960732441E-005
422 -1.630861373440553E-006 3.052106054662086E-006
423 -1.688979581509125E-003 3.160868620816113E-003
424 1.691707240577645E-005 -3.165975626310457E-005
425 -7.433647032811696E-005 1.391182182683912E-004
426 -1.439498866242298E-003 2.693973905329876E-003
427 1.665432209685575E-003 -3.116800547325489E-003
428 -9.952056459349027E-007 1.862501592783008E-006
429 -1.543880259331545E-005 2.889322667451856E-005
430 4.580535651383514E-004 -8.572318819715604E-004
431 -1.067043507232345E-003 1.996936140723128E-003
432 2.357346893997939E-004 -4.411695641183920E-004
433 -3.504255369881591E-005 6.558100128224218E-005
434 -4.273146100047986E-005 7.997050695340838E-005
435 8.272208472761094E-004 -1.548116072025103E-003
436 4.044119916946065E-006 -7.568407398563025E-006
437 1.968907681791877E-005 -3.684747277508639E-005
438 -5.672303348439545E-004 1.061552391454557E-003
439 6.344083535046378E-005 -1.187274567952757E-004
440 -1.588934109533283E-004 2.973637024146438E-004
441 -1.710725546151971E-003 3.201565524962352E-003
442 -2.123284428274151E-003 3.973655642002129E-003
443 1.089195674713748E-004 -2.038393080946584E-004
444 -2.322434314450888E-003 4.346357955310442E-003
445 -2.033277995707261E-004 3.805211551053391E-004
446 -4.941501189490706E-005 9.247854441226934E-005
447 -7.958596432719988E-005 1.489424707680596E-004
448 -1.619819785688418E-003 3.031438425815495E-003
449 7.874214643084338E-004 -1.473632867404308E-003
450 5.898378676777542E-005 -1.103861546737952E-004
451 -3.894890724448357E-004 7.289157318248469E-004
452 4.375023317124470E-006 -8.187705149211909E-006
453 6.816352190678679E-005 -1.275657462009370E-004
454 5.005216990607586E-004 -9.367095979647660E-004
455 8.661603730867538E-005 -1.620990290694315E-004
456 -2.942738061900856E-004 5.507235687738354E-004
457 3.102687600824872E-004 -5.806577113882275E-004
458 2.768074555361360E-004 -5.180358783082958E-004
459 1.018645519025394E-003 -1.906360929683899E-003
460 -1.577010411854433E-003 2.951322144327871E-003
461 -2.963915674149545E-005 5.546871306740832E-005
462 -4.004719972585777E-004 7.494699096693882E-004
463 7.055963580072915E-005 -1.320500025264180E-004
464 1.215465000989478E-003 -2.274702027581376E-003
465 -1.768757977827098E-003 3.310171262082261E-003
466 -1.054950985308605E-004 1.974305339752431E-004
467 9.656750704610529E-006 -1.807228657720516E-005
468 -2.700969392517193E-004 5.054773386326863E-004
469 1.719553352033751E-005 -3.218085712281106E-005
470 6.354570124182737E-005 -1.189236760323619E-004
471 -5.056684964578001E-006 9.463414261971337E-006
472 -9.397375456192258E-007 1.758698590286889E-006
473 -1.749730257804075E-004 3.274561376690614E-004
474 -4.115076526858824E-005 7.701226542480529E-005
475 -6.301022453992392E-004 1.179215221267402E-003
476 -2.380629992323384E-005 4.455267450785128E-005
477 4.504290085004268E-004 -8.429628144730870E-004
478 6.932462870607187E-005 -1.297387274509885E-004
479 1.882950755108269E-005 -3.523879387243465E-005
480 -1.153500233494881E-005 2.158738401133693E-005
481 4.037303057985565E-007 -7.555236516832220E-007
482 -2.179469841680652E-005 4.078806269548660E-005
483 1.196686218959276E-004 -2.239558172301988E-004
484 -6.549282385948632E-004 1.225676247083991E-003
485 2.898352159571165E-004 -5.424168656424634E-004
486 -3.429484843630160E-004 6.418167489140207E-004
487 5.830927709469679E-007 -1.091164085423721E-006
488 -7.027652963648841E-005 1.315201082376625E-004
489 5.843517522938988E-004 -1.093594712703053E-003
490 -5.688197227374955E-005 1.064527297057288E-004
491 1.648269872417648E-004 -3.084681301305170E-004
492 -3.324509180940349E-005 6.221704917129680E-005
493 4.885716308940326E-005 -9.143451669698395E-005
494 5.962633732459376E-004 -1.115886892147491E-003
495 -1.074879192672155E-005 2.011598113799021E-005
496 7.701655244114182E-006 -1.441335539523681E-005
497 6.689290886009495E-004 -1.251878361754273E-003
498 -7.033072072821660E-004 1.316215863651657E-003
499 -1.106854656095020E-005 2.071441861026395E-005
500 1.058917323436059E-005 -1.981732866481524E-005
501 1.001304695620638E-003 -1.873908147339703E-003
502 7.879221805666935E-004 -1.474569958171374E-003
503 -1.828659930165005E-004 3.422276531011149E-004
504 4.980411894170967E-004 -9.320673795215707E-004
505 8.245305199002625E-005 -1.543080375764942E-004
506 -2.665973149630907E-004 4.989279351087644E-004
507 -4.340522008554137E-004 8.123141325010029E-004
508 -2.076450152680255E-003 3.886006850873584E-003
509 1.130960679129775E-004 -2.116554513701792E-004
510 -1.775018032017707E-005 3.321842641899410E-005
511 -7.836415382280385E-004 1.466558880882387E-003
512 1.980094259808281E-003 -3.705679944073121E-003
513 -3.094781779577500E-006 5.791694118600849E-006
514 -1.680936208557863E-005 3.145799511289555E-005
515 9.433067357357849E-004 -1.765366943114892E-003
516 5.055975773990579E-004 -9.462087675291555E-004
517 -5.741235002442366E-006 1.074450413301488E-005
518 -4.075031385393597E-005 7.626283851204766E-005
519 -2.989386362619232E-003 5.594536294068172E-003
520 2.552757497492861E-005 -4.777400457127524E-005
521 -8.625723142059895E-005 1.614273345283650E-004
522 3.081493656972386E-004 -5.766911662029954E-004
523 -1.172697609159459E-006 2.194673406383841E-006
524 2.477648970168861E-004 -4.636836724067325E-004
525 9.298843226534735E-004 -1.740247385693567E-003
526 -2.475267064865266E-004 4.632378966266594E-004
527 1.144701517950073E-003 -2.142270537324575E-003
528 -1.952751983417726E-003 3.654509877314037E-003
529 2.162259507012774E-003 -4.046596183033381E-003
530 -7.380127187178472E-005 1.381165992268747E-004
531 -1.698099264772729E-005 3.177933977335946E-005
532 9.943824408428419E-004 -1.860953401807766E-003
533 3.162832496329553E-005 -5.919132943015616E-005
534 -3.168083062087947E-005 5.928961178117825E-005
535 2.274859517107377E-004 -4.257323215049267E-004
536 -1.064786103726569E-005 1.992712535779306E-005
537 -6.928138412278808E-005 1.296577369788850E-004
538 2.346591277760023E-003 -4.391566907503833E-003
539 -2.526395769812909E-004 4.728065000359408E-004
540 -1.283919941677552E-003 2.402813124561521E-003
541 -1.633465756041967E-004 3.056976057809526E-004
542 -1.484118971002402E-005 2.777474307771612E-005
543 1.747233009409294E-003 -3.269887983670097E-003
544 4.111528664831475E-005 -7.694586890779365E-005
545 1.149165396839923E-006 -2.150590098832081E-006
546 -1.629132477412876E-003 3.048866825940616E-003
547 -4.084969633681241E-005 7.644886649419803E-005
548 -4.334690926747462E-004 8.112228646101320E-004
549 -2.016225627963325E-003 3.773298694592888E-003
550 -3.344636122824283E-005 6.259378783566953E-005
551 1.945172612531204E-004 -3.640325315049435E-004
552 2.102880246202007E-003 -3.935469906054092E-003
553 -4.791008560378765E-004 8.966211704649818E-004
554 1.613002617295416E-003 -3.018680346366385E-003
555 3.478439682166561E-005 -6.509798440199368E-005
556 -4.414852611036549E-005 8.262247561599073E-005
557 1.323255626487821E-005 -2.476437396618877E-005
558 -9.050399288624375E-004 1.693751918607009E-003
559 3.860934594896610E-004 -7.225609787515306E-004
560 2.623887356727596E-004 -4.910517249646839E-004
561 5.933058344921410E-004 -1.110351974406825E-003
562 -3.223491473064986E-005 6.032662161805078E-005
563 5.724512041577506E-004 -1.071323241504353E-003
564 1.601096926395807E-006 -2.996439114684267E-006
565 5.701574370543432E-004 -1.067030581576973E-003
566 -3.661498020375267E-004 6.852370473279745E-004
567 1.832414605715410E-003 -3.429302510439498E-003
568 -2.535821989469608E-003 4.745705791928638E-003
569 7.216286117877291E-004 -1.350503825601984E-003
570 -1.315641187122447E-003 2.462178399325006E-003
571 -4.657230215694985E-004 8.715850185100985E-004
572 9.951057016590519E-004 -1.862306965965384E-003
573 -2.400827249961210E-005 4.493065861515111E-005
574 -1.030778492977737E-003 1.929067368588591E-003
575 -2.987791347806742E-005 5.591550008386794E-005
576 -3.058629158880634E-003 5.724121933372734E-003
577 -3.123142190809629E-005 5.844854927213281E-005
578 -2.759197007301838E-005 5.163744491966571E-005
579 -2.476914899815375E-003 4.635463209995834E-003
580 -1.458822040822876E-005 2.730135456030358E-005
581 1.559966073891670E-003 -2.919424204952843E-003
582 -2.851072645591014E-005 5.335681553757342E-005
583 -1.587807033540505E-003 2.971527671151729E-003
584 -1.379841790622868E-004 2.582327282718915E-004
585 -2.198098267206276E-003 4.113667252555820E-003
586 1.306050515692195E-004 -2.444228807929012E-004
587 -7.197341873371284E-004 1.346958408538549E-003
588 -1.982354085479480E-004 3.709909277244651E-004
589 -7.425089262273328E-004 1.389580562391001E-003
590 8.888453085456977E-005 -1.663444185502884E-004
591 -1.432879917136633E-003 2.681586707339248E-003
592 2.159261065281984E-005 -4.040983787796375E-005
593 -6.110506994757337E-005 1.143560927561884E-004
594 5.266696541208064E-005 -9.856447464860422E-005
595 -5.236719584649683E-004 9.800345082891019E-004
596 8.175917654648778E-005 -1.530095998119681E-004
597 -2.184217437231031E-004 4.087689539148029E-004
598 -2.593137310260445E-005 4.852964580749813E-005
599 -1.693532253941593E-005 3.169389090788906E-005
600 -4.653248828534729E-004 8.708399059348047E-004
601 3.414915045297136E-005 -6.390896854195787E-005
602 -3.999898064329799E-005 7.485673509704702E-005
603 1.254870385056539E-003 -2.348447944596005E-003
604 6.717402896652397E-006 -1.257139279013409E-005
605 -5.695711926547513E-004 1.065933376626520E-003
606 2.254139638762198E-005 -4.218548540099403E-005
607 -2.108618838014000E-005 3.946208410276298E-005
608 2.332315804148689E-004 -4.364850792957438E-004
609 -4.984268792503655E-004 9.327891993339864E-004
610 2.346606566771632E-005 -4.391595225398795E-005
611 -5.259405331306223E-006 9.842776832632113E-006
612 6.074899149547368E-005 -1.136896644725669E-004
613 3.631277028483294E-004 -6.795813321412228E-004
614 -7.469977181492865E-004 1.397981187512233E-003
615 -1.693098598205898E-005 3.168578750215952E-005
616 1.731500205050778E-003 -3.240444553506187E-003
617 2.291712584691790E-004 -4.288862251877807E-004
618 -4.522100586037664E-005 8.462959544271508E-005
619 -1.266899821755902E-005 2.370960242182284E-005
620 3.264436888587077E-005 -6.109283771413582E-005
621 4.621683593194115E-005 -8.649320792464251E-005
622 1.260472470074191E-003 -2.358931965950618E-003
623 -9.715646098560174E-005 1.818250636274433E-004
624 -9.552815922468083E-005 1.787777306923735E-004
625 1.286015173224033E-003 -2.406734295759388E-003
626 -2.924468242547890E-005 5.473048189712828E-005
627 1.682184608106236E-003 -3.148152059139743E-003
628 6.970302332917242E-005 -1.304469380131360E-004
629 4.898146343834679E-005 -9.166717161539883E-005
630 1.479847253106174E-006 -2.769509731502377E-006
631 -5.553348737364753E-004 1.039290573186510E-003
632 1.020064536085286E-003 -1.909016523665581E-003
633 1.115534651781639E-005 -2.087686353561328E-005
634 1.102909541398158E-004 -2.064058261487594E-004
635 -1.052570119459818E-003 1.969849742860187E-003
636 -1.914369429132912E-003 3.582678197928596E-003
637 -1.716717675222926E-004 3.212781738511711E-004
638 1.265757925799222E-003 -2.368823516302372E-003
639 -8.722731684732494E-007 1.632419323801075E-006
640 -2.295735469499767E-004 4.296392116411858E-004
641 5.158383196434579E-005 -9.653739672889563E-005
642 5.773309080733895E-004 -1.080455429039342E-003
643 -1.374542131909449E-004 2.572409625540325E-004
644 -9.930577935243986E-004 1.858474314266287E-003
645 8.136807064035364E-005 -1.522776139871491E-004
646 -5.431846863897666E-004 1.016551856242036E-003
647 -1.067709806761717E-005 1.998163089940552E-005
648 2.415782311701236E-005 -4.521059644927947E-005
649 -2.130642117818028E-003 3.987425332708170E-003
650 -3.195886711431577E-003 5.980994811379788E-003
651 7.172960938629787E-006 -1.342391106549846E-005
652 -8.962437935299685E-004 1.677290251410205E-003
653 1.506385312771473E-005 -2.819148231555344E-005
654 8.461580386675696E-006 -1.583583374550600E-005
655 7.392354760199419E-004 -1.383454519754752E-003
656 -1.418183814771266E-003 2.654083524554572E-003
657 2.341765280726917E-005 -4.382506765993596E-005
658 -5.492323814904907E-005 1.027869904798682E-004
659 -2.022209322675290E-003 3.784496866509121E-003
660 -4.394004046101422E-004 8.223231130309855E-004
661 9.061768944851179E-005 -1.695879728583746E-004
662 7.320206040038230E-007 -1.369900552747505E-006
663 1.574953147134767E-007 -2.948949698255420E-007
664 -3.121983727051389E-004 5.842687063214368E-004
665 -1.279599412964979E-005 2.394724736276705E-005
666 1.117966859116669E-003 -2.092237384796206E-003
667 4.408077637218554E-004 -8.249569288211981E-004
668 -3.630315356121632E-005 6.794012935997789E-005
669 -3.693894747812456E-005 6.912998914482262E-005
670 1.155384316396151E-003 -2.162263057067080E-003
671 1.934218570434706E-006 -3.619805436489312E-006
672 -8.848701879888482E-004 1.656004904179237E-003
673 2.803165445627173E-005 -5.246027687652037E-005
674 -1.896519855072625E-003 3.549273462858926E-003
675 -4.332286456154269E-004 8.107729090364482E-004
676 -1.931712673684662E-006 3.615097008159909E-006
677 2.198428381766486E-003 -4.114285019278251E-003
678 1.561452481766454E-005 -2.922208517385781E-005
679 1.594389186582473E-003 -2.983845886036153E-003
680 -6.608544587436269E-005 1.236766929446495E-004
681 -3.858295935447223E-006 7.220948474272541E-006
682 -4.809777648666548E-006 9.001352096586047E-006
683 1.971644293638654E-004 -3.689866044458999E-004
684 -1.194217295006860E-006 2.234915151210453E-006
685 3.446989276263908E-004 -6.450924540584870E-004
686 4.504884279791154E-005 -8.430741725661269E-005
687 6.989219349345277E-004 -1.308009001177325E-003
688 -3.251743910000341E-006 6.085538099499664E-006
689 -2.965783433762210E-004 5.550364205504430E-004
690 -1.998343460887923E-004 3.739832875064891E-004
691 2.798502159415513E-008 -5.230568050427894E-008
692 -8.894644029113025E-006 1.664595263243325E-005
693 4.411439767081932E-004 -8.255861333691861E-004
694 3.713629485955710E-004 -6.949932733832948E-004
695 4.271608752834960E-006 -7.994182693580768E-006
696 -3.061957670987702E-005 5.730350146734947E-005
697 8.592957705870296E-005 -1.608141723357765E-004
698 -1.358179493586612E-004 2.541786766012561E-004
699 -8.437665463914388E-004 1.579080820166409E-003
700 -2.498616501263276E-005 4.676079718068429E-005
701 4.961699780097448E-004 -9.285654765449490E-004
702 -5.711958451253720E-006 1.068984393840082E-005
703 1.885718298950306E-005 -3.529060274166682E-005
704 -1.825898334290973E-005 3.417105851896885E-005
705 7.657027221074890E-006 -1.432989752366763E-005
706 9.811767187741279E-005 -1.836239449416942E-004
707 8.707838773397377E-006 -1.629641882712085E-005
708 -4.921317224023837E-005 9.210083127592745E-005
709 1.171860053296667E-005 -2.193095535573942E-005
710 -7.906186056144151E-006 1.479621312497353E-005
711 7.293235440910205E-004 -1.364904510027498E-003
712 -8.935760281331454E-004 1.672297572688625E-003
713 -1.936065664595049E-005 3.623275818809932E-005
714 5.976324831246300E-006 -1.118451845514293E-005
715 4.507783886909082E-004 -8.436165808025351E-004
716 -5.893327147920634E-005 1.102916401958092E-004
717 -2.090682638016490E-005 3.912641908366638E-005
718 1.728989026849041E-003 -3.235745160678205E-003
719 8.345829869425473E-006 -1.561895968378216E-005
720 6.433227073603200E-005 -1.203966482468334E-004
721 1.253020052927831E-004 -2.344985516024219E-004
722 -1.696632592428806E-003 3.175190810129202E-003
723 -9.160054883018712E-004 1.714273632840405E-003
724 8.676373400963375E-007 -1.623659663586295E-006
725 -1.283292820885433E-003 2.401639691861943E-003
726 7.022945400998024E-006 -1.314306516174725E-005
727 -1.027463252910212E-004 1.922863292412792E-004
728 1.318347682974494E-005 -2.467246960922727E-005
729 3.791209085277418E-004 -7.095120966850911E-004
730 5.107464517065853E-006 -9.558445031882132E-006
731 4.185445961358502E-004 -7.832923936966210E-004
732 -9.938414208242307E-005 1.859941463052035E-004
733 -2.091321842821327E-003 3.913838562816119E-003
734 3.783809465230719E-004 -7.081273199293925E-004
735 -1.274118001360300E-005 2.384460821687069E-005
736 9.161937322338112E-004 -1.714626185423806E-003
737 -6.858403576967399E-006 1.283543805097176E-005
738 3.465977125158151E-007 -6.484416204702495E-007
739 3.243719161696320E-006 -6.070496561288346E-006
740 2.295961905156529E-004 -4.296816344613752E-004
741 -3.585185578026253E-005 6.709596834343588E-005
742 -1.010377597121913E-005 1.890892951945070E-005
743 -1.528919952512746E-005 2.861335945129327E-005
744 5.219324891896741E-006 -9.767773948571014E-006
745 1.560504379135737E-004 -2.920431448959841E-004
746 -5.036402383295760E-007 9.423601278808993E-007
747 1.579128617162823E-004 -2.955283511689003E-004
748 -1.188504520364320E-005 2.224216925908104E-005
749 -1.855790215207046E-006 3.473041295713132E-006
750 -2.653636290176503E-006 4.966247433890301E-006
751 -4.183964771144859E-006 7.830102091966306E-006
752 -1.241472441701844E-005 2.323355545918477E-005
753 -6.609164595386108E-005 1.236883780760664E-004
754 -3.064216272702344E-007 5.732784321031815E-007
755 4.634702460844389E-006 -8.673582459065456E-006
756 -2.231365487380192E-003 4.175925672722126E-003
757 1.035389195387907E-003 -1.937696442382520E-003
758 -8.771408201007218E-006 1.641601333190677E-005
759 7.031948523868569E-006 -1.316029160331562E-005
760 1.844099536773542E-004 -3.451171192749472E-004
761 1.770296638078839E-003 -3.313051007174770E-003
762 4.620227072658100E-004 -8.646601475838926E-004
763 -4.887591052827738E-005 9.146948683235991E-005
764 1.181728699015406E-005 -2.211579742618283E-005
765 8.267963407443133E-004 -1.547321670194699E-003
766 -1.137440466588614E-007 2.125250205711476E-007
767 8.689126648513360E-004 -1.626141174990979E-003
768 -4.659474655838249E-004 8.720051369663973E-004
769 -8.082086697325698E-006 1.512536186532753E-005
770 -6.951202217074739E-004 1.300894219873389E-003
771 3.730038245157408E-005 -6.980623217321994E-005
772 9.250708766963977E-004 -1.731239074699362E-003
773 2.734501557729911E-005 -5.117527886080538E-005
774 3.613833407057808E-004 -6.763170192455493E-004
775 -8.973219258992217E-006 1.679315580757683E-005
776 1.465202244015927E-004 -2.742078594540892E-004
777 -1.801259217374727E-004 3.370993936877047E-004
778 1.512508926079685E-004 -2.830609208699741E-004
779 -4.284092957960134E-006 8.017504128073374E-006
780 1.834542953455960E-004 -3.433286959090782E-004
781 -3.008095323609065E-004 5.629548378427114E-004
782 4.964189670874110E-004 -9.290317130073328E-004
783 -6.403737213246840E-007 1.198563358823836E-006
784 -7.644013049637885E-004 1.430551630097629E-003
785 2.844543160989660E-005 -5.323482081167735E-005
786 -1.198192562708385E-003 2.242377125454453E-003
787 -5.032368850177018E-005 9.417909360901828E-005
788 2.090878316151315E-003 -3.913008846215338E-003
789 9.282219241334327E-005 -1.737136922674764E-004
790 4.889886406972006E-004 -9.151258254402750E-004
791 -3.513745362603949E-005 6.575838291408782E-005
792 5.494774457635385E-004 -1.028328224296209E-003
793 1.701754127982891E-005 -3.184753175477368E-005
794 -6.632706719712478E-005 1.241288848451154E-004
795 -6.049105235593874E-006 1.132074981871329E-005
796 1.049854346692749E-004 -1.964766692640471E-004
797 -1.374937959827337E-005 2.573158527368454E-005
798 2.903519860762239E-006 -5.433766973777733E-006
799 1.610734438419574E-004 -3.014435662356111E-004
800 2.476511887832645E-005 -4.634707496069078E-005
801 1.742427628108625E-003 -3.260894655661845E-003
802 -2.729763827602665E-004 5.108660644393716E-004
803 3.486726313659880E-004 -6.525291420054405E-004
804 1.412074945580068E-005 -2.642658976856851E-005
805 -1.483432707215796E-004 2.776196381965128E-004
806 -6.223604548498377E-006 1.164690632358573E-005
807 -2.035356048056980E-005 3.809080042071775E-005
808 1.006380450411423E-004 -1.883407241257542E-004
809 -1.404692411051736E-005 2.628830479455710E-005
810 3.026027009507287E-005 -5.663120018475711E-005
811 -1.177344866125397E-005 2.203387976812156E-005
812 7.174485870058566E-004 -1.342681104306354E-003
813 4.097798573587930E-005 -7.668913535727743E-005
814 -1.093092846346942E-004 2.045687395114152E-004
815 -7.278114949716726E-006 1.362052654394021E-005
816 -3.173591347358587E-004 5.939270715362234E-004
817 1.309005965834119E-004 -2.449760548143621E-004
818 1.232887245519142E-004 -2.307305072805971E-004
819 -5.365036108408319E-006 1.004022628806810E-005
820 -1.992612724946912E-004 3.729110161675497E-004
821 -4.314741802605987E-005 8.074876045657574E-005
822 2.708512085109448E-004 -5.068891124054617E-004
823 -1.449251742139767E-003 2.712225660556964E-003
824 -2.105996931223875E-004 3.941302722819181E-004
825 2.553604304456309E-005 -4.778998083793633E-005
826 -6.548212390109048E-004 1.225475944735371E-003
827 2.896670899323333E-005 -5.421011974438764E-005
828 -8.405375274314122E-004 1.573038007961916E-003
829 1.590867338928147E-005 -2.977233978023126E-005
830 1.047930855166181E-005 -1.961084597474883E-005
831 -1.295183750522859E-005 2.423889985313427E-005
832 1.510523526311027E-003 -2.826893684536921E-003
833 2.886765909637910E-006 -5.402938545117649E-006
834 6.049397362737896E-004 -1.132124310230870E-003
835 -7.158290422733197E-004 1.339650053499474E-003
836 1.008110535076018E-005 -1.886641135084655E-005
837 -5.022136262705892E-004 9.398758854725050E-004
838 1.283384098066443E-005 -2.401799633054278E-005
839 -1.232606578773300E-004 2.306781540269508E-004
840 5.722964073137124E-006 -1.071014686142693E-005
841 -1.477152444999798E-005 2.764453145682682E-005
842 -7.808955288670418E-005 1.461419748397928E-004
843 -1.657990813320093E-006 3.102858650421879E-006
844 6.260589495055896E-006 -1.171668269900654E-005
845 4.555358562787760E-004 -8.525201580215175E-004
846 -7.229381398202031E-004 1.352954309320196E-003
847 -2.294242693307912E-004 4.293601420027717E-004
848 -1.540892334956209E-006 2.883793520546105E-006
849 7.669547427638819E-004 -1.435330117235413E-003
850 -1.386932860818655E-006 2.595678525272584E-006
851 1.142213307223584E-005 -2.137613100264564E-005
852 -4.886757589846150E-005 9.145389720469612E-005
853 3.757924370389809E-006 -7.032888674052362E-006
854 -1.938534355414238E-004 3.627899065863492E-004
855 2.026378209992206E-006 -3.792653988326350E-006
856 -4.098314507143096E-004 7.669858123415587E-004
857 -4.733843850314377E-007 8.863520442895582E-007
858 -1.627129067049309E-004 3.045116464930603E-004
859 -8.953252920117313E-004 1.675571222078644E-003
860 -3.550357625765158E-005 6.644374967787475E-005
861 -4.310456360903319E-010 6.935103272567126E-010
862 -2.374466162590191E-004 4.443733180324105E-004
863 -1.553216385798409E-005 2.906791082285535E-005
864 8.849123840897643E-005 -1.656082980060600E-004
865 5.508848978460445E-006 -1.030961771629818E-005
866 7.465708781741671E-004 -1.397182539405459E-003
867 -3.849292050333694E-006 7.203722347037523E-006
868 -5.220022953429381E-004 9.769098176227258E-004
869 2.823678436284793E-004 -5.284421418343166E-004
870 -2.567875307076656E-005 4.805675358686807E-005
871 -1.321510811795084E-006 2.473249008935227E-006
872 -2.058457216575095E-004 3.852334292859229E-004
873 -1.150226909063963E-005 2.152636435964785E-005
874 3.173466515235627E-004 -5.939035127150543E-004
875 1.660968966004633E-005 -3.108449655055996E-005
876 -2.046689389398206E-004 3.830309673424594E-004
877 2.129009134164426E-005 -3.984388213433191E-005
878 -7.841271387909933E-004 1.467467566383470E-003
879 -1.168288627111755E-003 2.186413287275470E-003
880 4.599016229642497E-006 -8.607104579021306E-006
881 -8.150488024422642E-004 1.525336650622963E-003
882 -8.267150923613941E-006 1.547158554884467E-005
883 4.198851898936842E-004 -7.858012080095549E-004
884 -1.688089537759365E-006 3.159053301692469E-006
885 4.888471198655335E-006 -9.148496322455622E-006
886 3.907556660317891E-005 -7.312859965906797E-005
887 -3.549872816291709E-005 6.643476787807884E-005
888 -5.964703526997192E-005 1.116277827837550E-004
889 -8.617926310177090E-004 1.612815867988683E-003
890 1.115682279717515E-004 -2.087960664443005E-004
891 -2.101105052062922E-005 3.932150518177763E-005
892 1.577964160896300E-005 -2.953122846109571E-005
893 8.735148160582571E-005 -1.634750499457866E-004
894 -5.841099921875415E-005 1.093141021488966E-004
895 -6.700886370771919E-005 1.254048144047555E-004
896 -3.902006945102818E-004 7.302476880033593E-004
897 7.989993910925396E-004 -1.495300563099748E-003
898 1.484248294584597E-003 -2.777720268578516E-003
899 2.109740660439056E-005 -3.948299975900970E-005
900 -1.592290947008419E-003 2.979919681157402E-003
901 -2.034885086517946E-005 3.808207078752132E-005
902 -3.674965705385850E-006 6.877857791786244E-006
903 -8.074551258751567E-005 1.511126264882952E-004
904 2.132298458276363E-005 -3.990510350876264E-005
905 1.086645004279946E-004 -2.033621457878479E-004
906 -2.146426216774478E-005 4.016972946534647E-005
907 7.971223308966162E-006 -1.491781679425720E-005
908 2.032794009567051E-004 -3.804305518186775E-004
909 4.083326931205129E-005 -7.641792665087067E-005
910 7.662892754912674E-004 -1.434084485416481E-003
911 3.713430976719809E-004 -6.949561743279128E-004
912 -1.280615255353070E-004 2.396628333846646E-004
913 -2.700022066321352E-004 5.053001247025962E-004
914 5.295652028894443E-005 -9.910627500315078E-005
915 5.622728281957473E-005 -1.052277704280059E-004
916 5.377572887001947E-005 -1.006397367988505E-004
917 8.000875600046203E-004 -1.497337299655969E-003
918 -2.756038756053287E-004 5.157831303285836E-004
919 1.950077053566401E-005 -3.649492913433998E-005
920 4.258751419974994E-004 -7.970108516225970E-004
921 -2.101987960973815E-005 3.933810610500900E-005
922 1.539229828224886E-005 -2.880618966670952E-005
923 1.068511969336801E-005 -1.999725709011742E-005
924 -5.226044789903216E-004 9.780366202317347E-004
925 1.326902963719835E-003 -2.483254747817857E-003
926 -1.317497395997210E-004 2.465651335533105E-004
927 6.256170220654640E-004 -1.170821008527756E-003
928 8.870267359674542E-005 -1.660041030988805E-004
929 -5.307969840440583E-004 9.933685153009774E-004
930 5.330527771600734E-004 -9.975905213086517E-004
931 2.075483500211162E-005 -3.884196326660289E-005
932 -9.930559919669454E-006 1.858470990567122E-005
933 2.921621269911326E-004 -5.467717484965365E-004
934 1.546144368624686E-005 -2.893550765884294E-005
935 -4.204952542237396E-004 7.869431032300224E-004
936 -2.451102021858881E-005 4.587139551520226E-005
937 6.301225615047247E-005 -1.179254949744991E-004
938 -4.466597305403503E-006 8.359299134696481E-006
939 2.206276289022775E-005 -4.128978298005638E-005
940 6.891978414499722E-006 -1.289820915830061E-005
941 -5.572204859051931E-005 1.042818291538974E-004
942 1.454390325820511E-003 -2.721842817513902E-003
943 -1.215892851099459E-005 2.275486613601961E-005
944 -5.064195331170301E-005 9.477465209092256E-005
945 1.367752342269561E-005 -2.559703618958489E-005
946 -6.216815699624421E-004 1.163456379130629E-003
947 2.842901671632323E-004 -5.320395219971667E-004
948 3.809704816121055E-005 -7.129748137196566E-005
949 3.019940916099817E-005 -5.651712685824211E-005
950 -1.789687264787206E-004 3.349343433011552E-004
951 -9.237307200969228E-004 1.728731100110327E-003
952 1.592768963402180E-005 -2.980820414784641E-005
953 -1.317338187945557E-003 2.465353955254666E-003
954 1.179922291254609E-004 -2.208185190775972E-004
955 9.473333887025802E-004 -1.772903183920711E-003
956 -2.863713630525406E-005 5.359354426575426E-005
957 -3.794076896416085E-005 7.100513521298858E-005
958 -1.171210611801902E-005 2.191878654844020E-005
959 8.446962048144098E-004 -1.580820606227251E-003
960 6.709769398501454E-006 -1.255696367402182E-005
961 8.297594836928527E-004 -1.552866894305258E-003
962 1.123027399856486E-005 -2.101711386968953E-005
963 1.040564215689106E-004 -1.947381714654438E-004
964 1.266694745627675E-005 -2.370569980098663E-005
965 -4.249650895188061E-004 7.953080015194836E-004
966 4.004019378663231E-005 -7.493416062008293E-005
967 -2.702728222066220E-004 5.058064508708825E-004
968 1.555979506483736E-005 -2.911969717210698E-005
969 -4.450502525249031E-004 8.328967231444225E-004
970 7.569566306664310E-006 -1.416607132236755E-005
971 -1.906875875452732E-005 3.568655959944131E-005
972 1.670299361300363E-005 -3.125928497675832E-005
973 -1.842895976558984E-005 3.448899955992126E-005
974 3.813914183232907E-005 -7.137644325874263E-005
975 -7.063465488467766E-004 1.321903676565028E-003
976 -1.230458519120974E-005 2.302747615974989E-005
977 -1.422703634962170E-005 2.662546498883529E-005
978 -4.923096736804809E-004 9.213409444982856E-004
979 -6.790428937403257E-008 1.269503996061938E-007
980 4.650101446678473E-004 -8.702510474764897E-004
981 -8.618898222220896E-005 1.612997851720820E-004
982 1.759470476588221E-004 -3.292788712746172E-004
983 1.031142926736307E-005 -1.929764135182224E-005
984 1.624352061439094E-004 -3.039921266676562E-004
985 -4.045653729971654E-004 7.571305792015819E-004
986 1.223336905253653E-005 -2.289429070150895E-005
987 -5.446224724117246E-004 1.019242650485594E-003
988 4.688491624183390E-005 -8.774328344761425E-005
989 -4.007656057315027E-004 7.500194597691069E-004
990 2.183623475446476E-005 -4.086551194634160E-005
991 1.491205686524076E-004 -2.790741916823222E-004
992 -2.145045840217814E-007 4.014476960039780E-007
993 -8.757097475971267E-004 1.638861508191810E-003
994 -2.581588386131363E-005 4.831364702663545E-005
995 1.627177109236739E-005 -3.045233777163911E-005
996 1.606383052539480E-006 -3.006299473116996E-006
997 -1.171111199352384E-005 2.191732165258511E-005
998 -2.868473339973846E-004 5.368252399008383E-004
999 -4.609978622911210E-005 8.627416301408016E-005
1000 2.169864411114309E-004 -4.060828095629668E-004
1001 4.264177055539997E-004 -7.980263002590379E-004
1002 -4.679470009451511E-004 8.757471640013756E-004
1003 -8.234617440173062E-006 1.541106748275291E-005
1004 -2.570740007313946E-006 4.810933739843585E-006
1005 -5.095812457538224E-006 9.536544335972459E-006
1006 -2.475182972510106E-005 4.632211521102588E-005
1007 -1.047008296306889E-004 1.959440309951866E-004
1008 -7.181902503461228E-004 1.344068956760496E-003
1009 1.809729526987409E-005 -3.386807718322681E-005
1010 4.947574096649480E-005 -9.259217230873173E-005
1011 -2.942601311181558E-006 5.506688528728824E-006
1012 5.854921017533065E-007 -1.095588018418894E-006
1013 1.487078157981097E-004 -2.783015668224942E-004
1014 6.164484069869576E-007 -1.153615544626098E-006
1015 1.115724481848696E-004 -2.088041603189234E-004
1016 -2.177827303899215E-006 4.075859365060332E-006
1017 3.847595474689116E-006 -7.200763151520931E-006
1018 -2.298436566765098E-005 4.301441854404427E-005
1019 3.672264507371227E-004 -6.872519095888973E-004
1020 -1.605283360395318E-004 3.004236379704762E-004
1021 -1.171545895431611E-004 2.192507495526350E-004
1022 -7.933301181598104E-006 1.484691542374274E-005
1023 -1.227290907118089E-006 2.297024011723699E-006
1024 -5.341171289121524E-005 9.995831278742463E-005
1025 -5.788830166664219E-007 1.083285216191492E-006
1026 -7.978603657838992E-006 1.493196035581101E-005
1027 8.121563411294707E-006 -1.519921255063523E-005
1028 4.308148667148758E-005 -8.062567546957740E-005
1029 -3.197593824261490E-005 5.984166856636255E-005
1030 -6.449770291095672E-004 1.207053204161800E-003
1031 1.082429876989225E-005 -2.025686060222588E-005
1032 6.471406506377802E-006 -1.211120867871666E-005
1033 4.354203846972714E-007 -8.148751900614558E-007
1034 -3.651437196878094E-004 6.833542261967792E-004
1035 9.998829881502626E-005 -1.871248414078982E-004
1036 3.537618204315670E-004 -6.620535166736843E-004
1037 -2.780673047607713E-005 5.203917616246129E-005
1038 4.979450601867763E-007 -9.321381784045725E-007
1039 1.670783672044506E-004 -3.126814545325732E-004
1040 1.100868034017246E-005 -2.060279276867955E-005
1041 5.410885167044229E-004 -1.012629059961158E-003
1042 -4.815234039405116E-005 9.011561614898798E-005
1043 2.840827431385797E-004 -5.316511759266251E-004
1044 1.115231783400367E-006 -2.086866950584597E-006
1045 -3.652868438863786E-004 6.836219709270374E-004
1046 -2.506475552243712E-005 4.690803641892101E-005
1047 3.254062597450640E-006 -6.089771950447126E-006
1048 4.865107892158828E-006 -9.104687046958618E-006
1049 -1.509440619484529E-004 2.824865627138935E-004
1050 4.534425693130032E-004 -8.486025950904598E-004
1051 1.335919718013811E-005 -2.500137058089764E-005
1052 2.352314088479196E-004 -4.402276498818684E-004
1053 1.386500254094841E-005 -2.594779066349595E-005
1054 9.521054652449374E-006 -1.781825356578363E-005
1055 -1.706024538505388E-004 3.192767622251860E-004
1056 1.921577335174077E-004 -3.596171275349389E-004
1057 -5.500071371828065E-005 1.029319997929788E-004
1058 9.518967059031242E-005 -1.781443035253100E-004
1059 3.079690013533129E-006 -5.763596259221388E-006
1060 1.261860328768333E-004 -2.361528059624789E-004
1061 -1.695407004104428E-004 3.172897693401488E-004
1062 8.454275955163940E-006 -1.582196932800911E-005
1063 8.115710988810211E-007 -1.518989897750080E-006
1064 -1.730943092556456E-006 3.239372917619471E-006
1065 -3.611196591102688E-005 6.758238956560299E-005
1066 1.962979052960466E-005 -3.673658131729852E-005
1067 2.462920861492099E-006 -4.609230182454317E-006
1068 -1.107303677381609E-006 2.072318359827130E-006
1069 -4.178545584281747E-005 7.820004937826313E-005
1070 -2.349940664780528E-004 4.397832792687710E-004
1071 -2.514129226029866E-006 4.705235814958302E-006
1072 3.375733023470479E-004 -6.317569496609372E-004
1073 -1.411534760360712E-006 2.641750588009786E-006
1074 1.903351903180869E-006 -3.561947590769505E-006
1075 -7.760250355447616E-006 1.452338979204122E-005
1076 -4.800832604561270E-005 8.984610244482603E-005
1077 1.198805326083627E-004 -2.243521973774978E-004
1078 -4.545233152949745E-006 8.506515722329299E-006
1079 9.092282908241674E-005 -1.701590016248164E-004
1080 -2.370133782590989E-006 4.435580983072735E-006
1081 -4.102059997390537E-004 7.676867137934498E-004
1082 -5.801699805218659E-005 1.085768377920479E-004
1083 -1.228472261969525E-005 2.299045307504109E-005
1084 -2.258556603937225E-004 4.226812810130187E-004
1085 -1.137274775856004E-006 2.128113247971795E-006
1086 2.428339726068841E-006 -4.544716497318736E-006
1087 -1.019142451036929E-005 1.907292499796400E-005
1088 -1.418538277029238E-005 2.654724930962070E-005
1089 2.798300320712997E-004 -5.236923609371364E-004
1090 -2.402987536160087E-004 4.497110516800587E-004
1091 -2.429371572600217E-006 4.546463640117680E-006
1092 8.688817881884435E-007 -1.626360760978573E-006
1093 -1.533335795938133E-005 2.869562808645122E-005
1094 1.311739769854057E-006 -2.454739935695437E-006
1095 -1.189876419239735E-005 2.226820700721797E-005
1096 -3.713120676499232E-006 6.948991853372963E-006
1097 7.576184812161753E-005 -1.417857069970489E-004
1098 1.594615454950081E-004 -2.984269535999942E-004
1099 2.831100255855999E-006 -5.298133956597556E-006
1100 -1.169073430592214E-004 2.187881770598328E-004
1101 1.101765602007346E-005 -2.061920593301875E-005
1102 -1.066213055388006E-004 1.995383377431903E-004
1103 4.505359890560317E-006 -8.431962054201716E-006
1104 1.986604282826471E-005 -3.717855820249395E-005
1105 7.298971777241579E-006 -1.365980168136021E-005
1106 -2.816549177284974E-004 5.271076581631865E-004
1107 1.678668483130292E-004 -3.141572110911361E-004
1108 7.389706639218633E-006 -1.382958464401257E-005
1109 3.194125431845317E-006 -5.977649755316104E-006
1110 2.557333049872921E-004 -4.785960256593420E-004
1111 3.769666917200303E-005 -7.054793231641661E-005
1112 2.326776064421291E-004 -4.354485812156099E-004
1113 -8.056041098280063E-006 1.507662068781681E-005
1114 -1.917646780569542E-007 3.588237692420451E-007
1115 -1.589982032048212E-004 2.975597849337553E-004
1116 -3.066884132990376E-006 5.739510928178777E-006
1117 -3.116210992043683E-005 5.831882848256440E-005
1118 -5.055675698993497E-006 9.461617417769359E-006
1119 -1.435648562349243E-005 2.686761790648374E-005
1120 -1.427333965586524E-005 2.671189106630493E-005
1121 -2.328811738382605E-004 4.358295421387804E-004
1122 2.927526444729601E-004 -5.478766286870717E-004
1123 2.578529260217910E-007 -4.824732352305330E-007
1124 2.092717748622510E-005 -3.916458469326235E-005
1125 5.699819695588047E-007 -1.066837249936339E-006
1126 -9.157518188128834E-006 1.713778261962294E-005
1127 -3.268897507087728E-004 6.117632100200458E-004
1128 -1.220428416852237E-005 2.283993014775790E-005
1129 -6.310564546981682E-005 1.180998827878871E-004
1130 2.830668920751975E-004 -5.297501221388826E-004
1131 8.778990422196808E-006 -1.642965320581936E-005
1132 -9.245414799003730E-005 1.730249810128072E-004
1133 1.163167735414498E-004 -2.176829006306724E-004
1134 -7.874607632027108E-007 1.473718738631021E-006
1135 9.209508783205951E-006 -1.723565781006607E-005
1136 -1.912036377237979E-005 3.578333443117968E-005
1137 -2.057275993604664E-005 3.850127558505352E-005
1138 1.153785658808558E-004 -2.159271804973869E-004
1139 7.659725172017994E-006 -1.433497810009838E-005
1140 -1.822546853601076E-004 3.410832386551183E-004
1141 -8.334440399113238E-007 1.559694490124357E-006
1142 -3.896740256920800E-004 7.292619556632377E-004
1143 5.136899437820626E-007 -9.612470428761160E-007
1144 -5.970602359139160E-005 1.117380144707500E-004
1145 -1.880372991846268E-004 3.519056060179836E-004
1146 -1.261425869651421E-004 2.360717561150549E-004
1147 -3.317444813925242E-005 6.208502366365506E-005
1148 -9.915185694718595E-006 1.855626889612706E-005
1149 2.837610644764893E-004 -5.310492174767403E-004
1150 2.944772668406411E-006 -5.510861745912771E-006
1151 -1.570513462737306E-004 2.939162784701440E-004
1152 9.087475631595061E-006 -1.700708638355434E-005
1153 -2.204062056364518E-004 4.124829953706962E-004
1154 -1.746642854458216E-006 3.268518175819302E-006
1155 3.164881261288526E-006 -5.922991958303016E-006
1156 6.668099789872946E-005 -1.247910499215017E-004
1157 -8.275837087429444E-006 1.548782360756082E-005
1158 -1.043444155378130E-004 1.952772280842138E-004
1159 -5.139363090098169E-006 9.618192592374091E-006
1160 -3.501352234010350E-004 6.552664212288319E-004
1161 2.384631760965280E-004 -4.462757585009875E-004
1162 -4.449987998430104E-005 8.328002337977247E-005
1163 4.181700860943787E-004 -7.825912092444388E-004
1164 -1.383371153402381E-004 2.588931528197496E-004
1165 5.513843495745099E-006 -1.031895292675042E-005
1166 -1.088952925751095E-005 2.037938494103324E-005
1167 -1.149806815037707E-004 2.151827588890847E-004
1168 4.876305001494004E-006 -9.125988929325872E-006
1169 -1.952129524010561E-004 3.653341359806784E-004
1170 1.341131813659726E-004 -2.509879719604456E-004
1171 -2.543551426236427E-006 4.760172377292389E-006
1172 7.789773602818220E-006 -1.457829259222818E-005
1173 -1.572199006151012E-005 2.942329732324506E-005
1174 5.728759902391800E-005 -1.072118296024075E-004
1175 -5.654111770873265E-007 1.057911952033596E-006
1176 1.451929227747096E-004 -2.717237546490081E-004
1177 1.207075928866845E-005 -2.258994767706980E-005
1178 5.945186012850327E-005 -1.112621677057022E-004
1179 3.037871264453989E-004 -5.685277335880915E-004
1180 -1.157433397881459E-005 2.166115623370754E-005
1181 -1.852659011438053E-005 3.467227483153058E-005
1182 1.266229053786029E-004 -2.369704751787459E-004
1183 -9.882975913258367E-006 1.849581688875642E-005
1184 -9.382111884642017E-005 1.755831033689418E-004
1185 -5.006436925349506E-005 9.369379707569928E-005
1186 -2.688775398891880E-004 5.031951383769130E-004
1187 1.162872082849788E-004 -2.176277724669544E-004
1188 -2.915669510249615E-005 5.456592750617098E-005
1189 4.781564205894489E-005 -8.948523300882121E-005
1190 3.897352944544933E-006 -7.293567991120933E-006
1191 4.144743576715030E-006 -7.756856332081815E-006
1192 -3.741427173797946E-005 7.001956421884951E-005
1193 -3.203809749675806E-004 5.995823293134907E-004
1194 8.965772608840230E-006 -1.677933174734357E-005
1195 2.144230817484358E-006 -4.012753744413881E-006
1196 -1.715236817822418E-004 3.210007073427074E-004
1197 -1.102672757204434E-004 2.063615079185526E-004
1198 1.159351760255096E-005 -2.169708385342924E-005
1199 3.854179888321201E-006 -7.213002906324652E-006
1200 1.512721303224160E-005 -2.831006603485285E-005
1201 -1.009581630227617E-004 1.889400518946459E-004
1202 7.461746250382203E-005 -1.396438996636221E-004
1203 6.578989590308173E-004 -1.231236306603555E-003
1204 4.633072149106172E-006 -8.670293953079759E-006
1205 -1.232766762285602E-006 2.307388777129533E-006
1206 5.266774307768996E-006 -9.856644012320230E-006
1207 2.315099405347694E-004 -4.332633351723535E-004
1208 2.092852596348779E-006 -3.916711670940436E-006
1209 6.121859134857615E-007 -1.145723338047910E-006
1210 1.928783684283132E-004 -3.609656114683652E-004
1211 -4.611180100424747E-005 8.629663748521438E-005
1212 -1.800396425924884E-005 3.369384569604110E-005
1213 -1.458212831528100E-004 2.728997889664904E-004
1214 1.818611591034120E-004 -3.403470167419872E-004
1215 -5.191181787531224E-005 9.715133285329281E-005
1216 -3.624204270428783E-006 6.782351815102327E-006
1217 5.204419011750666E-005 -9.739895695218895E-005
1218 7.400960572606845E-006 -1.385074361086057E-005
1219 -2.594669967493718E-004 4.855839331527717E-004
1220 -5.887235548415066E-005 1.101774764792843E-004
1221 -5.689872946010920E-004 1.064840720465402E-003
1222 -2.706626969293701E-005 5.065355646313179E-005
1223 1.831645669659337E-005 -3.427858068889770E-005
1224 -4.729511082322916E-004 8.851122881511371E-004
1225 -1.788214602984898E-004 3.346582542703714E-004
1226 -6.326884978961860E-006 1.184049877019686E-005
1227 6.560621832722048E-006 -1.227781604868007E-005
1228 7.079871427207973E-006 -1.324989295864517E-005
1229 -1.020064014135988E-005 1.909002771999110E-005
1230 -9.288462718498597E-005 1.738300289939500E-004
1231 -1.973959798572940E-005 3.694208346110596E-005
1232 4.043233157259919E-007 -7.569033343408326E-007
1233 -5.764798459353344E-005 1.078861622618012E-004
1234 3.473586931218298E-006 -6.500561630741516E-006
1235 3.075358498681750E-006 -5.755670126777352E-006
1236 -2.347507672835265E-005 4.393258436044140E-005
1237 2.452791323103287E-005 -4.590328748619576E-005
1238 -2.487282842796118E-005 4.654878293609954E-005
1239 3.624718702363843E-006 -6.783318132661048E-006
1240 -5.582014143504675E-006 1.044657237255937E-005
1241 2.224630412910030E-006 -4.163087176897852E-006
1242 -6.226115670192754E-005 1.165197485528690E-004
1243 -1.258591622427871E-004 2.355410595731803E-004
1244 -9.919046185905548E-005 1.856315074166598E-004
