 # The norm of the isolated state is   3455999.98215672     
 # I think there should be     3456000 i.e.    99.9999994837015      %
1 -0.469542015057849 0.878732139541491
2 -7.046896358642371E-003 1.318803065174941E-002
3 3.688124975260960E-002 -6.902202318261093E-002
4 -6.161672868301429E-006 1.153223722144973E-005
5 -2.415868971671623E-005 4.521028848964627E-005
6 -5.984150974782420E-005 1.119902212975652E-004
7 -9.255277526929619E-004 1.732095323227139E-003
8 6.843823738518446E-006 -1.280818151387213E-005
9 1.285221434817119E-004 -2.405255876026661E-004
10 -1.263445589090650E-005 2.364727414186367E-005
11 -1.719687213161787E-004 3.218336867224804E-004
12 -9.518028582282741E-005 1.781254975225696E-004
13 -3.283053851007205E-006 6.144168813224623E-006
14 -8.734584282461047E-004 1.634648194735568E-003
15 -1.842431831472480E-004 3.448049329520297E-004
16 4.575431077039396E-005 -8.562767137990605E-005
17 3.561774678126586E-004 -6.665742059236212E-004
18 -8.840463712514949E-006 1.654459360524033E-005
19 1.714018266067874E-005 -3.207739481797671E-005
20 -6.070538484629342E-004 1.136080989861310E-003
21 6.424894260320165E-006 -1.202398496229720E-005
22 -4.965494527707862E-005 9.292918853601157E-005
23 1.533809140445804E-005 -2.870471507865088E-005
24 -9.655580954172510E-004 1.807009576657018E-003
25 -2.414602242606739E-003 4.518846912854354E-003
26 -3.641890794899691E-006 6.817717566490187E-006
27 -1.897776832936604E-003 3.551625687024505E-003
28 1.621766726635471E-005 -3.035124128409537E-005
29 -3.722565496019619E-004 6.966655883920993E-004
30 -1.017458379242102E-003 1.904139374438726E-003
31 -2.169713652433991E-005 4.060539914494611E-005
32 -2.921821282812800E-006 5.468095306725967E-006
33 6.107115146013704E-004 -1.142926143203184E-003
34 7.357172411645722E-005 -1.376868525267363E-004
35 6.502920214892200E-004 -1.216999703120338E-003
36 -2.286838939745092E-005 4.279789834231966E-005
37 -1.642713937650095E-004 3.074283335558238E-004
38 -6.064615822556798E-005 1.134970523444156E-004
39 1.156026014525316E-004 -2.163469586178336E-004
40 -1.552989408832464E-003 2.906367479988487E-003
41 -1.394540519411142E-004 2.609832229146302E-004
42 -7.584157033290810E-003 1.419349592755865E-002
43 2.811520125862439E-003 -5.261665878212052E-003
44 -5.591878618917220E-005 1.046501613700985E-004
45 -1.866272552726269E-005 3.492667007936515E-005
46 1.849717084123086E-003 -3.461683602347523E-003
47 5.573832973983624E-005 -1.043125886344684E-004
48 -6.848262222480810E-006 1.281628190478337E-005
49 2.703482953233124E-003 -5.059477435009762E-003
50 3.573205451729826E-003 -6.687134558091510E-003
51 1.499356767371767E-004 -2.805996832132868E-004
52 1.555486756557956E-003 -2.911041461436525E-003
53 1.188642267863185E-005 -2.224512399931302E-005
54 3.277938681223144E-003 -6.134552827359470E-003
55 1.164686592763465E-004 -2.179671920052159E-004
56 3.038298754840926E-005 -5.686073590982380E-005
57 -6.071089957703403E-004 1.136183934006035E-003
58 -1.173036810085834E-003 2.195298895996114E-003
59 2.808981931289476E-005 -5.256916835252386E-005
60 5.840160835264943E-006 -1.092965005364233E-005
61 -5.311748017034682E-004 9.940757052303711E-004
62 7.246793516762978E-006 -1.356211682732227E-005
63 4.630600428394804E-004 -8.666010563579005E-004
64 2.020042281723687E-006 -3.780400412428411E-006
65 1.738939726598664E-005 -3.254367650129510E-005
66 -2.253864280637090E-004 4.218032164402539E-004
67 1.681083576575598E-006 -3.146103923033577E-006
68 -1.164322826422769E-005 2.178991012503728E-005
69 2.221526084624385E-004 -4.157511485164133E-004
70 4.170038027906144E-004 -7.804089058935061E-004
71 -3.022101514834985E-005 5.655768972795363E-005
72 3.927795991147907E-006 -7.350730278644038E-006
73 -4.225883811373594E-004 7.908605626071808E-004
74 -6.267378566165823E-004 1.172918903156887E-003
75 1.585679176212340E-005 -2.967547715806456E-005
76 -5.459764324515459E-005 1.021776873090204E-004
77 1.935324536646473E-005 -3.621909177267584E-005
78 -7.271525111596262E-004 1.360841640481646E-003
79 -5.152956490798785E-005 9.643578890315203E-005
80 -4.156628202956455E-005 7.778989363395271E-005
81 5.448626881338528E-004 -1.019692131601122E-003
82 -1.297149265845653E-003 2.427571604251194E-003
83 2.564898249623710E-004 -4.800120546739002E-004
84 -6.489776100415227E-004 1.214539665258627E-003
85 2.443033627745864E-005 -4.572055749206823E-005
86 -1.527825119389104E-003 2.859274056951825E-003
87 1.191015681271572E-004 -2.228946027802977E-004
88 2.311096880938146E-005 -4.325142693178786E-005
89 3.133786374860063E-005 -5.864773234614973E-005
90 1.196575615020350E-003 -2.239351323359001E-003
91 -1.128497428354623E-003 2.111945572872229E-003
92 -3.871414597207303E-005 7.245223223642183E-005
93 5.839737147241832E-006 -1.092885502902705E-005
94 7.426376766440424E-006 -1.389818393951670E-005
95 -1.397818732577005E-003 2.615971328826070E-003
96 7.835987552352523E-004 -1.466478823376667E-003
97 -1.624554592754721E-005 3.040299516966136E-005
98 -2.746381763782468E-006 5.139737252716992E-006
99 5.691828260202060E-005 -1.065206480128266E-004
100 2.753730049985031E-004 -5.153513364199132E-004
101 -3.908488170456354E-004 7.314604953452823E-004
102 1.325722331805594E-003 -2.481044939704292E-003
103 -3.678842620234755E-004 6.884830819817105E-004
104 1.638285463942646E-005 -3.065999252630973E-005
105 -2.258763319776727E-004 4.227199899333243E-004
106 1.935143369562387E-003 -3.621555637895640E-003
107 6.387257086647131E-005 -1.195354402387817E-004
108 -3.118405415444648E-007 5.835509650273523E-007
109 9.892874796616549E-004 -1.851418299138546E-003
110 1.222481738033670E-005 -2.287833433573432E-005
111 2.285233798042945E-006 -4.276738252403385E-006
112 5.303477202391957E-004 -9.925280308837818E-004
113 -1.407114429758754E-003 2.633367756451139E-003
114 7.100809347615654E-005 -1.328892940399634E-004
115 -1.051762035442321E-005 1.968335329905624E-005
116 2.191137154605135E-004 -4.100640042153893E-004
117 1.089546672360044E-005 -2.039050811173942E-005
118 -2.246266905607004E-004 4.203813475130280E-004
119 1.085220509243497E-005 -2.030945316152544E-005
120 -2.268499873089759E-005 4.245423951074699E-005
121 -9.926514445289395E-004 1.857713792788382E-003
122 2.113294507538304E-005 -3.954966638675566E-005
123 2.526873937866102E-004 -4.728959952760178E-004
124 -1.467449330731935E-005 2.746277930188625E-005
125 -8.065590211099117E-004 1.509448212171312E-003
126 9.565697729387697E-006 -1.790185226163895E-005
127 3.026334117181281E-005 -5.663686201026368E-005
128 3.438217904831530E-004 -6.434509000020656E-004
129 2.556102398713277E-004 -4.783659653285218E-004
130 -4.612401657237993E-006 8.631940181713826E-006
131 -2.471687816691050E-004 4.625681244306668E-004
132 -4.882489432968157E-008 9.136445015239855E-008
133 4.898004662495980E-006 -9.166466820837977E-006
134 1.876914649740502E-005 -3.512583431922058E-005
135 -2.564823271333312E-006 4.799968914593781E-006
136 -2.609556460060195E-004 4.883697781111351E-004
137 -1.237181120840731E-004 2.315342886871679E-004
138 4.406690075080824E-006 -8.246975346382986E-006
139 1.367692189747816E-005 -2.559591282270756E-005
140 3.072471616886752E-004 -5.750028042191371E-004
141 6.163082343777007E-006 -1.153401746058336E-005
142 5.224794485949261E-004 -9.778030231648162E-004
143 7.443504299164331E-006 -1.393024057339177E-005
144 -1.084394832850365E-003 2.029408581123274E-003
145 2.458540409325877E-004 -4.601075724591029E-004
146 -5.282188210148204E-006 9.885447649389720E-006
147 5.353244561160375E-004 -1.001841858250535E-003
148 -7.260391562473818E-006 1.358758484454038E-005
149 7.122702818124365E-004 -1.332989762678724E-003
150 1.730179872383338E-005 -3.237977806015112E-005
151 3.309511357147392E-005 -6.193638687355539E-005
152 1.585253452609412E-004 -2.966748474450193E-004
153 5.280110416018385E-006 -9.881570846704288E-006
154 -2.549064864665671E-006 4.770547763915672E-006
155 -1.733160660016899E-004 3.243550747697101E-004
156 -9.125804218385412E-006 1.707861529321584E-005
157 -7.901671220245048E-006 1.478771825460391E-005
158 5.289439869952318E-004 -9.899011164902051E-004
159 -3.875621342210910E-004 7.253096704020138E-004
160 2.548026196254457E-004 -4.768545175977637E-004
161 -1.297975956219517E-005 2.429112569096180E-005
162 1.127968985413053E-005 -2.110956503966545E-005
163 -2.885676259156685E-004 5.400447008984209E-004
164 3.301669525480272E-004 -6.178963733135472E-004
165 1.117709901986611E-004 -2.091756466588634E-004
166 -9.842030709615558E-007 1.841884916590645E-006
167 -3.543493245372986E-004 6.631529265747110E-004
168 -9.266451664939055E-007 1.734159814929323E-006
169 -7.801278945377482E-007 1.459948356258634E-006
170 -5.293429632482338E-004 9.906477274452667E-004
171 -3.725563173297823E-006 6.972238497514765E-006
172 -1.368818812087589E-005 2.561698290538149E-005
173 -2.571544009055910E-004 4.812558574500005E-004
174 9.533053770099842E-005 -1.784079350878888E-004
175 5.553268381594739E-006 -1.039273464180216E-005
176 -6.002352005562612E-005 1.123320043891324E-004
177 6.307496781292444E-006 -1.180425452943489E-005
178 -1.797889860284196E-005 3.364692506447752E-005
179 -8.857302290956721E-005 1.657614346893687E-004
180 5.350671486283174E-006 -1.001357978125468E-005
181 -6.885355315426988E-005 1.288571403110597E-004
182 -4.905236124803934E-006 9.180006746779796E-006
183 -7.736265282927985E-006 1.447818944229179E-005
184 8.664357023206509E-006 -1.621504673805377E-005
185 -2.023422450980330E-006 3.786758934623012E-006
186 3.902916599302842E-005 -7.304178723758847E-005
187 6.091792448457283E-006 -1.140058102982795E-005
188 -2.662587746090775E-006 4.982908814278197E-006
189 2.839918565852748E-006 -5.314782307953343E-006
190 3.934742216969737E-007 -7.363837972812536E-007
191 -1.219483985438934E-004 2.282222277460653E-004
192 2.482464982933322E-006 -4.645846087143429E-006
193 -6.973450348905357E-005 1.305057769097515E-004
194 -4.050211781892290E-007 7.579862071684105E-007
195 -2.057987799503496E-005 3.851455144115291E-005
196 -1.704649358415747E-004 3.190193289712501E-004
197 -1.315671051939798E-004 2.462233792962104E-004
198 2.447806149349105E-005 -4.580987523460112E-005
199 2.192157395211608E-006 -4.102548665881155E-006
200 -1.480564365237287E-005 2.770767605606027E-005
201 9.293005913475754E-007 -1.739169234273185E-006
202 2.322162477125379E-005 -4.345850638568122E-005
203 -5.931933474707233E-005 1.110141323106967E-004
204 8.208545905859807E-005 -1.536201878737906E-004
205 4.722419285689452E-007 -8.837378977238002E-007
206 -9.863543377866139E-005 1.845930745799759E-004
207 3.820446386027451E-006 -7.149779924368357E-006
208 -9.492814113223540E-005 1.776548598641542E-004
209 4.026543926497617E-005 -7.535536032382129E-005
210 4.119961226169967E-006 -7.710269036012011E-006
211 4.128211671829809E-005 -7.725809747892237E-005
212 -5.710891385459677E-006 1.068770605630943E-005
213 -8.255354611381545E-005 1.544962436087230E-004
214 1.950131317526197E-005 -3.649605442273959E-005
215 -5.065377846774553E-005 9.479688238977474E-005
216 1.030628501484064E-005 -1.928787792367514E-005
217 -4.623468104205221E-008 8.655941737102102E-008
218 6.307698498121172E-005 -1.180464584154726E-004
219 -4.555998314306111E-006 8.526351815512396E-006
220 1.601855029288084E-006 -2.997780369477734E-006
221 -1.031438977034999E-004 1.930303351603101E-004
222 -6.105794470033343E-006 1.142676753347985E-005
223 -2.618680666812041E-006 4.900724955284077E-006
224 -2.131974538908004E-004 3.989918873417837E-004
225 -3.301930803004363E-006 6.179472281491313E-006
226 4.182861079807598E-007 -7.828717487900999E-007
227 -1.516791296121097E-006 2.838600743543836E-006
228 -8.367714488066101E-005 1.565988657221508E-004
229 6.209968176130007E-007 -1.162201931238430E-006
230 1.102747778155283E-004 -2.063754644533037E-004
231 5.133266214603193E-006 -9.606609088555550E-006
232 -4.722850542974317E-006 8.838726546545114E-006
233 1.913006008973132E-005 -3.580127867191098E-005
234 -1.159427127011269E-004 2.169829003463978E-004
235 7.780748685644637E-006 -1.456142438694886E-005
236 1.941659056431629E-005 -3.633752014124253E-005
237 6.997958186865384E-006 -1.309642233030431E-005
238 3.853643869397601E-005 -7.211965907167773E-005
239 -1.111479777641026E-006 2.080011589418904E-006
240 6.157598646733508E-005 -1.152373500217804E-004
241 -9.269545880286900E-006 1.734762195439925E-005
242 -1.186930638664829E-004 2.221301054978540E-004
243 2.928057321117349E-005 -5.479766221022245E-005
244 1.516425935116408E-004 -2.837939990805201E-004
245 4.126078816203431E-006 -7.721847112811371E-006
246 2.003251988355654E-006 -3.748938842814718E-006
247 -7.360668113833180E-005 1.377524536192784E-004
248 1.540863971489359E-006 -2.883741857207180E-006
249 -1.021605890225405E-004 1.911901049935269E-004
250 -3.604868815188462E-006 6.746430065938105E-006
251 -7.616374986419091E-005 1.425379320084472E-004
252 3.299653545020840E-005 -6.175195991412090E-005
253 -1.288831226619805E-006 2.412045014600044E-006
254 -1.162658671294393E-005 2.175878403853635E-005
255 1.314200287753254E-005 -2.459483177728829E-005
256 -9.827106131726033E-006 1.839110246485164E-005
257 3.699578336639436E-007 -6.923136801798917E-007
258 -2.555443778083686E-006 4.782433554127571E-006
259 -2.660319485584815E-005 4.978700171356346E-005
260 4.917828120432698E-006 -9.203596675097829E-006
261 -8.318956835236718E-005 1.556864781759844E-004
262 2.584181622540933E-004 -4.836209293314613E-004
263 -1.196337578470926E-004 2.238906202926642E-004
264 -1.553916964772920E-005 2.908095445259126E-005
265 2.499871637574925E-005 -4.678424360870332E-005
266 -1.813263546490600E-004 3.393461541627837E-004
267 2.685894183106647E-006 -5.026551410184608E-006
268 -1.661234364587391E-005 3.108936167275506E-005
269 -5.232760393298832E-005 9.792932952496071E-005
270 1.574395717724284E-006 -2.946382008965416E-006
271 -6.627762527786730E-005 1.240363943841860E-004
272 2.011789961274539E-004 -3.764997188807820E-004
273 -6.921760026499811E-006 1.295370135865923E-005
274 5.275293177072840E-005 -9.872532514132841E-005
275 -1.578109933164139E-006 2.953214657803833E-006
276 -2.433318218606326E-005 4.553876894815641E-005
277 5.158303876523093E-007 -9.653696174154319E-007
278 -1.046093657143805E-005 1.957731652425105E-005
279 3.126533122129083E-004 -5.851201469686406E-004
280 8.882686149590321E-005 -1.662363550883011E-004
281 2.658552247929246E-005 -4.975375243891065E-005
282 -1.778315909038396E-005 3.328062625800359E-005
283 3.335367328661345E-006 -6.242043056771249E-006
284 2.413005492376733E-007 -4.515744440066996E-007
285 -1.809258698978674E-004 3.385966593022357E-004
286 -1.971572057954411E-004 3.689731288387705E-004
287 -2.770875345889910E-005 5.185601632994324E-005
288 -1.132797895579311E-005 2.119993515855471E-005
289 5.370054190808347E-005 -1.004988012556979E-004
290 -6.972762301003206E-006 1.304924784081695E-005
291 7.667209953911999E-005 -1.434892080596653E-004
292 -1.803994371783711E-005 3.376114700737875E-005
293 -2.549686657518555E-004 4.771653220084054E-004
294 -1.830294835595178E-005 3.425336709202377E-005
295 -3.531090441162902E-006 6.608293221767778E-006
296 -5.523260134108140E-006 1.033668315762336E-005
297 3.340190568342156E-006 -6.251091434357310E-006
298 -5.688898330198329E-005 1.064658047274213E-004
299 -1.384917990837415E-005 2.591831274580304E-005
300 -3.627364552366827E-005 6.788491241142924E-005
301 -7.432887843762305E-005 1.391040186260228E-004
302 -1.988441031879803E-006 3.721310677053715E-006
303 6.178782240393248E-006 -1.156336272413143E-005
304 -3.738198512567563E-004 6.995913540914315E-004
305 1.834884998755008E-004 -3.433925586559209E-004
306 -5.424185869091064E-005 1.015118077627397E-004
307 -2.391559629311520E-004 4.475723936697251E-004
308 -3.029101181712929E-005 5.668861998198650E-005
309 -1.722888959611576E-004 3.224328544067929E-004
310 -1.536082445613344E-005 2.874709898565686E-005
311 -1.080870757805327E-005 2.022812505130881E-005
312 7.684153788450285E-005 -1.438063621155074E-004
313 3.265211629666253E-006 -6.110277405845569E-006
314 1.684375375200388E-004 -3.152251520181877E-004
315 2.729038076102614E-005 -5.107301196307049E-005
316 5.026189024075392E-006 -9.406345429937691E-006
317 -3.516113605043163E-006 6.580033193415531E-006
318 1.495621646893168E-004 -2.799005594657165E-004
319 1.920577988959618E-007 -3.595225861572180E-007
320 9.809825396933168E-006 -1.835900475662916E-005
321 1.629057925168127E-005 -3.048727938538502E-005
322 1.269934736010936E-004 -2.376640142496599E-004
323 8.929632383706471E-006 -1.671145841048901E-005
324 -9.217412040549811E-005 1.725007663080003E-004
325 1.065559346203096E-004 -1.994158698840679E-004
326 7.313206177472651E-007 -1.368655790330849E-006
327 -4.615688897675953E-005 8.638104045798848E-005
328 -2.586722605738563E-005 4.840966375677387E-005
329 5.572655175607510E-007 -1.042875589564025E-006
330 -2.244165323704353E-006 4.199849322205716E-006
331 -5.905161001102106E-005 1.105131013083059E-004
332 -3.031375839728566E-006 5.673103130960746E-006
333 -3.944192878762450E-007 7.381981444395615E-007
334 -5.020092663908760E-005 9.394939067563155E-005
335 -2.416326217105662E-005 4.522073940770544E-005
336 -2.832541802461742E-006 5.301033534376735E-006
337 -2.793119598613312E-005 5.227230221965486E-005
338 -5.312569414832661E-006 9.942308480856936E-006
339 6.095083609451202E-005 -1.140674505920889E-004
340 8.779980677454333E-006 -1.643141762612403E-005
341 -3.267327269800143E-005 6.114693937567633E-005
342 1.391885124697215E-004 -2.604866535545486E-004
343 1.847461868751924E-005 -3.457467490482034E-005
344 -1.894314287436686E-006 3.545421612647203E-006
345 3.469678272960664E-006 -6.493368279947529E-006
346 -4.570671842580512E-005 8.553855916350302E-005
347 7.334639929251313E-005 -1.372652858624135E-004
348 1.744507753931135E-007 -3.264765527825789E-007
349 5.649169117607623E-005 -1.057223217650691E-004
350 7.386722814802568E-006 -1.382401249683416E-005
351 1.124255864733799E-004 -2.104007033861784E-004
352 9.260998641992931E-005 -1.733164745031248E-004
353 3.234432212486695E-005 -6.053130441019363E-005
354 7.907741432031666E-006 -1.479905581503866E-005
355 -9.886449417325510E-006 1.850211566272768E-005
356 -9.996140645939641E-005 1.870744222717614E-004
357 1.273386599167455E-006 -2.383075142572313E-006
358 -4.366761043874052E-005 8.172246567194633E-005
359 -7.259114162493619E-006 1.358512244189916E-005
360 -1.816707199596775E-004 3.399906592676448E-004
361 -3.322932578465098E-006 6.218728756999133E-006
362 -8.021782920092561E-005 1.501249928769362E-004
363 -1.882419473156137E-004 3.522884981022861E-004
364 6.269593914681194E-006 -1.173317962630260E-005
365 3.700008716208346E-004 -6.924441804972300E-004
366 -5.044132133707344E-006 9.439918464974569E-006
367 -1.109891126735096E-005 2.077125647336887E-005
368 -1.389701258608664E-005 2.600780534002366E-005
369 -2.165560696846391E-004 4.052773758546120E-004
370 3.208626420567382E-005 -6.004837391595947E-005
371 -3.721679322623605E-004 6.964997625913400E-004
372 4.634274486805740E-006 -8.672901855883256E-006
373 4.325438692112867E-006 -8.094922295677638E-006
374 -3.588271142596709E-004 6.715328876302685E-004
375 6.046769629376607E-005 -1.131632806460276E-004
376 2.491091921686511E-004 -4.661994790562867E-004
377 -1.197856213525316E-004 2.241747197516912E-004
378 -2.046484070326689E-005 3.829942246369303E-005
379 -6.566702497659217E-005 1.228936012665158E-004
380 -5.363115893278306E-006 1.003690386991867E-005
381 -9.199319199739043E-006 1.721616731387527E-005
382 1.822856765961904E-004 -3.411415260720742E-004
383 4.425301986114271E-006 -8.281801384749102E-006
384 2.232439038710061E-004 -4.177934470353878E-004
385 9.142319223425657E-006 -1.710949620066018E-005
386 -1.864352022791594E-004 3.489071853095034E-004
387 -1.913381635423163E-006 3.580842106627317E-006
388 2.496438397483232E-004 -4.672000839709320E-004
389 4.479904741452193E-004 -8.383991837129965E-004
390 1.598937354864167E-006 -2.992345841223884E-006
391 -5.306763359475980E-006 9.931424737373489E-006
392 -4.204330012067555E-005 7.868274814878746E-005
393 -3.977064350858378E-004 7.442942531151085E-004
394 7.909029841590387E-006 -1.480146578318057E-005
395 3.220439045381782E-006 -6.026943759448768E-006
396 -1.232741712489633E-004 2.307034896489574E-004
397 1.572417812662246E-004 -2.942727429857052E-004
398 6.066457819067171E-007 -1.135277013939428E-006
399 -2.222507601900307E-005 4.159344624083531E-005
400 -7.610293433856145E-005 1.424240810839614E-004
401 4.244983902529335E-004 -7.944345061260340E-004
402 1.603479581721053E-005 -3.000857815800722E-005
403 -3.608383170448176E-004 6.752967536127045E-004
404 -1.663949362407265E-005 3.114028152261087E-005
405 8.326577588139052E-005 -1.558291347915545E-004
406 1.184589809372016E-006 -2.217034621133857E-006
407 -1.038374223172046E-006 1.943128302432995E-006
408 -1.148578179495144E-006 2.149505699939910E-006
409 1.862963193768946E-005 -3.486473219219966E-005
410 -6.593629783476510E-005 1.233975482463433E-004
411 1.631980684291194E-004 -3.054196922217431E-004
412 5.971590917201972E-005 -1.117563397062697E-004
413 1.380278472333605E-005 -2.583148072354924E-005
414 -1.966805047629929E-004 3.680809733862486E-004
415 2.725126768880172E-006 -5.099873101970564E-006
416 -1.579627414035836E-004 2.956219586774514E-004
417 -2.244107689633336E-004 4.199772171549221E-004
418 -1.371390355131750E-005 2.566509293054177E-005
419 -4.380481899931904E-006 8.197901399123079E-006
420 -5.275580647401654E-005 9.873073198698274E-005
421 6.196579021822899E-006 -1.159669058799846E-005
422 -2.399631980556941E-005 4.490831175949061E-005
423 -8.419487563670064E-007 1.575577074216214E-006
424 4.488755634820700E-004 -8.400556253277867E-004
425 2.956197149327570E-004 -5.532423910224731E-004
426 -1.176490408078082E-005 2.201762989381732E-005
427 4.018517861322482E-006 -7.520455718655628E-006
428 -4.877083262449754E-005 9.127298175456083E-005
429 3.743551880140663E-004 -7.005931825220903E-004
430 1.542762571063875E-005 -2.887228034529373E-005
431 7.590554001637763E-006 -1.420544164899966E-005
432 7.627428030909971E-005 -1.427447577305349E-004
433 2.369582401930659E-004 -4.434593846280419E-004
434 -1.262742134926002E-004 2.363179565633209E-004
435 -2.877763555402645E-006 5.385632229467968E-006
436 -1.061269056337598E-004 1.986129234493512E-004
437 -2.567509390292591E-004 4.805007657197524E-004
438 -1.788070493844908E-005 3.346309598853982E-005
439 8.179534163502602E-004 -1.530772393298451E-003
440 1.520098698320584E-005 -2.844811307692452E-005
441 3.297483964993653E-005 -6.171133956159356E-005
442 -6.995439670473220E-006 1.309175187165317E-005
443 -2.354975675922161E-004 4.407258284048826E-004
444 -1.826973556638286E-006 3.419154827350180E-006
445 -1.355771917432612E-005 2.537284224907895E-005
446 1.587186097033140E-004 -2.970365852993155E-004
447 -3.910865152415962E-004 7.319052862362581E-004
448 2.510246859251068E-005 -4.697842625484210E-005
449 6.927816406516945E-007 -1.296476563356477E-006
450 -2.025669747192433E-004 3.790973068223266E-004
451 1.217901620298261E-005 -2.279262786438882E-005
452 3.713771066625659E-004 -6.950197616614219E-004
453 1.299281417777244E-006 -2.431557160422557E-006
454 5.043017508233819E-006 -9.437854116123351E-006
455 2.731032411473177E-004 -5.111035913528542E-004
456 1.569362145355979E-004 -2.937008526269330E-004
457 6.467409110172638E-005 -1.210354764483215E-004
458 -9.353817854934703E-005 1.750535885573482E-004
459 2.157225248490200E-005 -4.037177615003438E-005
460 1.982997548449057E-006 -3.711135274438875E-006
461 -1.861931945313921E-004 3.484542848354415E-004
462 2.628919659839596E-006 -4.919939930890163E-006
463 7.372046381253355E-006 -1.379652998356948E-005
464 4.486223432161837E-006 -8.395781543815776E-006
465 -2.053509125235176E-005 3.843066396930273E-005
466 3.890666339594501E-004 -7.281250937636180E-004
467 -4.373811952759713E-004 8.185442310723748E-004
468 1.505624801307166E-005 -2.817725603032728E-005
469 -5.603289253050689E-004 1.048636720142403E-003
470 -1.179153920574051E-004 2.206747110569857E-004
471 -4.437770958430404E-004 8.305139223054848E-004
472 -4.790889657390295E-005 8.965988139053140E-005
473 9.347531196925463E-006 -1.749358561320070E-005
474 5.069720282900018E-004 -9.487811471559448E-004
475 -1.807175088227238E-005 3.382067393554184E-005
476 -1.143567303046552E-005 2.140149033784953E-005
477 -3.865559206361909E-005 7.234261703347551E-005
478 3.718144370520706E-004 -6.958382374537901E-004
479 -2.174373443613463E-005 4.069267376862762E-005
480 4.744105254628704E-004 -8.878433833871633E-004
481 7.299080875531010E-005 -1.365998078648721E-004
482 -1.466373196426838E-004 2.744268249349163E-004
483 5.593326809298093E-006 -1.046773578933171E-005
484 -4.469621227600054E-005 8.364749070501961E-005
485 -1.243477814964510E-004 2.327127407284003E-004
486 1.512819679979867E-005 -2.831197970937447E-005
487 -4.602057587283712E-004 8.612595976751375E-004
488 2.071736759028477E-004 -3.877185880203671E-004
489 9.541330465302251E-005 -1.785628425819273E-004
490 9.134966888907834E-004 -1.709578327110173E-003
491 -3.361037781383225E-005 6.290075198234007E-005
492 -1.494257079225394E-004 2.796452520952760E-004
493 4.739425812422387E-006 -8.869601374896069E-006
494 -1.064955006497662E-005 1.993030726577124E-005
495 -7.648281823915296E-005 1.431350561407736E-004
496 2.747714928870062E-004 -5.142256176617915E-004
497 2.145917246263402E-005 -4.016011436785257E-005
498 2.287671999568984E-005 -4.281297255809723E-005
499 4.047007779735360E-004 -7.573839109045424E-004
500 2.406267954424762E-004 -4.503249420679620E-004
501 2.578799043354443E-006 -4.826104790642090E-006
502 -1.018214936116583E-004 1.905555385673050E-004
503 -4.661915474070406E-004 8.724618550874355E-004
504 5.778244729652627E-005 -1.081378974305428E-004
505 -4.673868862483992E-004 8.746988786440212E-004
506 -1.444612422774141E-005 2.703545161381918E-005
507 1.372784364797180E-005 -2.569121311102446E-005
508 4.379689417560847E-005 -8.196441557525394E-005
509 9.086169918014828E-004 -1.700446338732694E-003
510 5.263528945436852E-006 -9.850649182745203E-006
511 1.054328174562685E-005 -1.973141848467880E-005
512 9.254490245757298E-007 -1.731948918784532E-006
513 3.369351889450544E-004 -6.305626123275477E-004
514 4.676423927378986E-004 -8.751771052994252E-004
515 5.179549564487297E-006 -9.693312154601404E-006
516 -4.490860562408984E-006 8.404534140189443E-006
517 -4.333842857325273E-004 8.110641479633506E-004
518 6.264748290831809E-004 -1.172426742917742E-003
519 -9.093509525777599E-006 1.701814679319986E-005
520 8.019293665928175E-005 -1.500783772009076E-004
521 7.211765519027871E-004 -1.349657556598549E-003
522 1.534748423464509E-004 -2.872229897446519E-004
523 -7.522924585629512E-004 1.407889983708204E-003
524 -1.103637451280203E-004 2.065420777474397E-004
525 1.028693771637824E-005 -1.925161126997834E-005
526 1.916948458616370E-004 -3.587504100579828E-004
527 3.546600663393772E-005 -6.637341099364169E-005
528 -1.177991177079883E-005 2.204573895128630E-005
529 -3.549068602274143E-006 6.641980354814688E-006
530 -2.870449687801213E-004 5.371950199680995E-004
531 -3.619284171424898E-004 6.773369420434507E-004
532 2.113004234497699E-005 -3.954416974787419E-005
533 -3.203597872609533E-004 5.995425796588389E-004
534 -1.738504695364201E-004 3.253553320080188E-004
535 -9.007023940327895E-005 1.685634238736788E-004
536 -9.241091848294212E-004 1.729439367176661E-003
537 -1.038751483083499E-004 1.943988396558874E-004
538 1.354732147823209E-006 -2.535347455437896E-006
539 4.459464445916466E-004 -8.345738594873467E-004
540 -1.092227335554006E-004 2.044066259033521E-004
541 1.684166284127095E-004 -3.151860531288314E-004
542 7.170107187441540E-004 -1.341861490288284E-003
543 1.146530151493927E-006 -2.145688662677803E-006
544 -3.255538265036236E-005 6.092633226292435E-005
545 -4.610497460212692E-004 8.628390396029654E-004
546 -8.497537972789447E-007 1.590279722509823E-006
547 -2.060404751297567E-004 3.855978889111026E-004
548 2.365568808466511E-006 -4.427080207359644E-006
549 1.015317600520846E-005 -1.900132307340768E-005
550 -1.189480049603886E-004 2.226072007108095E-004
551 5.397436135774689E-006 -1.010134446218077E-005
552 -3.106345874553920E-005 5.813426135526394E-005
553 -3.981184216856221E-004 7.450652304203798E-004
554 -1.067447499406878E-004 1.997692097478466E-004
555 8.137565856894612E-004 -1.522918040054285E-003
556 1.755260542679963E-004 -3.284911449199475E-004
557 -7.378668170819363E-004 1.380893063188925E-003
558 -3.557034324387154E-005 6.656861195440989E-005
559 3.058502693202137E-004 -5.723885484802526E-004
560 -5.085769635198610E-004 9.517847954084661E-004
561 -5.887784474164278E-005 1.101879280962839E-004
562 1.520899155671317E-003 -2.846311826844773E-003
563 1.421863637703800E-004 -2.660969555132228E-004
564 -2.115478900399850E-004 3.959047954229381E-004
565 -3.268671685102786E-005 6.117211389876233E-005
566 6.225191949322728E-004 -1.165023782835853E-003
567 1.473370752652346E-004 -2.757364102128115E-004
568 -1.647505187880606E-004 3.083250841538469E-004
569 -6.189588591677941E-004 1.158360743754268E-003
570 4.904265412995598E-006 -9.178144378935051E-006
571 4.162517310793498E-004 -7.790011493922403E-004
572 1.966650321230969E-004 -3.680520225553817E-004
573 -6.187128224951248E-004 1.157900173637942E-003
574 -2.580709484087775E-006 4.829729524675315E-006
575 1.322443055151991E-003 -2.474907983492025E-003
576 -1.795794667475968E-005 3.360765409964732E-005
577 6.071381211958781E-004 -1.136238591352559E-003
578 7.559468293701092E-004 -1.414729072955950E-003
579 2.916754910770520E-005 -5.458609087568462E-005
580 -7.497770841441321E-004 1.403182480668271E-003
581 6.396711501099875E-006 -1.197123545221925E-005
582 -2.957145872501567E-004 5.534199604666403E-004
583 4.910064730905483E-005 -9.189013796946218E-005
584 -9.566454298581489E-004 1.790329721608148E-003
585 8.365838007619597E-005 -1.565638067392754E-004
586 -6.517266119078270E-004 1.219684454026121E-003
587 -1.712434124285697E-004 3.204763076513088E-004
588 3.642608568224336E-006 -6.817013569144631E-006
589 1.979852406018728E-005 -3.705225971030238E-005
590 -5.121186621874895E-004 9.584129132865608E-004
591 -3.385668340311834E-005 6.336170058510896E-005
592 -4.556322139325500E-005 8.527004614263041E-005
593 2.701390066191065E-006 -5.055560200251263E-006
594 -2.704721099824275E-004 5.061794953679730E-004
595 4.614446222860561E-005 -8.635779824968719E-005
596 3.710308313359131E-004 -6.943717787862518E-004
597 -3.790872339110437E-005 7.094490768822886E-005
598 5.574401305803915E-004 -1.043230540456479E-003
599 -8.528766620089421E-006 1.596131552996949E-005
600 2.656296657845604E-006 -4.971200899984875E-006
601 -3.881064669258364E-004 7.263282582632728E-004
602 6.394343162908609E-004 -1.196679792243991E-003
603 1.610637316354792E-005 -3.014253580737810E-005
604 1.133260825560233E-004 -2.120859579410697E-004
605 -1.131429918556283E-005 2.117432900896965E-005
606 -1.024570997297486E-004 1.917450000803897E-004
607 6.914267266914048E-005 -1.293981940926658E-004
608 4.610716906701498E-005 -8.628803047469639E-005
609 1.028872367958834E-005 -1.925501883664052E-005
610 4.181097602077970E-006 -7.824794558206337E-006
611 -1.731335493745055E-004 3.240136854378411E-004
612 -7.489232292001627E-004 1.401584602321664E-003
613 3.086738814233129E-006 -5.776736054865954E-006
614 -2.375417642923530E-005 4.445516837440388E-005
615 1.306051697697287E-004 -2.444231694418965E-004
616 -4.498404067579244E-006 8.418589685793217E-006
617 -1.167760624936743E-005 2.185438378731862E-005
618 -1.522506833588315E-005 2.849317370826092E-005
619 8.330108396102376E-005 -1.558951719332481E-004
620 -7.945633527009205E-005 1.486998719580998E-004
621 3.262073826083583E-004 -6.104861548244979E-004
622 -1.262150769223111E-005 2.362087455675754E-005
623 5.905003458884354E-006 -1.105100293876773E-005
624 2.523645946738342E-004 -4.722919178617147E-004
625 1.167741347721662E-005 -2.185392760036064E-005
626 -1.423562599009731E-004 2.664149798476824E-004
627 8.035747235571831E-006 -1.503859655931847E-005
628 9.656723691384685E-006 -1.807227552163000E-005
629 -2.917938554334994E-004 5.460824462427269E-004
630 -2.246140521327246E-004 4.203576855289313E-004
631 -4.659930129688146E-006 8.720847522230123E-006
632 7.516171949983916E-007 -1.406709455489115E-006
633 -1.718625394979775E-004 3.216349205643435E-004
634 7.843820971189668E-005 -1.467944540103256E-004
635 -2.066575313384436E-005 3.867529342373576E-005
636 -5.241010661218761E-005 9.808373729045309E-005
637 7.923399881274917E-004 -1.482837741292394E-003
638 7.840816018694991E-007 -1.467365817039530E-006
639 4.674546484633399E-005 -8.748260233700667E-005
640 -2.973936541576858E-005 5.565624106471059E-005
641 -2.772706094618239E-004 5.189026492411015E-004
642 1.023237730636920E-005 -1.914954276734906E-005
643 1.960250966084081E-004 -3.668543984760514E-004
644 -9.390473148028915E-006 1.757391737135159E-005
645 2.000829500038589E-004 -3.744485591687519E-004
646 3.514926145418298E-006 -6.578188494980234E-006
647 1.959414597472946E-003 -3.666979036404523E-003
648 -1.271888926144994E-004 2.380297995138716E-004
649 6.992046475796538E-007 -1.308448279418808E-006
650 -3.693448524177624E-006 6.912162875724055E-006
651 -5.330994142579246E-004 9.976775670001124E-004
652 9.219723580832027E-007 -1.725401281784184E-006
653 -8.954124605616237E-004 1.675734530525290E-003
654 -1.076097669019508E-003 2.013881374334452E-003
655 -4.914571433509490E-006 9.197408185527408E-006
656 3.451157187535393E-007 -6.459179486613345E-007
657 2.487640297420848E-004 -4.655533036345683E-004
658 -1.257306380153693E-004 2.353009101451582E-004
659 -5.827487525863048E-006 1.090618760566855E-005
660 4.777085425972576E-005 -8.940143944170646E-005
661 -1.600772906940097E-007 2.995798108460412E-007
662 8.289066936796844E-006 -1.551268426504841E-005
663 2.980283532163177E-005 -5.577499974051672E-005
664 1.111573638811101E-007 -2.080755978738884E-007
665 2.011493408470282E-005 -3.764440945321533E-005
666 -7.392132511759399E-007 1.383446459901375E-006
667 -6.291662992313374E-007 1.177347951632187E-006
668 -1.423397850912534E-005 2.663842626491713E-005
669 -1.502932125277323E-005 2.812687437612306E-005
670 -1.439152164881548E-006 2.693276732713148E-006
671 -2.050822093506987E-005 3.838037832504314E-005
672 -1.648086468686180E-006 3.084279413312958E-006
673 -1.259705936291984E-004 2.357497138884370E-004
674 2.204659833435103E-006 -4.125873634454816E-006
675 -6.520697205293421E-006 1.220321756910578E-005
676 2.045503205496770E-004 -3.828090685751932E-004
677 -4.283456724120544E-006 8.016392408095515E-006
678 3.913431447128936E-005 -7.323857119830436E-005
679 1.398522155180846E-006 -2.617333095481331E-006
680 -2.057725250607385E-006 3.850980873845668E-006
681 1.618457451240509E-004 -3.028888905973599E-004
682 3.655803468615570E-005 -6.841711289455672E-005
683 7.337238863971651E-007 -1.373109763655167E-006
684 3.795055061859780E-005 -7.102324200863121E-005
685 -6.384837858073218E-007 1.194982921502757E-006
686 -6.141565161569062E-006 1.149375261629296E-005
687 8.555190921916586E-007 -1.601139836056633E-006
688 -8.828576072739017E-005 1.652238510510484E-004
689 -2.036043418447511E-006 3.810415556809292E-006
690 -1.213256764059307E-007 2.270449407826448E-007
691 7.238691311466225E-005 -1.354696048977922E-004
692 1.523393003788341E-004 -2.850978351356967E-004
693 -7.137951473219846E-007 1.335826789935238E-006
694 -5.380137909427285E-006 1.006879830056485E-005
695 -1.113057497270278E-004 2.083050264474992E-004
696 -5.079148788030371E-005 9.505455877091150E-005
697 -2.931803585671547E-004 5.486769595614380E-004
698 -1.831101727629194E-004 3.426846201205328E-004
699 1.753848449994548E-006 -3.282241862093755E-006
700 1.221650494886636E-004 -2.286276972637897E-004
701 -5.799977795735894E-006 1.085446141154813E-005
702 2.158725064768274E-004 -4.039981238751558E-004
703 1.006715314724728E-006 -1.884027838462496E-006
704 5.899234351555775E-004 -1.104021918888389E-003
705 -1.573444807976317E-004 2.944649257645504E-004
706 -5.421495574539125E-006 1.014615971777459E-005
707 -3.198065267000930E-005 5.985071404819292E-005
708 -6.515062589484605E-006 1.219272373275487E-005
709 1.035215694832863E-004 -1.937371411901763E-004
710 6.496324604046541E-005 -1.215765307234437E-004
711 -1.205369354056242E-006 2.255825764780002E-006
712 -8.851407994999097E-007 1.656678545052910E-006
713 2.178351676711935E-004 -4.076712252663563E-004
714 2.220205250120049E-005 -4.155039188302577E-005
715 -1.172163639768585E-006 2.193640574879176E-006
716 -2.161292305916456E-006 4.044784843838620E-006
717 -9.987600291405733E-006 1.869145999190647E-005
718 1.769642692975195E-006 -3.311931566782789E-006
719 4.947944567962707E-005 -9.259913362102321E-005
720 5.205145183825319E-007 -9.737417078147401E-007
721 -7.871701742653581E-007 1.473247646274967E-006
722 -4.772559960178829E-007 8.934821086574093E-007
723 7.183808633091485E-007 -1.344342539652095E-006
724 3.460077817927880E-005 -6.475426175312579E-005
725 -1.481543417714225E-008 2.776219467327407E-008
726 -1.571202187497626E-004 2.940452769953220E-004
727 1.944235072097271E-006 -3.638565399542197E-006
728 5.418730025983283E-005 -1.014097078938752E-004
729 6.249050954734115E-007 -1.169447770412992E-006
730 2.568321307650877E-004 -4.806527358766682E-004
731 -2.557368106271473E-006 4.786370099086036E-006
732 8.913844172403602E-005 -1.668195361841317E-004
733 -8.387767640625675E-007 1.569869847298084E-006
734 -1.330906098576173E-005 2.490733191946973E-005
735 -3.100717066087234E-004 5.802888581052286E-004
736 -2.917102156298464E-006 5.459092283629089E-006
737 3.139631500455560E-005 -5.875706225675147E-005
738 8.645540961525541E-005 -1.617983233442032E-004
739 5.872347432230074E-005 -1.098990404125181E-004
740 -3.011550908510499E-006 5.636045246799601E-006
741 2.002507707226232E-005 -3.747628376561791E-005
742 -4.923566758918442E-004 9.214290060594028E-004
743 -4.272350966508940E-006 7.995425826788982E-006
744 -3.826001966620300E-004 7.160232988264314E-004
745 -1.660359601944286E-005 3.107299409704584E-005
746 4.289874991145304E-004 -8.028357113470058E-004
747 1.696190490984458E-005 -3.174361092094013E-005
748 5.698874869775319E-004 -1.066525235948973E-003
749 2.464751437063593E-004 -4.612700553922007E-004
750 -3.281882851482395E-004 6.141930297449077E-004
751 -4.955400594510163E-006 9.273815766968356E-006
752 4.911514920599112E-004 -9.191736089522585E-004
753 -1.506737835117698E-007 2.819053009783268E-007
754 1.097754600164410E-004 -2.054411091889793E-004
755 6.546754168539998E-004 -1.225202846572266E-003
756 7.246467879812989E-006 -1.356175788140853E-005
757 4.930302211547637E-007 -9.228495943397497E-007
758 1.542789290114651E-004 -2.887277241477871E-004
759 1.984072500918410E-004 -3.713127163934095E-004
760 -7.550665068902409E-008 1.415211761041352E-007
761 -1.335781730652654E-006 2.499905731864831E-006
762 -1.591622245411285E-006 2.978751538459157E-006
763 -4.439701401746279E-005 8.308717764763023E-005
764 4.697168478615557E-004 -8.790596848135633E-004
765 -1.883573129143386E-005 3.525045939656254E-005
766 4.623823020920581E-004 -8.653326081188141E-004
767 6.195426353691458E-006 -1.159456098164696E-005
768 1.272567124509624E-006 -2.381694447933798E-006
769 -3.885491476333773E-004 7.271567037932015E-004
770 7.258696378854927E-006 -1.358450131097034E-005
771 2.204344828112359E-004 -4.125360898667429E-004
772 -9.507561638683390E-006 1.779289069273112E-005
773 3.471445905136207E-004 -6.496693951151479E-004
774 2.192407832416408E-006 -4.102951452181290E-006
775 -3.374361064122521E-005 6.314994914485154E-005
776 -4.549616239754088E-004 8.514453350018803E-004
777 -3.078320401913796E-004 5.760971027637019E-004
778 4.805771999020681E-006 -8.993773390385269E-006
779 -4.659189429569981E-004 8.719516201646532E-004
780 8.484174268939331E-004 -1.587784627589853E-003
781 5.305771429856459E-004 -9.929572527213760E-004
782 2.824752015088859E-006 -5.286505101115985E-006
783 2.374569960431745E-004 -4.443926376026034E-004
784 -5.779055173077046E-006 1.081546289642723E-005
785 -7.868472679122868E-005 1.472557735460580E-004
786 -1.239398260119852E-005 2.319478496262276E-005
787 3.234622201110730E-004 -6.053486391943548E-004
788 1.025939741270609E-006 -1.919930772692819E-006
789 6.698323696834288E-005 -1.253569206279928E-004
790 -1.590481403170255E-006 2.976631992059757E-006
791 1.503570498077342E-005 -2.813864535667789E-005
792 -8.544976432740837E-006 1.599152780460546E-005
793 2.318746858830910E-004 -4.339456961992388E-004
794 4.742409857829134E-006 -8.875229223422457E-006
795 -4.186253951363503E-005 7.834437412028623E-005
796 9.888170710408399E-008 -1.849445192557035E-007
797 8.856034929079744E-007 -1.657383175886432E-006
798 -7.055412797718868E-005 1.320399190633846E-004
799 6.057297320215956E-006 -1.133608665366970E-005
800 -2.197361358075815E-004 4.112288123504906E-004
801 -1.209885424602685E-005 2.264263017139226E-005
802 -1.004988939740571E-004 1.880803273715484E-004
803 -2.955524984127951E-006 5.531036952032792E-006
804 2.501731038212938E-005 -4.681877720879968E-005
805 -8.625611237574178E-007 1.614007271270831E-006
806 6.911074067570670E-004 -1.293384734874997E-003
807 8.945792961287656E-004 -1.674175226373673E-003
808 7.650869673322258E-006 -1.431839561185822E-005
809 9.813168318150413E-005 -1.836506200595359E-004
810 6.890736379342342E-006 -1.289568368437445E-005
811 3.645835844531332E-004 -6.823057638759407E-004
812 -4.070318211409954E-006 7.617526903545523E-006
813 7.752891910837669E-005 -1.450926535785212E-004
814 -2.065426644717627E-006 3.865533571984058E-006
815 2.410531057880422E-004 -4.511228123227954E-004
816 1.876782457310359E-006 -3.512324028494136E-006
817 2.057098811981204E-004 -3.849795629422886E-004
818 -2.097213220906565E-004 3.924865727139489E-004
819 -3.593456588391953E-005 6.725042716038754E-005
820 -1.387685477478241E-005 2.597020287518790E-005
821 3.899365192405227E-004 -7.297532069804115E-004
822 1.056846641049450E-005 -1.977855101647779E-005
823 3.831054210436044E-006 -7.169710813152549E-006
824 -1.251594840127092E-005 2.342326609895679E-005
825 5.446514583182889E-004 -1.019296792364731E-003
826 5.731549909696934E-006 -1.072633332068586E-005
827 1.977666761369759E-004 -3.701139396973725E-004
828 1.754160526763717E-006 -3.282882962187856E-006
829 -1.601700504781173E-005 2.997526500276868E-005
830 -2.131577656927697E-006 3.988974154053275E-006
831 9.310425871143187E-005 -1.742419792947221E-004
832 3.242780126544559E-006 -6.068320974382411E-006
833 -9.292162650916402E-005 1.738997156239968E-004
834 -3.808418742326998E-006 7.127340264683627E-006
835 -2.392923520464234E-006 4.478329820744865E-006
836 -6.619163377066921E-004 1.238754369054361E-003
837 -1.127463422604046E-006 2.109960161328193E-006
838 -4.946899381050711E-005 9.257981826920299E-005
839 5.732218459976296E-006 -1.072762987159678E-005
840 -2.087621511652695E-004 3.906909745202615E-004
841 -7.795845590153128E-005 1.458969269784089E-004
842 9.023760854721615E-006 -1.688777434886537E-005
843 2.842948113177637E-004 -5.320483185661959E-004
844 1.806782195502594E-004 -3.381335229919397E-004
845 2.955383713392817E-006 -5.530989250573258E-006
846 4.314474018239075E-007 -8.073567021949118E-007
847 -3.512929822535328E-006 6.573981522160010E-006
848 -1.617733826815257E-004 3.027534730631896E-004
849 -8.544961199756922E-007 1.599296500866942E-006
850 -3.225551522797704E-004 6.036512899686686E-004
851 5.586803341692662E-006 -1.045554092421813E-005
852 -2.714879052841041E-006 5.080595327897328E-006
853 3.018825242684462E-004 -5.649628457708159E-004
854 7.424657375647363E-006 -1.389513250574076E-005
855 -1.379933660427065E-004 2.582501460301520E-004
856 1.599027734007007E-006 -2.992733416857603E-006
857 -4.142147998338412E-005 7.751896841223338E-005
858 5.072656750396874E-007 -9.493939975011578E-007
859 8.400548020421248E-006 -1.572136221409488E-005
860 -1.768636501319326E-004 3.309945271979254E-004
861 2.753618519436924E-004 -5.153308037147414E-004
862 -1.387031120348025E-006 2.595718581207466E-006
863 1.107829946690911E-004 -2.073266582063058E-004
864 1.890983580455398E-005 -3.538915060052461E-005
865 -2.343422988024489E-004 4.385637673264597E-004
866 -2.973978137659206E-007 5.564500787661406E-007
867 -7.321477928158416E-005 1.370189709874475E-004
868 -2.859575901943261E-006 5.351510424131511E-006
869 4.292003513381295E-006 -8.032555284518933E-006
870 4.491691495573107E-005 -8.406095426257650E-005
871 -2.349889047194634E-004 4.397736068791589E-004
872 -6.623932755182935E-006 1.239655480325791E-005
873 2.539667950422515E-004 -4.752901862976477E-004
874 -1.162939068808564E-006 2.176655523158217E-006
875 4.028749770574423E-005 -7.539650545427009E-005
876 -1.180974643969684E-005 2.210161493403949E-005
877 -6.622216095005804E-004 1.239325250464036E-003
878 -1.246199146731539E-005 2.332228749373794E-005
879 -9.061670186610502E-007 1.696093088102759E-006
880 9.825431395187442E-005 -1.838796356089084E-004
881 -3.210164613420560E-006 6.007782552960527E-006
882 3.055344273889401E-004 -5.717980129043686E-004
883 -2.557856568262227E-006 4.787281429872843E-006
884 -1.422269059397343E-004 2.661724659519155E-004
885 -1.143004803657470E-004 2.139094407706633E-004
886 -6.839114457439363E-006 1.279939491210927E-005
887 -2.409658066242716E-004 4.509595548962605E-004
888 2.833312706039353E-004 -5.302449577898379E-004
889 -1.344648186593695E-005 2.516426722093563E-005
890 -3.759383997015030E-006 7.035443467241840E-006
891 9.770632312494964E-005 -1.828541150678259E-004
892 -4.227298603784993E-004 7.911247767162610E-004
893 4.050026311296813E-005 -7.579492790694079E-005
894 4.425069405935418E-005 -8.281377519872690E-005
895 -6.027251051096459E-005 1.127981970718471E-004
896 1.665551144348989E-005 -3.117018810907111E-005
897 -1.141486913445902E-006 2.135982927545519E-006
898 -1.377743201274113E-006 2.577422200546400E-006
899 2.191709537291543E-004 -4.101710171559196E-004
900 8.778539648390871E-006 -1.642843872305784E-005
901 -5.524821021665434E-004 1.033952013314376E-003
902 1.504561379331928E-004 -2.815741182804298E-004
903 -8.653269468875515E-005 1.619425947056816E-004
904 -3.016014259916664E-004 5.644371494902742E-004
905 1.721605184955535E-006 -3.222479435547684E-006
906 -6.186192321664386E-005 1.157728514098022E-004
907 9.372383985389185E-005 -1.754010953016025E-004
908 -6.434724215481597E-006 1.204228400860445E-005
909 -1.025953103925643E-005 1.920022092806118E-005
910 -3.308839994918847E-006 6.192408074127859E-006
911 -1.433254592897765E-005 2.682295078535537E-005
912 -7.503552393457918E-005 1.404263117248270E-004
913 4.029618015805328E-005 -7.541285724076006E-005
914 1.313217097869348E-004 -2.457642086293818E-004
915 1.997055843677754E-004 -3.737424165676700E-004
916 -2.709868887289292E-004 5.071430964221317E-004
917 1.667486235974413E-005 -3.120636137565615E-005
918 -1.383801829388204E-006 2.589638503117403E-006
919 -4.946912102466812E-004 9.257980114485994E-004
920 -1.046289698109267E-005 1.958096911643721E-005
921 -3.088857732799520E-005 5.780713122717282E-005
922 -1.031390217372625E-004 1.930211930739433E-004
923 -3.316808131893692E-004 6.207293807093810E-004
924 2.433488610532239E-005 -4.554159397913788E-005
925 2.484093946641036E-006 -4.648784281729768E-006
926 -9.685934525400299E-005 1.812691207620925E-004
927 2.604008124564908E-005 -4.873277666025014E-005
928 -2.455799805844652E-004 4.595948473828020E-004
929 -2.535816321471426E-006 4.745747285256518E-006
930 9.190295964064778E-006 -1.719922128200664E-005
931 -1.203650073680059E-004 2.252589706591156E-004
932 2.445940323465567E-004 -4.577493689250521E-004
933 1.016301463708476E-005 -1.901958491786841E-005
934 2.044327299862493E-004 -3.825893870573344E-004
935 1.827491944724011E-007 -3.421089211386285E-007
936 -7.967042946897476E-005 1.491003850651826E-004
937 6.502365288361554E-006 -1.216922463083823E-005
938 8.039630709261492E-005 -1.504591344618568E-004
939 -5.840008884873138E-006 1.092944300304981E-005
940 3.660777329698676E-006 -6.851003334529992E-006
941 -1.873513272687665E-004 3.506217318527219E-004
942 -2.164482157691065E-005 4.050808235681894E-005
943 -5.859404483848307E-005 1.096568978120868E-004
944 -2.774551166216359E-006 5.192413598041710E-006
945 1.297008335079903E-004 -2.427307852491296E-004
946 2.769268744297680E-006 -5.182348743572062E-006
947 5.882924365957026E-006 -1.100969359754485E-005
948 -7.470062990644015E-005 1.397999780913124E-004
949 7.824674228195489E-005 -1.464361447876676E-004
950 1.063534187803603E-005 -1.990343809875617E-005
951 8.425408791696098E-007 -1.577029398627200E-006
952 3.484054619557234E-004 -6.520292627032881E-004
953 1.412123317922325E-005 -2.642744947198127E-005
954 1.100959143660960E-004 -2.060406316999239E-004
955 -7.351266479920942E-006 1.375760413250293E-005
956 -2.309330513605700E-004 4.321835573412768E-004
957 3.158068459636806E-005 -5.910212232643611E-005
958 4.028273923855999E-004 -7.538776773290106E-004
959 -8.912338042608598E-006 1.667922596115639E-005
960 2.008810065697657E-004 -3.759422170632098E-004
961 3.604220130048991E-006 -6.744856701959022E-006
962 2.101230055970289E-004 -3.932381005056949E-004
963 -6.660705172020214E-005 1.246529142673407E-004
964 2.910909767358310E-004 -5.447672850925485E-004
965 -2.661120023956948E-005 4.980181105036170E-005
966 -2.944198084084911E-004 5.509971366187234E-004
967 -1.546360169022750E-006 2.894035133667802E-006
968 6.383900704430806E-005 -1.194724822606426E-004
969 9.303695174595187E-007 -1.740970546212029E-006
970 -1.616044024870600E-004 3.024373000292193E-004
971 -2.083201200471389E-006 3.898624624091903E-006
972 -6.112005192930680E-005 1.143839969910472E-004
973 -2.820308171591355E-004 5.278112449364786E-004
974 2.457197315783352E-005 -4.598583362991146E-005
975 3.650610566594190E-006 -6.831933756691999E-006
976 1.864875020876745E-004 -3.490053439333163E-004
977 -3.611156329363975E-004 6.758157888027372E-004
978 6.258999002830943E-008 -1.171531398958472E-007
979 1.875311151569177E-005 -3.509569790256078E-005
980 -5.856757959586100E-006 1.096094223549288E-005
981 -3.346233848308983E-004 6.262365976852685E-004
982 -1.377471799271936E-004 2.577891848346236E-004
983 -9.838916742666410E-005 1.841319995581759E-004
984 -2.593786281112769E-006 4.854261536177670E-006
985 2.656866325774530E-006 -4.972383716542363E-006
986 -3.050361400419653E-004 5.708648905988885E-004
987 2.988562938001604E-006 -5.592901061096633E-006
988 4.251662495648229E-005 -7.956851945742470E-005
989 5.806319042845778E-006 -1.086604140147686E-005
990 5.600117025414968E-005 -1.048041308330154E-004
991 4.584933893780788E-007 -8.577482586335958E-007
992 -2.526008586118771E-004 4.727339954379844E-004
993 8.879293160567427E-007 -1.661470817383128E-006
994 -3.765975178111998E-006 7.047823369442153E-006
995 -1.355103455829597E-005 2.536030850229214E-005
996 1.532263450402377E-004 -2.867578470502156E-004
997 -1.652564460336692E-004 3.092719858853608E-004
998 1.498613945986761E-005 -2.804604653811006E-005
999 4.506235593239970E-006 -8.433172624139953E-006
1000 4.725756078569879E-006 -8.844340356683962E-006
1001 1.891929304292442E-005 -3.540673343506577E-005
1002 1.511686019934398E-005 -2.829086595586894E-005
1003 2.865112656990661E-006 -5.362114132000064E-006
1004 -1.587513494367327E-004 2.970982522230377E-004
1005 1.626465563991506E-004 -3.043876077016420E-004
1006 2.190080078483279E-004 -4.098663541236126E-004
1007 -5.173051248902148E-005 9.681227459814093E-005
1008 -6.179285957473682E-007 1.156495418230180E-006
1009 -8.162827724289285E-008 1.530755744466899E-007
1010 -4.474666661537506E-006 8.374188684316118E-006
1011 -8.681318778765761E-006 1.624694635911281E-005
1012 4.612192873013774E-005 -8.631562290725523E-005
1013 -4.062224787398782E-006 7.602531539168437E-006
1014 -9.503235278583658E-005 1.778499886337254E-004
1015 1.261325292152324E-006 -2.360545521892082E-006
1016 -1.385119977423961E-004 2.592205723210266E-004
1017 1.002628238034665E-005 -1.876367854469797E-005
1018 1.316888261513460E-004 -2.464512766476535E-004
1019 5.860609499456072E-006 -1.096791467185870E-005
1020 2.424258122293633E-006 -4.537081509046309E-006
1021 2.784911983361805E-006 -5.211924079561190E-006
1022 -6.598270458487095E-005 1.234841393386105E-004
1023 2.005540858007720E-005 -3.753320867409848E-005
1024 4.401911248157077E-006 -8.237984931600291E-006
1025 2.674601068550458E-004 -5.005429192247201E-004
1026 -4.246681150215287E-006 7.947333043825764E-006
1027 -4.686089201567443E-006 8.769451950717644E-006
1028 -2.480228793965339E-006 4.641396748998104E-006
1029 -1.520507673311333E-004 2.845578748559350E-004
1030 5.832118357188262E-006 -1.091446717690804E-005
1031 -5.458039201727441E-005 1.021452485622401E-004
1032 1.783045551881654E-004 -3.336908911467782E-004
1033 -8.585343897487290E-005 1.606718102206870E-004
1034 -2.215732879628809E-006 4.146670418806999E-006
1035 -6.818865896107886E-006 1.276125551809376E-005
1036 -6.045067106812805E-006 1.131307138580703E-005
1037 -7.955117951876679E-005 1.488775596259879E-004
1038 -8.230828867190524E-005 1.540370908675698E-004
1039 -4.422693928529470E-006 8.276914769085560E-006
1040 1.722134424096926E-004 -3.222916336753630E-004
1041 -1.088456370316688E-006 2.037042660095852E-006
1042 1.911645782129232E-004 -3.577580990098847E-004
1043 2.646769419940696E-005 -4.953311773297646E-005
1044 -1.061735523836024E-004 1.986997051653274E-004
1045 -1.633429013448347E-006 3.056580779988027E-006
1046 -3.861629399280929E-007 7.227134873779186E-007
1047 -1.133877555777687E-007 2.123139486220992E-007
1048 9.532437046921804E-005 -1.783962163096915E-004
1049 7.287654368525931E-006 -1.363841153378202E-005
1050 -6.154965843161198E-007 1.151963063183082E-006
1051 -8.362997253567021E-005 1.565105899175330E-004
1052 -2.624937520708997E-006 4.912501549659510E-006
1053 -4.919196903107586E-005 9.206079996576217E-005
1054 1.870302335091398E-004 -3.500209615735022E-004
1055 -1.301777269941528E-004 2.436228579640587E-004
1056 -1.135015231555514E-004 2.124143057136692E-004
1057 3.199799396943557E-006 -5.988397263183716E-006
1058 -7.524509208181948E-006 1.408184886324575E-005
1059 -1.776415859820913E-004 3.324502282555344E-004
1060 -2.816564767263336E-004 5.271107341678313E-004
1061 -2.141400725166891E-004 4.007560541551877E-004
1062 -2.657353699825324E-005 4.973162318873220E-005
1063 5.612303773871119E-005 -1.050325636594809E-004
1064 2.260651233848925E-006 -4.231098739119415E-006
1065 3.107218037170960E-006 -5.814824322378110E-006
1066 -2.314599697249494E-006 4.331791476829242E-006
1067 -4.289704878513212E-006 8.028051164511997E-006
1068 7.521337527539636E-005 -1.407592299692782E-004
1069 2.103132520471817E-006 -3.935933869307893E-006
1070 -3.073379298805565E-006 5.751990793878939E-006
1071 -2.733670631665399E-004 5.115979351510174E-004
1072 9.131763136769468E-008 -1.711534058098341E-007
1073 -3.877465789190773E-005 7.256509201988037E-005
1074 -8.194710882628726E-005 1.533614063901867E-004
1075 2.128268826631014E-005 -3.982968515423064E-005
1076 2.897297412105010E-007 -5.421620047220944E-007
1077 2.369290112443786E-006 -4.434001953818522E-006
1078 1.082478718720979E-004 -2.025822208652700E-004
1079 -3.493420679607447E-006 6.537616409836728E-006
1080 -1.617646628073952E-005 3.027371693051388E-005
1081 1.719980787657955E-006 -3.218690834894324E-006
1082 -1.813756446312612E-007 3.394486801526377E-007
1083 -1.007010332503104E-005 1.884568610621495E-005
1084 -3.152877622620105E-006 5.900569213650614E-006
1085 2.074701517850320E-006 -3.882767806130911E-006
1086 -1.606745983103599E-004 3.006972215848488E-004
1087 1.669667450545291E-004 -3.124729670958371E-004
1088 -4.685769224983202E-005 8.769265089703171E-005
1089 -2.740775922153839E-007 5.125018688747638E-007
1090 -1.501296534426606E-006 2.809638068703453E-006
1091 4.949755260027879E-005 -9.263325894363823E-005
1092 -4.531103835864498E-005 8.479807657077612E-005
1093 1.362477657655864E-006 -2.549793132762936E-006
1094 9.957870617948667E-005 -1.863582262327718E-004
1095 -4.639049626641928E-006 8.681766912658711E-006
1096 5.811061329573996E-005 -1.087519773576245E-004
1097 2.472899493425396E-004 -4.627947150297967E-004
1098 -1.191290764799542E-004 2.229462010178323E-004
1099 2.126508701546467E-006 -3.979719895977787E-006
1100 7.411818260642709E-006 -1.387123008591268E-005
1101 -1.273040927901458E-005 2.382439048070666E-005
1102 2.061433233832024E-007 -3.861175986776230E-007
1103 4.557620957952628E-005 -8.529449544485993E-005
1104 3.108030397292611E-006 -5.816619390190196E-006
1105 -3.965433326113124E-005 7.421207771391633E-005
1106 -1.373742059334351E-006 2.570990389501636E-006
1107 -6.370186120429250E-006 1.192168593994711E-005
1108 6.506637808052396E-005 -1.217697448537294E-004
1109 6.522859678244926E-005 -1.220732431998673E-004
1110 -1.862535360150858E-005 3.485703295079011E-005
1111 1.381123165054276E-004 -2.584726805734862E-004
1112 2.755188967092165E-006 -5.156292334267992E-006
1113 4.290721628623685E-005 -8.029940405281620E-005
1114 2.432727488344808E-004 -4.552767202970571E-004
1115 4.127359495731342E-006 -7.723915365082518E-006
1116 3.769669662792729E-005 -7.054815526958188E-005
1117 -7.377150666421132E-007 1.380585812330730E-006
1118 -2.705013150937390E-005 5.062311638341160E-005
1119 1.031808330041895E-005 -1.930986804328061E-005
1120 -1.789337090754443E-004 3.348681204254614E-004
1121 5.497736920311764E-006 -1.028873672199849E-005
1122 -1.921303349090042E-006 3.595821895608867E-006
1123 3.108717661229592E-005 -5.817870256135803E-005
1124 -6.576984285901161E-007 1.230861236708366E-006
1125 -5.799034653793847E-005 1.085269331040739E-004
1126 1.087767198326632E-004 -2.035718995548640E-004
1127 1.714963243962313E-006 -3.209491495004043E-006
1128 -2.367824540828108E-004 4.431304686951480E-004
1129 -7.279968421948465E-006 1.362442203679349E-005
1130 -2.927195617014163E-006 5.478088964912560E-006
1131 -1.816196839335580E-004 3.398951842888621E-004
1132 6.415951667446524E-006 -1.200711396688710E-005
1133 -4.711098567894691E-006 8.816631716175333E-006
1134 -1.076932664410739E-005 2.015445622526608E-005
1135 1.060151322141150E-005 -1.984019829466072E-005
1136 5.905123499251316E-006 -1.105123328540253E-005
1137 -1.057383254420362E-005 1.978856558344623E-005
1138 -3.180087594483103E-006 5.951445161752992E-006
1139 7.198140587139904E-005 -1.347107555624180E-004
1140 5.028462391835550E-006 -9.410584944492081E-006
1141 3.369533773329684E-005 -6.305983772639371E-005
1142 -3.585526982151622E-006 6.710230143635689E-006
1143 -1.681534455217474E-004 3.146934157807836E-004
1144 -4.679321360360706E-008 8.735031091729647E-008
1145 1.526902642296066E-006 -2.857533610144628E-006
1146 -9.332915352956396E-006 1.746608793666987E-005
1147 4.268955387733301E-005 -7.989209082302200E-005
1148 -3.834057889259171E-005 7.175320355277793E-005
1149 -6.823907605128992E-006 1.277094242269652E-005
1150 -2.407740854218066E-004 4.506008801940672E-004
1151 -5.399276529212615E-006 1.010483840885052E-005
1152 5.085833086814025E-005 -9.517969707175910E-005
1153 -2.230101497116414E-006 4.173541532187106E-006
1154 -1.395059176934159E-005 2.610801281130326E-005
1155 1.702482042258422E-004 -3.186140104557560E-004
1156 1.037195871999592E-005 -1.941095014239973E-005
1157 1.743746861799052E-004 -3.263366273906357E-004
1158 1.365605667351648E-005 -2.555682200659543E-005
1159 -1.063141572756641E-004 1.989633907300365E-004
1160 2.197101439645883E-006 -4.111771768819815E-006
1161 2.189488370621133E-006 -4.097557749400425E-006
1162 -8.040471698581494E-005 1.504747046353923E-004
1163 -2.841680084485249E-006 5.317910205770906E-006
1164 -6.407766009712464E-007 1.199278583648612E-006
1165 -1.385323749159720E-004 2.592586936072497E-004
1166 1.637727860889276E-004 -3.064952891521877E-004
1167 -9.468850737295406E-006 1.772055165282022E-005
1168 7.798827572918405E-005 -1.459523592441567E-004
1169 5.414658430686138E-007 -1.013315108719586E-006
1170 -1.590442265182324E-005 2.976460142109318E-005
1171 -1.622516114447080E-004 3.036487087656798E-004
1172 -2.277375510290553E-005 4.262030564066630E-005
1173 2.437178946719487E-004 -4.561098436156631E-004
1174 7.535329008398990E-005 -1.410213154172333E-004
1175 -3.077923615908866E-004 5.760231313426937E-004
1176 -1.678199858795556E-005 3.140704750325536E-005
1177 6.469827567409279E-005 -1.210806321240275E-004
1178 -6.202786482751121E-006 1.160813838216058E-005
1179 5.359145780286707E-006 -1.002945154711701E-005
1180 -7.661534883024354E-005 1.433825031737788E-004
1181 5.286994312644927E-005 -9.894434790527294E-005
1182 1.256941496717766E-006 -2.352263887292240E-006
1183 -1.395289622278618E-004 2.611237714012831E-004
1184 -2.231660530125030E-005 4.176489792703227E-005
1185 5.521521779784386E-005 -1.033334293317076E-004
1186 -3.084288326625433E-007 5.771850287937613E-007
1187 -5.744635295922200E-006 1.075116094711582E-005
1188 2.479701963258663E-005 -4.640695437785754E-005
1189 1.321370715092186E-006 -2.472962226476612E-006
1190 1.030668650334909E-004 -1.928859869365705E-004
1191 5.712613491954802E-005 -1.069095242360447E-004
1192 -2.879131096397531E-006 5.388225659348380E-006
1193 3.364686851471556E-006 -6.296844972234252E-006
1194 -4.382950835402382E-005 8.202549025514646E-005
1195 -1.006400734806394E-005 1.883450345670118E-005
1196 3.709292309089476E-006 -6.941864476139094E-006
1197 1.138494985609401E-005 -2.130651829220984E-005
1198 1.056452762029078E-004 -1.977115126687919E-004
1199 -7.843386945963024E-006 1.467861143497058E-005
1200 -1.226313626530118E-004 2.295003460288551E-004
1201 -1.623462109873328E-005 3.038272427951856E-005
1202 4.207056693704590E-005 -7.873373234413398E-005
1203 1.330365403245175E-006 -2.489892095990837E-006
1204 -2.786026634129054E-004 5.213955987470957E-004
1205 6.084064589578204E-005 -1.138617114769939E-004
1206 6.473933560489795E-005 -1.211574642015858E-004
1207 -3.485594050087092E-006 6.523104400987441E-006
1208 1.818906309745123E-004 -3.404022765425720E-004
1209 -3.921669280101959E-005 7.339265605200639E-005
1210 -4.084065284615097E-006 7.643228500970056E-006
1211 1.172766998389439E-006 -2.194904337833731E-006
1212 1.712978125200654E-005 -3.205781764649685E-005
1213 -2.415686340368857E-006 4.520942387780696E-006
1214 4.555198496586380E-006 -8.524819214888032E-006
1215 1.090850514572153E-005 -2.041488959173609E-005
1216 -3.429589641653081E-005 6.418366666341165E-005
1217 3.930327887856535E-005 -7.355474000048939E-005
1218 -6.428089962182819E-005 1.202995205070023E-004
1219 3.233972394066591E-005 -6.052282617652312E-005
1220 -1.195957843419562E-004 2.238195226972647E-004
1221 9.991635943856392E-006 -1.869902899885898E-005
1222 -6.610678772254544E-005 1.237165709896030E-004
1223 -1.694280681056560E-005 3.170793158644594E-005
1224 -6.331489117175482E-006 1.184912306921729E-005
1225 5.716239928348442E-006 -1.069791495659558E-005
1226 -9.462448315116691E-007 1.770841604860852E-006
1227 -4.737663165583120E-005 8.866371046222378E-005
1228 6.078624361013105E-005 -1.137594686544892E-004
1229 1.432030189833218E-005 -2.679987860826620E-005
1230 3.002392142584899E-005 -5.618848096387568E-005
1231 -1.276228589707008E-004 2.388418115132051E-004
1232 8.111600025978224E-005 -1.518059260684859E-004
1233 1.040547945614331E-006 -1.947329781526115E-006
1234 5.526928446168864E-005 -1.034346399864138E-004
1235 -1.645076837471623E-005 3.078712382433383E-005
1236 9.465839854467776E-006 -1.771495188832599E-005
1237 -1.215286224236495E-004 2.274367737988795E-004
1238 -1.319891312834329E-004 2.470132692394041E-004
1239 2.675895775569789E-005 -5.007871294650148E-005
1240 2.661715554381278E-006 -4.981247408891813E-006
1241 1.437666552335278E-004 -2.690542821787562E-004
1242 3.642469077120401E-006 -6.816752025815197E-006
1243 8.733654165494210E-007 -1.634631246543269E-006
1244 2.381382839832129E-005 -4.456680810489546E-005
