 # The norm of the isolated state is   3455999.98932363     
 # I think there should be     3456000 i.e.    99.9999996910772      %
1 -2.347501801966585E-004 4.393234734214543E-004
2 1.341701865035846E-002 -2.510949975917244E-002
3 -1.458073555481037E-004 2.728735288498837E-004
4 -9.378756224688278E-004 1.755202234111726E-003
5 0.470534766159211 -0.880590039134043
6 1.099327106513086E-005 -2.057387007924407E-005
7 -1.347249473973114E-004 2.521328150782122E-004
8 2.741247190560722E-004 -5.130154097044993E-004
9 7.246644629187055E-005 -1.356200429637015E-004
10 1.376028736340649E-002 -2.575191447490595E-002
11 7.715093796492147E-006 -1.443853364459865E-005
12 4.821849002885131E-006 -9.022162613536554E-006
13 -4.948445859966929E-004 9.260850034812692E-004
14 -9.286801846191484E-006 1.737995781518072E-005
15 8.274092760347217E-005 -1.548468690526486E-004
16 3.458069641950131E-004 -6.471661423525435E-004
17 3.236782559048179E-006 -6.057537549821937E-006
18 -4.095323059221458E-004 7.664260067711216E-004
19 2.518611137725377E-003 -4.713496288298931E-003
20 -4.978903687117872E-006 9.317866756895777E-006
21 9.128412842490712E-004 -1.708351814320732E-003
22 -2.397643346219113E-003 4.487107885070492E-003
23 1.213283124527297E-003 -2.270618692115897E-003
24 -1.340288222965539E-005 2.508305235928432E-005
25 -4.728661203906323E-005 8.849525177302270E-005
26 -4.398407204298613E-004 8.231471233337441E-004
27 -2.234342583226070E-004 4.181497924429260E-004
28 -5.212235873413593E-003 9.754524559336657E-003
29 -2.914197568465101E-003 5.453823113117434E-003
30 9.590840824193366E-004 -1.794893662616171E-003
31 -1.312811795943210E-003 2.456883116144649E-003
32 6.948965780214260E-004 -1.300475744880184E-003
33 1.259225946537056E-004 -2.356598889478909E-004
34 5.423277239634329E-003 -1.014948227039486E-002
35 9.442554799305407E-005 -1.767142626625261E-004
36 1.705184478640243E-004 -3.191196870408629E-004
37 1.259508311706577E-004 -2.357126977799550E-004
38 -4.556740128019402E-004 8.527785297062113E-004
39 4.173602254896281E-003 -7.810756493570452E-003
40 6.588943823500768E-005 -1.233098020623316E-004
41 -6.338752217462890E-003 1.186276262039372E-002
42 1.320589884816392E-004 -2.471433879385236E-004
43 -3.188448267493216E-005 5.967102441529756E-005
44 2.412743738988862E-004 -4.515368752284455E-004
45 -9.736275281422226E-006 1.822111329702480E-005
46 -8.287145081574582E-005 1.550912797477221E-004
47 1.525055293097499E-003 -2.854089695261887E-003
48 -2.492673263240096E-005 4.664955650246790E-005
49 -1.291904174130454E-005 2.417742246037756E-005
50 -6.512623297176357E-005 1.218814570437287E-004
51 1.274717575452833E-003 -2.385591071934314E-003
52 -3.072178581786846E-005 5.749470206423426E-005
53 -9.407310731409647E-004 1.760546733107344E-003
54 1.909166195531370E-005 -3.572902856035219E-005
55 1.381063283516736E-005 -2.584613795332126E-005
56 -1.162994315190779E-004 2.176504866102874E-004
57 -5.585814663907151E-006 1.045368431466870E-005
58 -8.778580265341663E-006 1.642869681018397E-005
59 1.580764111682892E-004 -2.958347263932084E-004
60 -1.016906719621766E-004 1.903106922375728E-004
61 -1.254806088931687E-005 2.348320672382197E-005
62 5.016613632029652E-005 -9.388422719316276E-005
63 5.221655072876050E-006 -9.772160387096679E-006
64 -1.330505226509971E-004 2.489995702080351E-004
65 6.785502999195358E-005 -1.269883442609795E-004
66 -8.418968412482774E-008 1.576081312049452E-007
67 -1.736733048001267E-005 3.250239362600554E-005
68 -2.467225094993667E-004 4.617328681529885E-004
69 -4.755249824071923E-006 8.899284686621225E-006
70 -3.044434919090056E-005 5.697539053284868E-005
71 -1.469129110528214E-004 2.749424188140507E-004
72 -2.703906627612579E-004 5.060270479214630E-004
73 2.214186376243595E-005 -4.143814037373138E-005
74 8.337798490853722E-006 -1.560385648346462E-005
75 -5.963025090935211E-005 1.115960096428626E-004
76 -3.318499967067769E-006 6.210463816101115E-006
77 -6.648689625808271E-005 1.244280121308822E-004
78 1.525498297574767E-005 -2.854885642246557E-005
79 1.328144488155687E-004 -2.485578267483525E-004
80 -3.047945990313069E-004 5.704128763637575E-004
81 -1.342837565815341E-005 2.513083102246646E-005
82 -2.884570173262621E-005 5.398338535139127E-005
83 -2.530711435314099E-004 4.736141478672023E-004
84 4.332414970407905E-006 -8.107959260719249E-006
85 4.310944769404930E-005 -8.067788048521812E-005
86 2.114261137518927E-005 -3.956804678811522E-005
87 -7.409489829822320E-006 1.386661710123888E-005
88 -1.379049770905378E-004 2.580845376870303E-004
89 1.337239554679188E-004 -2.502598786438624E-004
90 -1.088635484734689E-005 2.037321344307888E-005
91 1.194833103613073E-005 -2.236071833150303E-005
92 2.735276019210133E-006 -5.118985777892443E-006
93 4.118924906946163E-005 -7.708430202676778E-005
94 -5.676300775323397E-005 1.062301304978633E-004
95 3.107471877087902E-006 -5.815653744027974E-006
96 8.348948650984971E-006 -1.562476131504279E-005
97 4.382445316111361E-004 -8.201599938895351E-004
98 -2.578982833808586E-004 4.826480925834416E-004
99 -4.010008237341757E-004 7.504595958577073E-004
100 7.683570867606700E-005 -1.437954360664335E-004
101 -1.128984928225516E-004 2.112857407292503E-004
102 -4.507808787835218E-005 8.436198929678848E-005
103 4.539405726316294E-006 -8.495307848435143E-006
104 -2.207703244185530E-004 4.131642273141371E-004
105 4.914601346236789E-006 -9.197531926756269E-006
106 -1.888660478400304E-005 3.534537056573343E-005
107 4.294969089093431E-004 -8.037891318908091E-004
108 -5.924682519045878E-004 1.108784441719281E-003
109 -4.131542220453906E-006 7.731954355394673E-006
110 2.989484703146500E-004 -5.594720558870695E-004
111 -5.393838493236183E-005 1.009438750193317E-004
112 -1.009025455680963E-005 1.888361064260049E-005
113 1.627153532424179E-006 -3.044974047651568E-006
114 -5.531605075050237E-005 1.035221055341881E-004
115 -4.177421135777558E-004 7.817903454943953E-004
116 1.582149003840502E-006 -2.960919576863604E-006
117 2.345164360545771E-004 -4.388896332285674E-004
118 -9.602059966492835E-006 1.796990551954466E-005
119 -7.084283546667270E-004 1.325799914814084E-003
120 1.052416168219782E-003 -1.969561706749680E-003
121 -2.206246053242968E-005 4.128911437772681E-005
122 -3.153236913447315E-004 5.901176929676623E-004
123 5.924705892926186E-005 -1.108789011141575E-004
124 5.925564347073517E-004 -1.108949455463135E-003
125 -2.175806147888340E-007 4.072392373525560E-007
126 -2.081486074916674E-004 3.895431721943656E-004
127 -4.826271521064356E-004 9.032204872776946E-004
128 2.134832819093218E-005 -3.995269171560579E-005
129 2.547799111057728E-006 -4.768068599381285E-006
130 -1.114348718845499E-004 2.085466452289139E-004
131 7.418795731667909E-006 -1.388402250683909E-005
132 1.281733617495885E-004 -2.398721496023877E-004
133 -1.172113976962742E-003 2.193571954226366E-003
134 -6.148044921005241E-006 1.150586274275705E-005
135 1.231901809004720E-003 -2.305462810178536E-003
136 5.180464041979175E-006 -9.695031391645517E-006
137 1.189860798043935E-005 -2.226783950892165E-005
138 1.994215565836426E-004 -3.732107733189196E-004
139 2.917728744440347E-004 -5.460431615932337E-004
140 -1.195888281111267E-005 2.238068187224679E-005
141 -7.183470186814456E-004 1.344362335358758E-003
142 -7.048660151912635E-006 1.319146115001637E-005
143 -5.451149886794031E-004 1.020164452073505E-003
144 -1.207544335006687E-005 2.259850497782491E-005
145 -4.849746065200233E-006 9.076132883264999E-006
146 -1.206491773595901E-004 2.257909100280338E-004
147 2.362940779983279E-006 -4.422136046403134E-006
148 8.431877036245031E-004 -1.577997477617225E-003
149 -1.981829155248030E-006 3.708739037370980E-006
150 3.333021958547870E-004 -6.237639098161180E-004
151 4.089117389554766E-004 -7.652645952538228E-004
152 -6.560486966099212E-005 1.227773193292375E-004
153 -3.505838427514460E-005 6.561060200265502E-005
154 7.506677204250136E-004 -1.404849481146564E-003
155 -2.741900719263381E-006 5.131436467074093E-006
156 3.975752897904601E-004 -7.440488674896359E-004
157 -5.764958822092156E-004 1.078892670042806E-003
158 -6.806921650002413E-006 1.273884930720896E-005
159 1.264650398971158E-006 -2.366784420013440E-006
160 5.396467938830501E-005 -1.009930950684584E-004
161 1.100756009933771E-003 -2.060027904442344E-003
162 1.260874392932142E-004 -2.359684167050312E-004
163 -5.592097226686179E-005 1.046542087528336E-004
164 -3.313826781423654E-004 6.201715786545652E-004
165 8.941452001675431E-004 -1.673362766560123E-003
166 -7.727915467571445E-005 1.446252982499001E-004
167 -4.566959381672213E-006 8.546930987003380E-006
168 -1.738443320254679E-003 3.253438154507545E-003
169 2.200526523458807E-004 -4.118211580000295E-004
170 1.166374840231265E-005 -2.182843514257652E-005
171 -7.489974927116536E-004 1.401723649481309E-003
172 5.602506912516063E-004 -1.048490367573773E-003
173 5.154940719014836E-006 -9.647314256851013E-006
174 3.472420539791486E-005 -6.498517518077302E-005
175 -5.124783374914567E-004 9.590860089051363E-004
176 -2.666193005894140E-005 4.989687274143806E-005
177 -2.149555109404134E-004 4.022820444444711E-004
178 -6.699472943329262E-005 1.253784035645345E-004
179 -1.098515743882611E-005 2.055836143493025E-005
180 4.742388020580367E-004 -8.875220275809230E-004
181 3.125676792205245E-005 -5.849601327676483E-005
182 -2.269108050639174E-004 4.246559643007739E-004
183 2.018965098035404E-003 -3.778425392622599E-003
184 -5.125027160021037E-005 9.591316929717480E-005
185 9.218157462793118E-004 -1.725147226693947E-003
186 9.842476455011815E-006 -1.841989405832066E-005
187 -2.439108346214112E-006 4.564803355496949E-006
188 8.365961303410490E-004 -1.565661604862178E-003
189 3.783290647962544E-005 -7.080297895004733E-005
190 -1.027424815582985E-003 1.922791107495725E-003
191 -3.966622041281882E-005 7.423417256458196E-005
192 -1.579144448181088E-004 2.955315969105193E-004
193 2.171381714372394E-005 -4.063670059784738E-005
194 -7.728263283379170E-004 1.446318538852562E-003
195 -3.352866515823093E-004 6.274776850419535E-004
196 3.761538957370661E-005 -7.039572444398065E-005
197 1.094561726650316E-005 -2.048435055123368E-005
198 -8.697363586717001E-006 1.627679412734813E-005
199 3.746146634607178E-004 -7.010787865886567E-004
200 -2.198920586399878E-005 4.115016492445600E-005
201 -1.317130507432253E-003 2.464965613460479E-003
202 -5.417615379168453E-004 1.013888610595510E-003
203 -1.530453745597445E-004 2.864192260755536E-004
204 -1.635785585659195E-005 3.061308667250243E-005
205 5.564576254223117E-004 -1.041391824441852E-003
206 -9.451521580930898E-006 1.768874242192687E-005
207 -6.896644057032005E-004 1.290683751750983E-003
208 -3.247903378103678E-005 6.078348924216787E-005
209 4.597294866317418E-005 -8.603687619638034E-005
210 -7.080997481213059E-004 1.325184878826054E-003
211 -9.539525556053173E-006 1.785291939306847E-005
212 4.480323317483062E-004 -8.384774892826098E-004
213 3.361696000707032E-005 -6.291306404406930E-005
214 4.026996570489864E-004 -7.536389002051015E-004
215 -1.807450216054119E-004 3.382582325104342E-004
216 -1.102132999982951E-003 2.062604889171442E-003
217 3.957578770838628E-005 -7.406475539695519E-005
218 1.144047623042883E-004 -2.141046452200312E-004
219 1.208246600931543E-003 -2.261193023153548E-003
220 1.128813390949757E-003 -2.112536379581987E-003
221 5.520515550945966E-005 -1.033145354148363E-004
222 4.141691347429469E-004 -7.751036186756373E-004
223 1.681317828384003E-003 -3.146529762157705E-003
224 -4.755793443023134E-005 8.900305577413900E-005
225 8.330363297608616E-004 -1.558999565270061E-003
226 -1.345524695563689E-003 2.518104453300971E-003
227 1.209175229750001E-003 -2.262930841638351E-003
228 3.613725391074856E-005 -6.762961163751840E-005
229 1.217190975916327E-003 -2.277932132134239E-003
230 4.544530004551240E-005 -8.504934519699835E-005
231 -7.411921653369449E-004 1.387116330892832E-003
232 1.232161962037252E-003 -2.305949744765366E-003
233 2.694272616511700E-005 -5.042245671401790E-005
234 7.535249136976921E-005 -1.410196278624043E-004
235 9.302911752547843E-004 -1.741008687575862E-003
236 -1.252359690525381E-005 2.343748587083458E-005
237 -1.400920412233877E-003 2.621775555063911E-003
238 2.196271495927177E-004 -4.110248648196473E-004
239 8.957777087876930E-004 -1.676417921787005E-003
240 -4.651516199683721E-005 8.705155250745399E-005
241 2.340638518897693E-004 -4.380426579940928E-004
242 8.870385889621613E-006 -1.660061914828817E-005
243 -1.059803403592008E-003 1.983386528771238E-003
244 2.384924933034250E-004 -4.463307051341934E-004
245 2.688345795304436E-004 -5.031149250118930E-004
246 1.940255556077637E-003 -3.631123285601760E-003
247 3.106580035070701E-007 -5.814260966558390E-007
248 1.683604414080768E-003 -3.150809235227591E-003
249 5.504536356715556E-005 -1.030155602524060E-004
250 1.567939981211282E-004 -2.934347323504632E-004
251 -8.343156893677715E-005 1.561393887475557E-004
252 -3.334514397951758E-005 6.240435145779977E-005
253 1.279511310927042E-003 -2.394562585161832E-003
254 -6.429435510766442E-005 1.203247249039214E-004
255 4.267140453626005E-005 -7.985811536063621E-005
256 8.073126347618083E-006 -1.510858114221871E-005
257 1.433878222527172E-004 -2.683454927331969E-004
258 1.086572894068915E-003 -2.033484766850839E-003
259 -9.727732205748998E-006 1.820513242203005E-005
260 -1.174313853788460E-003 2.197688913316724E-003
261 -2.509996776442353E-005 4.697377020176011E-005
262 3.287886741756537E-004 -6.153169529206968E-004
263 6.802910933187740E-004 -1.273141937729759E-003
264 -1.529245926218182E-003 2.861932490157175E-003
265 5.685198726361237E-005 -1.063965738203111E-004
266 2.385501781282061E-004 -4.464386562103707E-004
267 7.510655407697940E-004 -1.405594016382437E-003
268 1.706548686496230E-003 -3.193748745383130E-003
269 -7.366229108773008E-004 1.378565093099879E-003
270 -8.927776707323634E-004 1.670803420165419E-003
271 -1.740028889288215E-004 3.256405686024346E-004
272 -3.129451356070576E-005 5.856664223450375E-005
273 -2.284088360518971E-003 4.274594802814898E-003
274 1.229537723705346E-005 -2.301040222840463E-005
275 -1.309813585018910E-003 2.451272264002680E-003
276 -2.627591865313614E-004 4.917449716384368E-004
277 1.481577579899234E-004 -2.772722675337252E-004
278 4.892278686283182E-004 -9.155735756074003E-004
279 -7.043957381750890E-005 1.318252957505402E-004
280 8.319896666549377E-004 -1.557040720604260E-003
281 -2.680032813782105E-003 5.015591611581612E-003
282 2.969926103663974E-004 -5.558116319159820E-004
283 -1.621349786519757E-003 3.034301766387116E-003
284 -1.304198928046721E-004 2.440764692966196E-004
285 7.521630803227281E-006 -1.407647783236796E-005
286 -4.787781372266595E-005 8.960168838828551E-005
287 1.981247597179418E-004 -3.707838470796685E-004
288 1.971819386529014E-004 -3.690193847282574E-004
289 -4.640730984465521E-005 8.684968897576673E-005
290 -2.671005074504270E-004 4.998696509984352E-004
291 -4.612493418246302E-005 8.632127873522592E-005
292 -6.963347372088470E-004 1.303167132907576E-003
293 4.179265970619805E-005 -7.821352339589258E-005
294 2.722608591678067E-005 -5.095270720300853E-005
295 4.908145588068706E-005 -9.185429632300757E-005
296 -1.855306949896425E-004 3.472143796210438E-004
297 -2.670700894433456E-004 4.998126846645429E-004
298 -1.145825908958894E-005 2.144377692088548E-005
299 -6.579123011692511E-004 1.231260865461498E-003
300 3.028107925971347E-004 -5.667002644104816E-004
301 -7.864786475758726E-006 1.471868887300610E-005
302 4.231142323753703E-006 -7.918444806157205E-006
303 1.215430485911290E-003 -2.274637328760311E-003
304 -2.982712318838920E-005 5.582054810252518E-005
305 -3.035458617560423E-005 5.680759093250891E-005
306 -1.458308627130700E-004 2.729175393688814E-004
307 4.518703025411033E-005 -8.456602472901272E-005
308 -7.124795478412563E-004 1.333381601917830E-003
309 1.794871559773854E-004 -3.359041790620711E-004
310 -6.797046625508205E-004 1.272044347437480E-003
311 3.059497279815206E-004 -5.725746461213748E-004
312 -5.911422385860619E-005 1.106302828596847E-004
313 -1.357641143275335E-003 2.540779453362620E-003
314 1.127715992419421E-005 -2.110481096359903E-005
315 1.077100413700799E-004 -2.015757374971812E-004
316 2.305991487711123E-004 -4.315585679346470E-004
317 1.227555085876875E-003 -2.297328083483787E-003
318 1.789188340495317E-004 -3.348405920906046E-004
319 -3.366606091445972E-004 6.300490250782233E-004
320 -2.772746339589709E-003 5.189101938187556E-003
321 -3.164110573200465E-006 5.921527008833666E-006
322 3.964680683223919E-005 -7.419768650051793E-005
323 -5.003455123766689E-004 9.363798665876203E-004
324 1.729084121370826E-005 -3.235923985299250E-005
325 -1.590317095568838E-005 2.976222890667775E-005
326 3.093207807603550E-004 -5.788834765299335E-004
327 -1.985453842877534E-006 3.715731885246100E-006
328 -9.359113319894182E-005 1.751526836450115E-004
329 -3.078878774213788E-004 5.762017927715499E-004
330 5.872528594327443E-004 -1.099023982864066E-003
331 7.664378225510419E-005 -1.434362551191572E-004
332 -9.677334399383444E-004 1.811080586260963E-003
333 -1.956452587098026E-003 3.661435272708116E-003
334 -1.046508434982735E-004 1.958505712463732E-004
335 2.505435949281830E-007 -4.688727030852969E-007
336 3.178448264854099E-004 -5.948359654068818E-004
337 2.627134153663294E-005 -4.916593785659812E-005
338 -8.749079097209021E-005 1.637361037142842E-004
339 3.439261173586994E-006 -6.436456561354922E-006
340 -5.100100261504622E-004 9.544666692232408E-004
341 -1.111629425212690E-004 2.080377003765562E-004
342 2.153409558234398E-004 -4.030033475205303E-004
343 -1.464226713251769E-003 2.740251350506818E-003
344 -9.145381505656549E-004 1.711527578373683E-003
345 2.852649297741813E-004 -5.338637259924243E-004
346 2.751169089510128E-005 -5.148720032434295E-005
347 -2.112013364331101E-005 3.952558855472153E-005
348 -2.450287754576728E-004 4.585631437513126E-004
349 -1.189788207894378E-006 2.226665461516415E-006
350 -1.933907371525593E-004 3.619242895907524E-004
351 -2.157852156042746E-004 4.038347826535347E-004
352 2.670546377621799E-004 -4.997838022211304E-004
353 -2.670870561727518E-005 4.998442745012342E-005
354 4.655503237778313E-004 -8.712618099416117E-004
355 -5.518475011900316E-004 1.032764026232312E-003
356 6.720089461138582E-005 -1.257642155923826E-004
357 -1.033896979660990E-004 1.934903110802456E-004
358 2.200740317469738E-006 -4.118609423657393E-006
359 3.469084314454909E-004 -6.492274993390231E-004
360 4.980010608486760E-006 -9.319925908907285E-006
361 3.602874845143707E-005 -6.742657541397092E-005
362 3.310348416524493E-004 -6.195206586942564E-004
363 -1.479964641730119E-004 2.769703995454993E-004
364 -3.211602339300054E-004 6.010406484780309E-004
365 1.843761879981524E-005 -3.450534636778493E-005
366 -1.842848485344976E-004 3.448829315709740E-004
367 7.691800206705236E-005 -1.439494729475172E-004
368 3.264336219103086E-004 -6.109095668894489E-004
369 -1.375717167898386E-005 2.574607991195611E-005
370 2.266992028932880E-005 -4.242604089889802E-005
371 -3.649815039699829E-006 6.830495720089257E-006
372 -3.532657589020793E-004 6.611250129040964E-004
373 -7.555633285681952E-004 1.414011566464801E-003
374 -1.612168140999374E-006 3.017197149049091E-006
375 -7.269297215512885E-004 1.360424564311117E-003
376 1.928945756098334E-004 -3.609957216204659E-004
377 8.545397741434133E-005 -1.599242608472680E-004
378 -3.098804389482461E-004 5.799307970491863E-004
379 -1.280313006330339E-006 2.396069788479272E-006
380 -5.315143901559331E-004 9.947113351209058E-004
381 -2.189233504905666E-007 4.097179318610150E-007
382 -1.615947285144838E-005 3.024187524936394E-005
383 -2.387431841111410E-004 4.467998242906770E-004
384 -9.815374448065435E-006 1.836915141680264E-005
385 2.798275013711219E-004 -5.236877765743938E-004
386 8.519891606393755E-006 -1.594467267034917E-005
387 3.013900795276646E-004 -5.640414338765322E-004
388 -1.707222175168321E-005 3.195004413197359E-005
389 1.825420522109818E-005 -3.416218394685522E-005
390 5.829724662900081E-004 -1.091013409024311E-003
391 3.002977663521608E-005 -5.619974457795589E-005
392 2.433787089539717E-004 -4.554751591628755E-004
393 -5.828461292007206E-006 1.090763044719380E-005
394 2.245731650931131E-004 -4.202811339808056E-004
395 -3.534075366524539E-005 6.613906624925533E-005
396 5.972940298137316E-006 -1.117815564029128E-005
397 -7.702547882791226E-006 1.441507332929504E-005
398 -2.553696989285590E-004 4.779158558767536E-004
399 2.581133816458441E-004 -4.830505612473724E-004
400 -5.901341190348778E-005 1.104416032419521E-004
401 3.964655588633264E-006 -7.419720938626095E-006
402 -1.977206449978626E-004 3.700275374812369E-004
403 4.278410347868454E-006 -8.006924001311199E-006
404 -8.430178147848737E-005 1.577679325741886E-004
405 -6.545163589668292E-006 1.224906948370103E-005
406 3.470841793969408E-004 -6.495563920686156E-004
407 4.348154340719347E-004 -8.137424000492999E-004
408 1.353173501208826E-004 -2.532418522020102E-004
409 -5.846817478406061E-007 1.094222810983967E-006
410 1.590602579338049E-007 -2.976673917389143E-007
411 1.028587398509528E-004 -1.924967273987045E-004
412 -2.341663312103159E-004 4.382344414996746E-004
413 7.028490074747621E-005 -1.315358518371066E-004
414 1.071586387877534E-005 -2.005439312737287E-005
415 -1.563933768399008E-005 2.926851112379472E-005
416 -2.640031467455256E-006 4.940723075306802E-006
417 -1.113089012054244E-005 2.083107810138401E-005
418 1.652376476942530E-004 -3.092367170674783E-004
419 -3.196690554192843E-005 5.982494420011771E-005
420 6.987304790821001E-006 -1.307651065271147E-005
421 8.592355865862501E-005 -1.608030500650402E-004
422 1.067445163741161E-007 -1.997684458061583E-007
423 -1.715055632135224E-004 3.209668728803661E-004
424 -9.053143455953325E-007 1.694277894319868E-006
425 -1.178193913389410E-005 2.204943233265424E-005
426 -2.378172265534759E-004 4.450669903113862E-004
427 1.547973437673137E-004 -2.896980618917278E-004
428 -9.319577771298222E-007 1.744137946531524E-006
429 1.672243641788348E-006 -3.129475447418628E-006
430 -2.025604651437168E-005 3.790851900846683E-005
431 -1.578863105880388E-005 2.954790240041551E-005
432 2.099959810271352E-006 -3.929999364667706E-006
433 2.510918529432146E-006 -4.699063850179028E-006
434 5.920595537877125E-006 -1.108019960039591E-005
435 -5.075953263265245E-005 9.499475344626673E-005
436 7.349192670050219E-006 -1.375380518667375E-005
437 -1.813425741684122E-005 3.393765937950398E-005
438 3.567008614271998E-005 -6.675538776372986E-005
439 1.181059971257409E-005 -2.210310867120455E-005
440 -1.105908966480129E-004 2.069671493485331E-004
441 -3.485717819201966E-004 6.523404205068328E-004
442 -4.550863436791461E-004 8.516788357717913E-004
443 2.213898716520059E-005 -4.143235497529840E-005
444 -4.839495701098429E-004 9.056953876867731E-004
445 -2.026228804690685E-005 3.792020016676390E-005
446 -8.212493677828315E-006 1.536941106393981E-005
447 -2.547472904895964E-005 4.767510549314064E-005
448 -4.424724112942873E-004 8.280722896860112E-004
449 5.918449243165655E-005 -1.107617876266487E-004
450 1.468997372997934E-005 -2.749179501412344E-005
451 -9.996743561507458E-005 1.870856929395796E-004
452 1.807455889713059E-006 -3.382588310940357E-006
453 2.151599851858702E-005 -4.026646716068536E-005
454 -3.790604560926361E-006 7.093988576633845E-006
455 2.218220502154487E-005 -4.151324929558882E-005
456 -6.850179121402522E-005 1.281988387056947E-004
457 8.715893958866042E-005 -1.631151028965927E-004
458 6.876071831388680E-005 -1.286833919285521E-004
459 2.537263025767531E-004 -4.748402565814901E-004
460 -3.609924697137289E-004 6.755852823062041E-004
461 -7.218113917365420E-006 1.350842555631562E-005
462 -2.495756289497906E-004 4.670724095143309E-004
463 1.023995452516565E-005 -1.916373443488388E-005
464 2.438567725408367E-004 -4.563698350441218E-004
465 -3.363413476554505E-004 6.294514756442748E-004
466 -1.709326674751470E-005 3.198947498152964E-005
467 1.708170003385875E-006 -3.196792245446651E-006
468 -2.346091236583819E-004 4.390631087387321E-004
469 2.894660416478990E-005 -5.417252597468777E-005
470 -9.355532883384542E-005 1.750855839691743E-004
471 -4.323267815756314E-006 8.090855558211373E-006
472 -6.373331967279233E-006 1.192746678240048E-005
473 7.725090514171128E-005 -1.445724727070562E-004
474 -1.261615361804191E-005 2.361060522442130E-005
475 -1.547551785559539E-004 2.896191229473668E-004
476 -7.437788724590698E-006 1.391956412249771E-005
477 1.059220437130852E-004 -1.982295868945330E-004
478 1.325090867007545E-005 -2.479861416287346E-005
479 -6.840179228165006E-005 1.280116534026931E-004
480 -4.266822950850780E-006 7.985141512544832E-006
481 -1.290802980137901E-006 2.415720325105732E-006
482 -3.956705609774486E-006 7.404811298106547E-006
483 -8.929718493507318E-005 1.671166654803344E-004
484 -1.719407685784631E-004 3.217813838320196E-004
485 7.492054697250317E-005 -1.402113242403408E-004
486 -1.382758198318782E-004 2.587785048285734E-004
487 3.205848822807992E-006 -5.999723403028315E-006
488 -3.144122768903394E-005 5.884123551477684E-005
489 3.132274887662691E-004 -5.861947651091712E-004
490 -2.655388537437896E-005 4.969461622365737E-005
491 -2.493353942345983E-005 4.666229828412621E-005
492 -2.611831083449532E-006 4.887976895773955E-006
493 1.132702177023729E-005 -2.119808129670866E-005
494 4.313813114168665E-005 -8.073157597808438E-005
495 -9.761138622485990E-008 1.826545047741115E-007
496 4.733839338018228E-006 -8.859172815266388E-006
497 2.652668228025429E-004 -4.964379663719727E-004
498 -3.056847925362243E-004 5.720788868260883E-004
499 -4.444761726217192E-007 8.318224653441090E-007
500 2.403023181277906E-006 -4.497197866782783E-006
501 1.811201766867335E-004 -3.389603589888856E-004
502 1.333381399038289E-004 -2.495378367442129E-004
503 -2.951807628404710E-005 5.524196464481324E-005
504 7.334979555314890E-005 -1.372716526718233E-004
505 1.391864557365955E-005 -2.604842772694763E-005
506 -7.574809589966395E-005 1.417599951850504E-004
507 -1.319523006125402E-004 2.469442950671820E-004
508 -3.874108440190737E-004 7.250264125981242E-004
509 2.026461379380798E-005 -3.792459067948252E-005
510 -4.954946735551846E-007 9.280343669879524E-007
511 -1.042709547109454E-004 1.951396004757108E-004
512 3.874448370792725E-004 -7.250899575350303E-004
513 3.334868271883351E-007 -6.240945212231882E-007
514 -4.223605683028882E-006 7.904464036984249E-006
515 3.005631768001562E-004 -5.624939093508560E-004
516 1.712394344452441E-004 -3.204688030049801E-004
517 -3.732284386288434E-006 6.984845148971552E-006
518 -1.043318902789072E-005 1.952528590353365E-005
519 -7.849188292015333E-004 1.468949199150465E-003
520 7.234388992066813E-006 -1.353888630956395E-005
521 1.780419604016731E-005 -3.331984401416657E-005
522 -1.170790235754754E-004 2.191095546357535E-004
523 4.369943825439566E-006 -8.177985085607082E-006
524 1.823428657162718E-005 -3.412485323409139E-005
525 1.667938311361960E-004 -3.121491034237623E-004
526 -7.069887364526713E-005 1.323106159471447E-004
527 3.566864891917879E-004 -6.675267821881319E-004
528 -3.355736939843657E-004 6.280149091760585E-004
529 5.152925311118401E-004 -9.643526774423634E-004
530 -2.080835617518514E-005 3.894211224712111E-005
531 -2.016369693976202E-006 3.773511538197706E-006
532 1.456572881152548E-004 -2.725927224872594E-004
533 9.017277916212770E-006 -1.687550416706466E-005
534 -7.838247161584341E-006 1.466901847381762E-005
535 4.582152260365648E-005 -8.575346326783501E-005
536 -3.319481870896901E-006 6.212200086999120E-006
537 -2.126748386387810E-005 3.980136123013596E-005
538 6.002702112296939E-004 -1.123385569584410E-003
539 -5.647518551793773E-005 1.056913414471572E-004
540 -2.935299247792914E-004 5.493314147704946E-004
541 -3.822677362060428E-005 7.154006611428252E-005
542 -2.716886544531340E-006 5.084656248961166E-006
543 3.892842180809234E-004 -7.285323727596480E-004
544 8.969017538969536E-006 -1.678521420429256E-005
545 -3.679598771046083E-007 6.885672923989797E-007
546 -3.286570167835488E-004 6.150705985236224E-004
547 -1.680089837008330E-006 3.144242089222440E-006
548 -6.596282239699183E-006 1.234470545988289E-005
549 -5.140510302192520E-004 9.620292834645955E-004
550 -3.770974139364126E-007 7.056773537738677E-007
551 1.585342881696821E-004 -2.966915412511266E-004
552 4.036269571190982E-004 -7.553742851015633E-004
553 -1.000570986542061E-004 1.872535212812833E-004
554 3.835850807994882E-004 -7.178666600734943E-004
555 7.909252300508676E-006 -1.480204084952015E-005
556 -1.032489340290408E-005 1.932268847709906E-005
557 6.202191755319893E-006 -1.160720466997431E-005
558 -3.544684196556337E-004 6.633758181743369E-004
559 1.100081447300060E-004 -2.058765972970240E-004
560 7.315076927656865E-005 -1.368992016265693E-004
561 1.945119404226260E-004 -3.640225797921308E-004
562 -9.457069732637478E-006 1.769839425816493E-005
563 1.934685896243633E-004 -3.620699326699439E-004
564 3.161911773931685E-006 -5.917463055324879E-006
565 2.633224024741263E-004 -4.927990919269557E-004
566 -1.017383121438791E-004 1.903998749773831E-004
567 5.260534156395460E-004 -9.844913189903490E-004
568 -4.953176153835033E-004 9.269702927263770E-004
569 1.441290082021015E-004 -2.697326069487639E-004
570 -2.741854345694705E-004 5.131288607150476E-004
571 -1.148217214226829E-004 2.148850146629763E-004
572 2.509674943569774E-004 -4.696772681220112E-004
573 -3.871913655512334E-006 7.246114924348904E-006
574 -1.246519948960554E-004 2.332820029957196E-004
575 -4.485352482832657E-006 8.394665494514335E-006
576 -6.299298762604751E-004 1.178892657187691E-003
577 6.372292358431510E-005 -1.192552408218959E-004
578 -5.409145202462873E-005 1.012303695584096E-004
579 -6.530440167976159E-004 1.222149972156603E-003
580 -8.299270782166771E-006 1.553202105480909E-005
581 3.630372988972720E-004 -6.794121175432577E-004
582 -1.047070902275125E-005 1.959563280250312E-005
583 -5.638834395242083E-004 1.055289019897326E-003
584 -5.508285522125679E-005 1.030857172593746E-004
585 -7.652556801606424E-004 1.432150399501514E-003
586 2.729270139246059E-005 -5.107735044579872E-005
587 -1.667884933913093E-004 3.121390560352294E-004
588 -3.442406992599250E-005 6.442351281293819E-005
589 -1.608747325948002E-004 3.010716722930641E-004
590 3.154123736259841E-005 -5.902833814467898E-005
591 -4.764395406761464E-004 8.916406532174003E-004
592 5.856822553129697E-006 -1.096084772373686E-005
593 -1.997858734792005E-005 3.738925855588965E-005
594 1.000125120932430E-005 -1.871699038669087E-005
595 -8.924139257348191E-005 1.670122785131356E-004
596 1.353829313094552E-005 -2.533645002224412E-005
597 5.222993876764492E-005 -9.774659163389161E-005
598 2.470698943927357E-006 -4.623778014055908E-006
599 -2.238847938258814E-005 4.189928817020378E-005
600 -1.470952232972376E-004 2.752837850007359E-004
601 9.401187250838774E-006 -1.759396566031858E-005
602 -1.375663683836603E-005 2.574504515455047E-005
603 3.984527400068939E-004 -7.456909568081272E-004
604 2.921732998830410E-006 -5.467958661098571E-006
605 -1.957369668386328E-004 3.663151628869903E-004
606 6.321827541550474E-006 -1.183111505397869E-005
607 -8.073294982700537E-006 1.510888338945929E-005
608 2.243794088372327E-005 -4.199185726680100E-005
609 -2.972517395871861E-005 5.562968203868057E-005
610 6.914223109726636E-005 -1.293973719960234E-004
611 -3.342072778852029E-006 6.254587431630039E-006
612 1.816500329233289E-005 -3.399510167187388E-005
613 1.058176266668266E-004 -1.980341467404717E-004
614 -2.123359488812958E-004 3.973796068575597E-004
615 -5.309967587881769E-006 9.937415036022816E-006
616 5.092586327351601E-004 -9.530604649282561E-004
617 -2.730996067891081E-004 5.110968614130309E-004
618 1.111969649802036E-005 -2.081013843197638E-005
619 -1.000366173906251E-005 1.872152570482984E-005
620 1.978766350871853E-005 -3.703190541291166E-005
621 3.279835111845529E-005 -6.138099777641536E-005
622 6.333080668317733E-004 -1.185214885851977E-003
623 -8.486193419094164E-005 1.588162578426183E-004
624 -3.691009647787456E-005 6.907601181689604E-005
625 4.532497887047150E-004 -8.482418280634087E-004
626 -1.430162369414861E-005 2.676500306440737E-005
627 6.326222334231411E-004 -1.183931245727011E-003
628 -3.423602616219277E-004 6.407157722925367E-004
629 1.044693848989230E-005 -1.955110079547496E-005
630 -1.093297526296419E-006 2.045974986780934E-006
631 -3.258029084517397E-004 6.097292344965657E-004
632 5.424832609213205E-004 -1.015239180084222E-003
633 4.387186784738405E-006 -8.210468674691154E-006
634 3.176839380601193E-005 -5.945348980679151E-005
635 -2.192368732788795E-004 4.102945010268965E-004
636 -5.795785015582056E-004 1.084661720204739E-003
637 -4.745463301240422E-005 8.880966393362211E-005
638 4.060862116617398E-004 -7.599767715412168E-004
639 -1.008679286449679E-006 1.887694071062461E-006
640 -1.337035031516993E-004 2.502216267780315E-004
641 2.480754335172431E-005 -4.642653920049779E-005
642 2.078385332189996E-004 -3.889628448346772E-004
643 -3.368158589929409E-005 6.303394072072483E-005
644 -2.372132974245009E-004 4.439367202895803E-004
645 1.885131256926607E-005 -3.527963209124606E-005
646 -5.312110715018189E-004 9.941437208998436E-004
647 -9.007588824656323E-007 1.685994363044646E-006
648 7.576507162711026E-006 -1.417911352258831E-005
649 -1.035477698673880E-003 1.937861970129767E-003
650 -1.153228131769855E-003 2.158227924265352E-003
651 1.816539271607987E-006 -3.399308276176122E-006
652 -4.011550264517696E-004 7.507481654955139E-004
653 5.340182804588959E-006 -9.994309922576267E-006
654 2.254743567314319E-006 -4.219243668500037E-006
655 1.981507152198966E-005 -3.708327255140008E-005
656 -4.286028787984044E-004 8.021160009803071E-004
657 8.170372521533550E-006 -1.529072184826884E-005
658 -2.226667276934894E-005 4.167089566346281E-005
659 -8.644256352182004E-004 1.617743616893037E-003
660 -1.867513670676606E-004 3.494989279357797E-004
661 3.922713924290820E-005 -7.341228757316248E-005
662 -2.459809821905970E-008 4.603464622668037E-008
663 6.205011078012628E-007 -1.161341514780674E-006
664 -1.103663502324216E-004 2.065468771222315E-004
665 -5.391226466093364E-006 1.008948253103389E-005
666 4.904497179002410E-004 -9.178601538842153E-004
667 2.596624079087174E-004 -4.859495143872974E-004
668 -1.946402919879894E-005 3.642628269521733E-005
669 -1.557836543153358E-005 2.915438076286487E-005
670 5.257952551611555E-004 -9.840081851448324E-004
671 1.824693398751235E-006 -3.414871955302999E-006
672 -5.628661121748550E-004 1.053385032146709E-003
673 1.142658865187328E-005 -2.138442742195492E-005
674 -8.764895486633983E-004 1.640320926289592E-003
675 6.292174722082676E-005 -1.177558857102377E-004
676 8.354853815168567E-006 -1.563583580918282E-005
677 6.292601238599873E-004 -1.177639232117927E-003
678 -2.702514384020022E-006 5.057641120381666E-006
679 1.026162094044930E-003 -1.920427973692255E-003
680 1.098355152636767E-004 -2.055535730746326E-004
681 1.369938591203725E-006 -2.563572391323140E-006
682 -3.439494155631352E-006 6.436906940120117E-006
683 1.830609763702636E-004 -3.425924924016980E-004
684 -1.955372979824593E-006 3.659387253639554E-006
685 -7.412690601330072E-005 1.387260250633104E-004
686 2.285512864570696E-005 -4.277261175735769E-005
687 5.009723916141223E-004 -9.375530657395138E-004
688 -1.575367194604325E-006 2.948273338249593E-006
689 -2.972323276922737E-004 5.562603429786164E-004
690 1.158412991120914E-004 -2.167931297607340E-004
691 -4.485592942051011E-006 8.394794630124271E-006
692 -1.146732290204958E-005 2.146070949518675E-005
693 2.877343772735089E-004 -5.384852405747752E-004
694 -3.339637684392114E-004 6.250018980684833E-004
695 8.284436482199480E-006 -1.550400224905665E-005
696 -1.501295349341873E-005 2.809625190518179E-005
697 1.036116745873553E-004 -1.939056795534921E-004
698 -1.750668506317254E-004 3.276317044090431E-004
699 -4.339782681438507E-004 8.121757748644797E-004
700 -7.475412897221329E-006 1.399002816658080E-005
701 3.423541902554526E-004 -6.407043658055787E-004
702 1.057489657701950E-007 -1.978290082773795E-007
703 9.807419390335393E-006 -1.835424766422623E-005
704 -4.448145957702962E-006 8.324544998532088E-006
705 3.704971519227863E-006 -6.933746166517124E-006
706 2.756673479425694E-005 -5.159021994481944E-005
707 1.121366827727152E-005 -2.098599940755350E-005
708 -8.015016971030571E-005 1.499983380640857E-004
709 4.097233840748672E-006 -7.667822868209611E-006
710 -5.669629628148407E-006 1.061048577735992E-005
711 1.701893797237794E-004 -3.185036468893310E-004
712 -6.913543778959721E-004 1.293846501736637E-003
713 -9.529338112308435E-006 1.783373124086178E-005
714 3.366587653969640E-006 -6.300426111002887E-006
715 3.401801729454675E-004 -6.366357520786438E-004
716 -5.490398005653055E-005 1.027509580843281E-004
717 -1.645434069804903E-005 3.079374011671100E-005
718 1.711411295957395E-003 -3.202848444690698E-003
719 8.375266058607409E-006 -1.567407476588938E-005
720 1.354113693640102E-004 -2.534175722519432E-004
721 -2.257395555445300E-005 4.224621388163219E-005
722 -1.342591052397759E-003 2.512614369002116E-003
723 -2.900595014654745E-004 5.428367439779385E-004
724 -1.080861075934511E-006 2.022853612042715E-006
725 -6.416472518390713E-004 1.200821115302517E-003
726 -3.485884204125584E-008 6.526277628366872E-008
727 -2.536616335097574E-004 4.747194707059878E-004
728 9.084239215662906E-006 -1.700084896465159E-005
729 1.945407508890467E-004 -3.640764544327417E-004
730 -1.732662341616102E-006 3.242654854466716E-006
731 -2.410774318005583E-004 4.511681842884233E-004
732 -6.766569077945103E-005 1.266341422753385E-004
733 -1.572395777185165E-003 2.942686759813793E-003
734 6.694828801832636E-004 -1.252914630522250E-003
735 -3.410127697831727E-005 6.381934955731405E-005
736 6.970601745145380E-004 -1.304524904329654E-003
737 -2.926371781071736E-006 5.476554648848100E-006
738 -4.714716067302260E-006 8.823333191864443E-006
739 -9.240292636510915E-007 1.729315909829867E-006
740 2.936805156265406E-005 -5.496117299848256E-005
741 2.220193889790298E-004 -4.155015261757468E-004
742 4.695696573561476E-006 -8.787670074062693E-006
743 -6.079275257038964E-005 1.137717460800892E-004
744 1.661935947595575E-007 -3.109554637976570E-007
745 1.138976688344653E-004 -2.131557131457719E-004
746 6.223229418900165E-006 -1.164653249277292E-005
747 8.549771744588059E-005 -1.600060800590934E-004
748 -1.822148209391862E-006 3.410076619474339E-006
749 -1.674740217053787E-008 3.134173094826550E-008
750 -3.113917178826266E-006 5.827599543531376E-006
751 -5.050748742674450E-005 9.452305141408797E-005
752 -1.752015292610846E-006 3.278793511324100E-006
753 -8.642493814237743E-005 1.617414270410964E-004
754 -1.855076525235092E-007 3.471385055680723E-007
755 1.520603786340704E-006 -2.846053437620267E-006
756 -5.987190976310033E-004 1.120482359741245E-003
757 2.874876919760309E-004 -5.380232993003064E-004
758 -1.508065560246389E-006 2.822027088177000E-006
759 4.282906268823732E-006 -8.015085772833340E-006
760 2.941974795644081E-004 -5.505808902642657E-004
761 4.633939914503423E-004 -8.672259657996257E-004
762 4.117182665474194E-005 -7.705164042128182E-005
763 -4.995100522146808E-006 9.348213953459563E-006
764 9.488039084692456E-007 -1.775678295236884E-006
765 1.224617352320290E-004 -2.291830222160666E-004
766 -1.019719998192275E-006 1.908375164107280E-006
767 1.995475321772243E-004 -3.734463848912355E-004
768 -3.178757908869639E-004 5.948939628773714E-004
769 -4.303830648966199E-006 8.054461596451713E-006
770 -3.890737521854568E-004 7.281385350533431E-004
771 2.359929192708666E-005 -4.416508485531669E-005
772 5.588903594496601E-004 -1.045944748882836E-003
773 1.986102524710312E-005 -3.716937504883624E-005
774 1.758203591114626E-004 -3.290418986598248E-004
775 -9.196092405139040E-006 1.721011256348781E-005
776 1.771704374112272E-004 -3.315684683313007E-004
777 -2.330925424748609E-004 4.362247942628373E-004
778 3.315475609398305E-004 -6.204801849459977E-004
779 -7.548057612553478E-006 1.412596937871612E-005
780 -3.128710073526034E-005 5.855274721220601E-005
781 5.313179194733191E-005 -9.943451092146819E-005
782 5.229239980998224E-004 -9.786348348063980E-004
783 -1.391514870304464E-006 2.604154774788951E-006
784 -1.895844051383975E-004 3.548010644513223E-004
785 9.009810236545633E-006 -1.686164300796356E-005
786 -4.617612459187433E-004 8.641704757570361E-004
787 -2.359128938391148E-005 4.415039023907168E-005
788 1.170025608045407E-003 -2.189663971284951E-003
789 4.836842409607237E-005 -9.051998767786805E-005
790 1.404419432943347E-004 -2.628322221040261E-004
791 -1.396853168884621E-005 2.614173530301606E-005
792 2.674737956278651E-004 -5.005681464798920E-004
793 7.144654823612161E-006 -1.337100693271063E-005
794 6.371761492488549E-005 -1.192454311480180E-004
795 -3.101606287624793E-006 5.804525896283738E-006
796 2.004914728178461E-004 -3.752131316776639E-004
797 -7.440317254511452E-005 1.392429788770031E-004
798 1.674693804096280E-005 -3.134122080423270E-005
799 6.374522242414888E-004 -1.192970468591375E-003
800 1.328935896475285E-005 -2.487076465675533E-005
801 7.528168531795157E-004 -1.408871187131168E-003
802 -1.220408610431640E-004 2.283953755468149E-004
803 -2.570604420415381E-005 4.810791367401297E-005
804 -3.130631600451286E-007 5.860966057690737E-007
805 -4.618901053296031E-004 8.644120365496139E-004
806 3.207358154179088E-006 -6.002469639373154E-006
807 -4.011146715663490E-006 7.506649091484837E-006
808 -1.298183619339266E-005 2.429490979299483E-005
809 -7.483034312906890E-006 1.400441314281265E-005
810 7.850258103826282E-005 -1.469153467935127E-004
811 -4.479616697844339E-006 8.383007814410898E-006
812 4.676794150095996E-004 -8.752462041264003E-004
813 2.100715155079364E-005 -3.931429672635591E-005
814 -2.722937629308481E-004 5.095887537314850E-004
815 -8.565414935330360E-006 1.602984963316394E-005
816 5.235144044894756E-005 -9.797413860188968E-005
817 4.822974215150157E-004 -9.026038578116176E-004
818 4.862636331773807E-004 -9.100260503946980E-004
819 -5.963563709933785E-006 1.116066871281769E-005
820 1.761067513360939E-004 -3.295778189004584E-004
821 -2.166801134463400E-005 4.055092141971962E-005
822 -1.139435264816452E-005 2.132399650509150E-005
823 -8.141636885023397E-004 1.523680084568193E-003
824 -1.190327992750083E-004 2.227658973162720E-004
825 1.984412403693669E-005 -3.713781674940143E-005
826 -5.352916409949433E-004 1.001780175814407E-003
827 2.804375768772429E-005 -5.248284136315988E-005
828 -7.657897097946518E-004 1.433149689882644E-003
829 1.084671312124200E-005 -2.029899573461295E-005
830 2.428560278810977E-006 -4.545046429099674E-006
831 -6.425427829673383E-006 1.202492884858936E-005
832 5.825485837685500E-004 -1.090220328725827E-003
833 9.519011066940954E-007 -1.781149691926395E-006
834 2.423358293485017E-004 -4.535234157165546E-004
835 -1.695768642264570E-004 3.173573207539072E-004
836 6.041778572672625E-007 -1.130499711148225E-006
837 -2.753200639193583E-004 5.152523565786191E-004
838 1.318875156979156E-005 -2.468216195877591E-005
839 -1.076023481848853E-004 2.013739395337086E-004
840 7.068228534209419E-007 -1.322379604691659E-006
841 -1.836067727309131E-006 3.436261811753955E-006
842 -2.120607360532988E-006 3.968638526637131E-006
843 -4.120698548190490E-007 7.710847857088391E-007
844 5.079203977374275E-006 -9.505307756016048E-006
845 -1.795853301732206E-004 3.360880389261290E-004
846 -2.632636883185001E-004 4.926890629486969E-004
847 6.776092709339825E-004 -1.268123099877003E-003
848 1.642818220446761E-006 -3.074542639054797E-006
849 4.050172106973036E-004 -7.579763357264828E-004
850 -1.120339532145306E-005 2.096696503710807E-005
851 -2.430064741613732E-004 4.547784169484449E-004
852 -1.633754981683125E-004 3.057516743772460E-004
853 2.649054493772066E-006 -4.957617173808645E-006
854 -1.093328015869815E-004 2.046127973590512E-004
855 2.121850438220033E-006 -3.971087783635326E-006
856 -4.838854172924653E-004 9.055751384719179E-004
857 9.570593718495979E-006 -1.791112290947959E-005
858 -2.754368140172835E-004 5.154706801104804E-004
859 -3.182547924055877E-004 5.956034706283244E-004
860 -9.094221025628287E-006 1.701947890457436E-005
861 4.989290767090314E-007 -9.336203920777066E-007
862 2.041632227505361E-004 -3.820847065281872E-004
863 1.115724778858009E-005 -2.088044390884470E-005
864 -1.828253700405704E-004 3.421515787595469E-004
865 -1.798412118136707E-005 3.365667171895123E-005
866 -5.438046559825842E-004 1.017712602611075E-003
867 -2.877061408322186E-006 5.384326994412870E-006
868 -2.537430080400642E-004 4.748711496961890E-004
869 -1.819918192686864E-004 3.405915884447483E-004
870 -3.551960784046997E-006 6.647357361654972E-006
871 4.709024244611813E-006 -8.812656414280026E-006
872 4.415558494482147E-006 -8.263385907036204E-006
873 1.720748682373778E-006 -3.220315680704399E-006
874 3.082247239330501E-005 -5.768334999599624E-005
875 8.626051585425776E-006 -1.614344200631993E-005
876 2.262466394508207E-004 -4.234128383310278E-004
877 -1.188845080647345E-006 2.224968673863828E-006
878 -2.034192889763032E-004 3.806921770952379E-004
879 -3.018910459834119E-004 5.649787933904504E-004
880 1.690987872380977E-006 -3.164806607746672E-006
881 -3.041027103272826E-004 5.691182812828989E-004
882 -3.611784219614888E-006 6.759408329295384E-006
883 -1.781861577731950E-005 3.334674272430909E-005
884 -3.655160294391447E-006 6.840689155367435E-006
885 3.972327945203656E-007 -7.435261148400572E-007
886 4.194181908622851E-004 -7.849274596528537E-004
887 -3.315655496048384E-006 6.205221797550081E-006
888 -3.496446834775396E-006 6.542797133371834E-006
889 -1.133692483532406E-004 2.121664632477257E-004
890 3.104050627674844E-005 -5.809141819404736E-005
891 -2.395765403189041E-006 4.483448340917064E-006
892 -4.686212835101459E-006 8.770214765630397E-006
893 -1.138637826488854E-004 2.130923387559867E-004
894 7.001146464814094E-005 -1.310238236653954E-004
895 1.454951702021004E-005 -2.722875418391879E-005
896 7.686755337621595E-005 -1.438553459480910E-004
897 6.808857230163160E-005 -1.274254436856226E-004
898 -1.960225341174983E-004 3.668493923258667E-004
899 -2.530379057214139E-006 4.735541352380765E-006
900 4.766290235803568E-005 -8.919946311765821E-005
901 3.700311316494466E-006 -6.924796628483210E-006
902 -1.243762606944617E-005 2.327671831336815E-005
903 2.105585044684560E-004 -3.940529941427179E-004
904 -7.020975047095459E-005 1.313952788325801E-004
905 3.195830098838212E-004 -5.980890202034836E-004
906 -3.060021158493256E-005 5.726753405856014E-005
907 2.177993281677475E-006 -4.076047652548473E-006
908 9.086268880629519E-005 -1.700466395111875E-004
909 1.075496725573667E-005 -2.012766419889591E-005
910 3.854912419262453E-004 -7.214336646681065E-004
911 1.962253158800442E-004 -3.672290777819499E-004
912 -7.227049703276935E-005 1.352515808090415E-004
913 -1.939338619841328E-004 3.629405692774785E-004
914 3.349030323994335E-005 -6.267583755529315E-005
915 -6.523507152933854E-005 1.220854068171370E-004
916 -4.568447438033474E-005 8.549685642945621E-005
917 4.092175052949406E-004 -7.658370177733258E-004
918 4.090381930875003E-005 -7.655022240513237E-005
919 3.079785895113606E-006 -5.763658930331326E-006
920 3.258923096910180E-004 -6.098966502817556E-004
921 -1.562864534452572E-005 2.924843704200270E-005
922 6.165484560554944E-006 -1.153859720469369E-005
923 2.728994853925125E-005 -5.107207390515411E-005
924 1.879395070210140E-004 -3.517226563652298E-004
925 3.325569582666608E-004 -6.223688329663090E-004
926 -2.738765217402429E-005 5.125531359005554E-005
927 2.281861410538515E-005 -4.270423870703858E-005
928 7.809456573867605E-006 -1.461480386801852E-005
929 -2.645675989175237E-004 4.951294761420418E-004
930 3.545473920195261E-004 -6.635234197215161E-004
931 1.715475987816134E-005 -3.210452447648242E-005
932 7.863429612182859E-007 -1.471507912784758E-006
933 -6.910854933650505E-005 1.293343140107441E-004
934 4.432637701238954E-006 -8.295179447777500E-006
935 -1.596648615239890E-004 2.988075207072705E-004
936 -6.460806676442867E-006 1.209116773737369E-005
937 -2.555436046275165E-005 4.782449467908842E-005
938 -1.373093957374921E-006 2.569748982064700E-006
939 8.545744305349379E-006 -1.599315996366558E-005
940 4.710717851043221E-005 -8.815944192172120E-005
941 -9.885507437829519E-006 1.850031918081369E-005
942 2.202515123246599E-004 -4.121932549343236E-004
943 -1.483812119221589E-007 2.778411445990562E-007
944 -6.009529843551652E-005 1.124666386663268E-004
945 -8.648609968854898E-007 1.618589924131275E-006
946 -1.411699378211942E-004 2.641948311453817E-004
947 1.217741015757361E-004 -2.278961887304865E-004
948 3.030237854351433E-005 -5.670978551356506E-005
949 -1.127413566276626E-005 2.109940164270414E-005
950 1.160551240270274E-004 -2.171934697178707E-004
951 -3.852519811561515E-004 7.209861506929271E-004
952 5.373020671147497E-006 -1.005553455934086E-005
953 -5.296058106023686E-004 9.911400139732112E-004
954 4.791427096842922E-005 -8.967002107264785E-005
955 1.904875396342090E-004 -3.564913280349928E-004
956 1.102692373459116E-005 -2.063670792341011E-005
957 9.731239273057218E-005 -1.821166987263116E-004
958 -4.630868364773181E-006 8.666518492084702E-006
959 4.198501268245345E-004 -7.857350945800993E-004
960 3.510552408172612E-007 -6.569636951070528E-007
961 3.307079992858624E-004 -6.189086365530396E-004
962 9.631613904071366E-007 -1.802533097901463E-006
963 6.649273175151028E-005 -1.244387969577533E-004
964 1.346662533319799E-005 -2.520229974206242E-005
965 -1.434297972403657E-004 2.684240170014840E-004
966 1.218230959855038E-005 -2.279889749595756E-005
967 -1.612332803157862E-005 3.017428980342679E-005
968 6.813926765461211E-006 -1.275225694900083E-005
969 -1.454342525175302E-004 2.721754881115623E-004
970 -2.266075333411254E-006 4.240960274815332E-006
971 -2.449635982911711E-005 4.584412994016568E-005
972 -7.527950221032616E-005 1.408829482656138E-004
973 1.632394888316334E-005 -3.054950951060130E-005
974 1.703406386720827E-005 -3.187859388567787E-005
975 -2.863707730581897E-004 5.359332348495124E-004
976 -2.844721647619089E-006 5.324049848530613E-006
977 -8.628755393946538E-006 1.614854956182620E-005
978 -3.722180700836864E-004 6.965934910886422E-004
979 -1.094035208415271E-005 2.047472920890569E-005
980 2.096039524982988E-004 -3.922668260657964E-004
981 -5.829093862324176E-005 1.090896360517141E-004
982 1.245079015328021E-004 -2.330120912676305E-004
983 4.449054596503997E-006 -8.326111600995592E-006
984 1.663063046663888E-004 -3.112367321048161E-004
985 -3.056713576824792E-004 5.720537591812673E-004
986 7.867175928059636E-006 -1.472303468254294E-005
987 -3.740673282258084E-004 7.000544723974142E-004
988 3.046783041242075E-005 -5.701958649499485E-005
989 -3.691378259578720E-004 6.908289469613181E-004
990 2.070707617361124E-005 -3.875257283359529E-005
991 1.858511226989874E-004 -3.478133911838282E-004
992 -3.604764496826708E-006 6.746006965170337E-006
993 -6.114818334111753E-004 1.144367867144573E-003
994 -7.304538481423432E-006 1.366977289992077E-005
995 9.291942649665183E-006 -1.738935126830411E-005
996 -1.747370714508451E-007 3.270296819675070E-007
997 -5.098236638305614E-006 9.541405950251346E-006
998 -1.847781064752653E-004 3.458059416825492E-004
999 2.483633360488014E-005 -4.648006419795382E-005
1000 1.693310618136224E-004 -3.168975349013012E-004
1001 2.558838908388482E-004 -4.788780718965003E-004
1002 -2.824446458116020E-004 5.285853918981894E-004
1003 -6.476439373397596E-005 1.212044052723041E-004
1004 -4.111007431010479E-006 7.693329940485080E-006
1005 -5.212799881285339E-006 9.755670826702412E-006
1006 -3.024192370117178E-005 5.659643418300267E-005
1007 -1.167257554762615E-004 2.184483150054445E-004
1008 -4.840627477084252E-004 9.059069699712756E-004
1009 -3.438500431333856E-005 6.435052415750571E-005
1010 -1.274363730405464E-005 2.384913177457540E-005
1011 -4.761689746359863E-006 8.911082052262254E-006
1012 -1.183474172674684E-006 2.214568558801939E-006
1013 7.593760744447088E-005 -1.421146321486267E-004
1014 -5.079656380330905E-007 9.505951011944919E-007
1015 7.327494629736365E-005 -1.371315587908085E-004
1016 7.126014908485025E-007 -1.333662621933254E-006
1017 1.376323163586890E-006 -2.575956328542087E-006
1018 -2.200887405863214E-005 4.118873460664638E-005
1019 3.548825158769931E-004 -6.641508193316240E-004
1020 -9.649814515670282E-005 1.805928070472630E-004
1021 -9.827071328650044E-005 1.839102207625835E-004
1022 -5.454552963525747E-006 1.020784591639613E-005
1023 2.493019697727252E-006 -4.665181350896635E-006
1024 -1.849277492237670E-004 3.460861009467650E-004
1025 4.663829570452790E-006 -8.728207399401169E-006
1026 5.316056262763562E-005 -9.948819005430719E-005
1027 -3.787364181729230E-007 7.091818944474468E-007
1028 1.087867226548291E-005 -2.035898970316920E-005
1029 -2.569702739415780E-005 4.809113984046641E-005
1030 -5.037572464543578E-004 9.427645223450857E-004
1031 9.731031776424796E-006 -1.821132487374636E-005
1032 3.703017790498472E-006 -6.929738443826888E-006
1033 -2.299756897267798E-006 4.303510233964419E-006
1034 -6.313907605234275E-005 1.181627183337272E-004
1035 4.580975530494400E-005 -8.573159000177185E-005
1036 2.705331802360835E-004 -5.062937103980644E-004
1037 -2.159275929256768E-005 4.041017787535527E-005
1038 -1.130123330850850E-006 2.114931940352261E-006
1039 3.954652650868375E-006 -7.400953649105871E-006
1040 -2.051654940071075E-006 3.839412702470654E-006
1041 3.843616569099853E-004 -7.193200617597156E-004
1042 -9.774822610496003E-006 1.829347109084365E-005
1043 3.790612133940222E-005 -7.094014746443462E-005
1044 -1.466189034806871E-006 2.743899563825149E-006
1045 -1.771785460196296E-004 3.315834385651917E-004
1046 3.632944669409727E-005 -6.798944758032803E-005
1047 6.595266126988485E-006 -1.234303939753034E-005
1048 5.342338819214049E-006 -9.997718480632815E-006
1049 -7.557833413306348E-005 1.414423485702015E-004
1050 2.709841923460290E-004 -5.071378342020534E-004
1051 9.907109007793840E-006 -1.854087338125308E-005
1052 1.082759713028613E-004 -2.026348962253090E-004
1053 7.915036786235189E-006 -1.481278835474440E-005
1054 5.831010322427442E-006 -1.091266698764203E-005
1055 -9.146039457417467E-005 1.711648774138034E-004
1056 9.497517609243891E-005 -1.777428586413954E-004
1057 -2.091160668816411E-004 3.913533675577202E-004
1058 6.717542348829619E-005 -1.257163295855946E-004
1059 -7.788110416411353E-008 1.457302849719261E-007
1060 7.885891638043930E-005 -1.475816839836495E-004
1061 -1.124600895195243E-004 2.104653455781740E-004
1062 6.462815244456434E-005 -1.209492342915093E-004
1063 -7.015657541893872E-006 1.312987099228278E-005
1064 1.437637653910482E-004 -2.690489899248799E-004
1065 2.574691347656506E-006 -4.818506153387043E-006
1066 -1.498814632241330E-004 2.804981685236196E-004
1067 4.464074440536381E-006 -8.354454497221803E-006
1068 -1.476030228927706E-006 2.762277203618377E-006
1069 -4.417028651199953E-006 8.266291779185101E-006
1070 -1.586402007737243E-004 2.968900064900592E-004
1071 -4.958471582289563E-006 9.279536457045932E-006
1072 2.484780512743848E-004 -4.650182847790272E-004
1073 8.914183305143761E-007 -1.668054261816800E-006
1074 1.307129391975555E-006 -2.446173176621535E-006
1075 -2.873600332247942E-006 5.377695927580122E-006
1076 -4.179503227250634E-005 7.821786438544266E-005
1077 9.612420613223676E-005 -1.798932843981962E-004
1078 -2.558621694931434E-006 4.788251246220928E-006
1079 5.039404184487103E-005 -9.431082826116410E-005
1080 -2.106514190036357E-006 3.942253220730776E-006
1081 -3.694993603548026E-004 6.915056044314781E-004
1082 -1.142791164306275E-005 2.138696211878812E-005
1083 -1.057585585408134E-005 1.979241452842347E-005
1084 1.073096736240656E-004 -2.008259399437324E-004
1085 1.164244890536572E-004 -2.178844783022986E-004
1086 1.045365876920704E-006 -1.956409732173688E-006
1087 1.152804180306338E-006 -2.157557409831143E-006
1088 -7.375569610385104E-006 1.380284729340857E-005
1089 5.252429026156733E-005 -9.829741792045891E-005
1090 -1.301976523439091E-004 2.436603196739363E-004
1091 -1.379453759966457E-006 2.581853413041778E-006
1092 3.207091698410531E-006 -6.001939271572537E-006
1093 -1.653825334770906E-005 3.095075686102202E-005
1094 -6.646818218426118E-007 1.243666716400893E-006
1095 -3.801633048754577E-005 7.114626232849631E-005
1096 -1.125715522172493E-006 2.106622352575171E-006
1097 -1.136387285746660E-005 2.126695785201423E-005
1098 -1.425183351886435E-005 2.667175574584694E-005
1099 -1.076372633417811E-004 2.014396617826458E-004
1100 -6.540912237114395E-005 1.224111797528415E-004
1101 1.376926705488386E-005 -2.576879235583103E-005
1102 -1.703589565912318E-004 3.188211570074051E-004
1103 4.023571441156832E-007 -7.529790052263810E-007
1104 7.114835196999958E-005 -1.331517957760950E-004
1105 3.243468940334568E-006 -6.070097328315700E-006
1106 -9.062804826556684E-005 1.696075060044696E-004
1107 -1.040683432462255E-004 1.947607684810293E-004
1108 -8.970558905034635E-006 1.678813229185666E-005
1109 3.134923954190715E-006 -5.866845339677601E-006
1110 9.109800525093986E-005 -1.704866507466050E-004
1111 1.162800020037321E-005 -2.176141431298565E-005
1112 1.251628761051058E-004 -2.342380419039623E-004
1113 -5.552659233319426E-006 1.039153302263453E-005
1114 2.628316039419755E-006 -4.918766699180539E-006
1115 -1.423040821017578E-004 2.663171821756909E-004
1116 -4.874270345637692E-006 9.122021455965809E-006
1117 -6.549690565527573E-006 1.225751655020117E-005
1118 -8.105144940031973E-006 1.516854486584570E-005
1119 -4.445862401847342E-005 8.320276971518054E-005
1120 -1.529975113771390E-005 2.863277937977878E-005
1121 -2.162786367196617E-004 4.047583767640322E-004
1122 3.416980997449231E-004 -6.394760683182763E-004
1123 3.544951160435899E-006 -6.634043675763895E-006
1124 -1.931199382868044E-005 3.614176793087783E-005
1125 -3.413436174392654E-006 6.388269003048624E-006
1126 -4.918668686123609E-006 9.204850415621112E-006
1127 -1.756306328969214E-004 3.286866507287275E-004
1128 -6.576077937671212E-006 1.230704576411065E-005
1129 -4.695390806739406E-005 8.787264494093588E-005
1130 2.084995905336749E-004 -3.902002579363894E-004
1131 8.413442701118205E-006 -1.574527287333030E-005
1132 -5.520950899699342E-005 1.033226091356754E-004
1133 -1.254205072142669E-004 2.347199901300394E-004
1134 -1.461657377420667E-006 2.735579361677428E-006
1135 -8.773613437401845E-006 1.641966380019551E-005
1136 9.213758046101690E-005 -1.724325574446767E-004
1137 7.947057028862027E-005 -1.487266991841526E-004
1138 -1.166293634490295E-004 2.182681743033774E-004
1139 8.427727542371005E-006 -1.577219893137570E-005
1140 -8.316780123231030E-005 1.556456829883283E-004
1141 1.269864127674010E-006 -2.376353570560681E-006
1142 -1.879578188798070E-004 3.517565469062077E-004
1143 5.142327035177562E-006 -9.623788766901081E-006
1144 -5.001359720170211E-005 9.359869082546875E-005
1145 -1.464832976665749E-004 2.741387911138127E-004
1146 1.740396362963097E-005 -3.257096065114896E-005
1147 1.357376246280507E-006 -2.540655262681856E-006
1148 -2.282776488649675E-006 4.272251578717382E-006
1149 7.057920911749676E-005 -1.320866704719933E-004
1150 4.514461725126014E-006 -8.448924957586544E-006
1151 -2.298264526908194E-004 4.301122801796902E-004
1152 8.998619718716356E-006 -1.684085485234912E-005
1153 -1.802742456650318E-005 3.373761917490889E-005
1154 3.135386597571288E-004 -5.867769898419490E-004
1155 2.303939854205963E-005 -4.311731950417204E-005
1156 3.041396401243826E-005 -5.691858340716332E-005
1157 2.252251419389304E-006 -4.215162446356361E-006
1158 1.020985800529904E-004 -1.910739389856313E-004
1159 1.980349755708049E-005 -3.706190564148804E-005
1160 -1.876370914258825E-004 3.511562445631915E-004
1161 2.491806577293414E-004 -4.663334873381739E-004
1162 -3.058614461179728E-005 5.724087825610163E-005
1163 2.269796097416731E-004 -4.247849308707671E-004
1164 -1.448369438562471E-004 2.710575401956821E-004
1165 6.684907140075866E-006 -1.251058450540650E-005
1166 -8.131347443185065E-006 1.521738657702186E-005
1167 -7.824127449556712E-005 1.464262204830478E-004
1168 1.231449561697329E-006 -2.304751357275047E-006
1169 -1.847045985149758E-004 3.456684593741330E-004
1170 -1.362498813485251E-004 2.549867997189788E-004
1171 6.018651184254412E-006 -1.126371756441994E-005
1172 -3.824295364476885E-008 7.160207644619187E-008
1173 2.108485668272056E-006 -3.945937995211112E-006
1174 9.305259171576061E-006 -1.741455230293052E-005
1175 8.382417094783889E-006 -1.568755588983352E-005
1176 -5.757301391322147E-006 1.077474081213752E-005
1177 -1.100207015450534E-005 2.059003848052335E-005
1178 -1.298048884350087E-004 2.429253541802784E-004
1179 8.035145498385311E-005 -1.503749969714469E-004
1180 -3.626795946863776E-006 6.787453782960110E-006
1181 -3.146749696220435E-005 5.889015612891366E-005
1182 2.404981938306468E-004 -4.500845562006616E-004
1183 -8.320222684969528E-006 1.557123415829187E-005
1184 4.112516698367929E-005 -7.696442930213249E-005
1185 1.107477733641415E-005 -2.072594160470731E-005
1186 -1.366566525910668E-004 2.557483931309610E-004
1187 9.679583657556762E-006 -1.811496644192138E-005
1188 -8.202789192661209E-006 1.535133493165946E-005
1189 1.051678933501731E-004 -1.968181929614339E-004
1190 1.122232267073174E-005 -2.100207679481141E-005
1191 -5.288059199576708E-006 9.896323550204264E-006
1192 -7.419918732161098E-006 1.388611949644136E-005
1193 -2.073260340271219E-004 3.880036355319130E-004
1194 8.491776248416949E-006 -1.589209873424824E-005
1195 1.724547279293920E-006 -3.227583561108574E-006
1196 -6.635122279071202E-005 1.241743031188456E-004
1197 1.981605592401901E-005 -3.708493613257890E-005
1198 -1.588184076952910E-006 2.972330296892518E-006
1199 -7.269228580809893E-006 1.360414882692447E-005
1200 1.411627297152070E-005 -2.641828026223126E-005
1201 3.245972498479485E-006 -6.074478652708307E-006
1202 7.130861755494784E-005 -1.334517852726730E-004
1203 4.687601012494485E-004 -8.772688860077868E-004
1204 7.090957113698452E-006 -1.327044030781851E-005
1205 -1.111419000986415E-005 2.079966997802503E-005
1206 6.502643817041348E-006 -1.216955777554729E-005
1207 -3.626048584932820E-005 6.786011325301389E-005
1208 -1.826455443770121E-007 3.420324074871844E-007
1209 -9.577575333745404E-007 1.792448659578215E-006
1210 -4.634856587917676E-005 8.673961711456045E-005
1211 8.780350835238101E-006 -1.643189612255600E-005
1212 -7.300019352253713E-006 1.366167447279509E-005
1213 -6.346187375690512E-005 1.187667795131022E-004
1214 3.665105293456782E-005 -6.859080331751573E-005
1215 -1.430171270044224E-005 2.676518214085086E-005
1216 4.987515183334014E-007 -9.334797506514209E-007
1217 -1.788849151605417E-005 3.347766078189228E-005
1218 -2.182343611009189E-005 4.084191121507441E-005
1219 1.242209449419025E-005 -2.324771507503326E-005
1220 5.423325052119881E-006 -1.014938863633279E-005
1221 -3.079545509642814E-004 5.763265285262424E-004
1222 -1.748407162593317E-005 3.272085579063180E-005
1223 1.243739579849852E-005 -2.327632983346072E-005
1224 -2.686966502671845E-004 5.028567821488901E-004
1225 3.411537875472930E-005 -6.384565818911516E-005
1226 -2.299048490166049E-006 4.302607922048956E-006
1227 8.904419803554573E-006 -1.666401021349695E-005
1228 -2.839978176659248E-006 5.314853429715602E-006
1229 2.930630068528131E-005 -5.484558096745079E-005
1230 -4.129153401730052E-005 7.727567363901446E-005
1231 -5.233104051088005E-006 9.793485786499544E-006
1232 7.189047411057028E-006 -1.345387271307098E-005
1233 -1.418664965262282E-004 2.654984241916114E-004
1234 -1.012280685830830E-006 1.894508861879878E-006
1235 -2.583958831962617E-006 4.835550016750143E-006
1236 5.492095862436605E-005 -1.027824274860714E-004
1237 9.299722525590791E-006 -1.740410144707178E-005
1238 -1.478769333498170E-005 2.767457887674820E-005
1239 -4.773086694986922E-006 8.932493540207746E-006
1240 1.577312723856292E-005 -2.951886496173374E-005
1241 -4.723732537544696E-006 8.840279607573968E-006
1242 1.508831548095222E-005 -2.823743872410348E-005
1243 1.450873594217742E-004 -2.715263990696996E-004
1244 -6.196523682933873E-005 1.159660077611234E-004
