 # The norm of the isolated state is   3456000.00144118     
 # I think there should be     3456000 i.e.    100.000000041701      %
1 3.689074772607780E-004 -6.903972209379213E-004
2 7.891215006309795E-005 -1.476811289086488E-004
3 6.582241874225930E-005 -1.231844051205984E-004
4 -8.314359717661531E-007 1.556262467055509E-006
5 6.499619968086926E-005 -1.216379935266043E-004
6 1.454179320914654E-004 -2.721445211160364E-004
7 -3.338720204781364E-004 6.248297468222953E-004
8 1.923308828043963E-005 -3.599361244531336E-005
9 -2.445598094233209E-003 4.576854680016949E-003
10 1.743011437370995E-005 -3.261918775663367E-005
11 5.178896240011539E-002 -9.692130679404670E-002
12 4.642698759607161E-004 -8.688651804785403E-004
13 -2.010186964238127E-003 3.761997491531181E-003
14 9.343229438584703E-002 -0.174855406633682
15 -1.350068070136970E-002 2.526607131312764E-002
16 3.485276750994792E-003 -6.522578589687919E-003
17 -2.186065168389592E-003 4.091147651452116E-003
18 -1.259487792241808E-004 2.357089085393331E-004
19 1.004757208842690E-003 -1.880369379161371E-003
20 1.305266988189834E-002 -2.442763409121223E-002
21 1.857299522732871E-003 -3.475873785583460E-003
22 1.430869431732022E-004 -2.677826444892206E-004
23 -1.754082002553530E-004 3.282706073373027E-004
24 1.352712509419392E-002 -2.531556113107555E-002
25 5.008518258144199E-002 -9.373274021034061E-002
26 7.523523283588019E-006 -1.408035631442032E-005
27 -3.054086185146403E-002 5.715619910153819E-002
28 7.227657213873824E-004 -1.352631749239556E-003
29 1.605205496802401E-002 -3.004088260029109E-002
30 5.076599106985658E-002 -9.500685026347985E-002
31 4.030814328900650E-004 -7.543533563375221E-004
32 -3.092677338445453E-004 5.787842392932257E-004
33 5.526122344267608E-004 -1.034195255133003E-003
34 -6.037819861819928E-004 1.129957671570176E-003
35 4.062336875900675E-003 -7.602527256727663E-003
36 -3.590962216076726E-005 6.720382748378081E-005
37 4.408002445796540E-005 -8.249429520625011E-005
38 3.235143448295638E-005 -6.054462974330775E-005
39 -2.173880086360356E-004 4.068341612448845E-004
40 -4.940420266358282E-003 9.245830871774727E-003
41 5.704745211984543E-004 -1.067624149382723E-003
42 4.382019168205323E-003 -8.200801909108081E-003
43 -2.266001234330850E-003 4.240745404501926E-003
44 5.212580944762250E-005 -9.755170213423278E-005
45 -3.828991083237136E-006 7.165806086476445E-006
46 -3.577939673431057E-003 6.695994115754163E-003
47 1.981129942258534E-004 -3.707617994766438E-004
48 1.043606154712795E-004 -1.953073167655535E-004
49 -3.729466835433016E-003 6.979572200895455E-003
50 -3.950666706800353E-003 7.393540398563058E-003
51 2.737043015028057E-004 -5.122284587165913E-004
52 3.660028449065111E-004 -6.849620605704026E-004
53 -6.958980195528340E-004 1.302349798833606E-003
54 1.199254701788427E-002 -2.244364988397167E-002
55 1.748741490083648E-004 -3.272711496704354E-004
56 1.632947235993338E-005 -3.056003164199561E-005
57 -3.658816346508602E-003 6.847352139013012E-003
58 -2.297296142601537E-003 4.299312645138276E-003
59 -5.661896533945152E-005 1.059604788842073E-004
60 -2.119753757262244E-004 3.967048040720729E-004
61 6.397638061789010E-005 -1.197296638516545E-004
62 -2.650763428151098E-004 4.960814733528265E-004
63 -3.194745659515106E-003 5.978859479993803E-003
64 -1.334402352077833E-004 2.497289517434472E-004
65 -1.142512522587358E-004 2.138173956369470E-004
66 6.101113619422036E-004 -1.141802945770315E-003
67 -2.750607564479310E-006 5.147648564224641E-006
68 -1.012185264475885E-004 1.894270955263441E-004
69 -1.064767487448063E-003 1.992676660791933E-003
70 -5.780643022326783E-005 1.081827758609048E-004
71 2.580258728659723E-004 -4.828867763121468E-004
72 -1.136228419956325E-004 2.126414118233129E-004
73 -5.822364685534926E-003 1.089636028800618E-002
74 -2.797469931228918E-003 5.235371138775305E-003
75 1.308706333724474E-004 -2.449200153105729E-004
76 -4.012683050616798E-004 7.509601621620323E-004
77 -1.334094666158158E-004 2.496714502261702E-004
78 -9.087746337589338E-004 1.700741189264396E-003
79 -1.991022261774049E-004 3.726131835355322E-004
80 1.052496511211035E-004 -1.969711619833837E-004
81 -1.676555157493657E-003 3.137616812112750E-003
82 7.313899096285866E-003 -1.368771681851373E-002
83 -1.453837004078371E-003 2.720807260684768E-003
84 9.106801163840906E-004 -1.704307260065755E-003
85 -6.292600313369187E-005 1.177638836059222E-004
86 4.660850111442060E-003 -8.722624734231615E-003
87 -2.267098023141368E-003 4.242797943345015E-003
88 7.633286150846700E-005 -1.428543834536814E-004
89 -4.649127530696910E-005 8.700682093429063E-005
90 -2.458294762123414E-003 4.600616261185567E-003
91 4.043453745543111E-003 -7.567188328174666E-003
92 1.345759987570778E-004 -2.518544724272049E-004
93 6.099122199806285E-005 -1.141430133262357E-004
94 -2.622245547406490E-005 4.907445958087758E-005
95 1.051391517421545E-002 -1.967643986369469E-002
96 -3.249186367532162E-004 6.080743880649299E-004
97 -2.438070671442388E-004 4.562766715553251E-004
98 -2.231739038172044E-004 4.176624812831630E-004
99 -1.762252002606407E-003 3.297995536091698E-003
100 -7.782930040434071E-003 1.456549266721047E-002
101 1.123906024213817E-003 -2.103352405367364E-003
102 -3.504465168964486E-003 6.558489072202917E-003
103 -4.253569122000643E-003 7.960412055724998E-003
104 5.431924896194750E-005 -1.016566708259347E-004
105 3.241997673677562E-003 -6.067289955693010E-003
106 -4.764732010199367E-003 8.917036137019477E-003
107 2.684523339769361E-004 -5.023995862780318E-004
108 2.450741929602564E-004 -4.586481695405925E-004
109 4.541815933606252E-003 -8.499856206262497E-003
110 8.365098946969524E-005 -1.565500255412101E-004
111 -3.506113648932282E-005 6.561571811025803E-005
112 6.786917132128886E-005 -1.270148604450171E-004
113 -9.714985942360727E-003 1.818127046234190E-002
114 -5.942460407455124E-003 1.112111542748404E-002
115 5.799889888285248E-004 -1.085430011689733E-003
116 4.981786314552596E-004 -9.323245836326167E-004
117 1.591031266733104E-004 -2.977561482830342E-004
118 -4.272243463460234E-003 7.995360402501817E-003
119 6.574078934719084E-006 -1.230321058341773E-005
120 -8.444771363874940E-005 1.580411001906912E-004
121 -7.574969652325310E-003 1.417630191731613E-002
122 2.214485201525843E-004 -4.144334686636493E-004
123 -3.870852504778887E-003 7.244170711229657E-003
124 4.046378763117920E-004 -7.572661870601033E-004
125 -1.441547175130948E-003 2.697807214164833E-003
126 -7.703617648559407E-005 1.441706147484040E-004
127 -3.016664434378418E-004 5.645586525456798E-004
128 -2.014810960493693E-003 3.770651128180967E-003
129 -2.218747582609608E-003 4.152311657704612E-003
130 1.485824381819303E-004 -2.780670578107703E-004
131 1.777717343606474E-003 -3.326938485485899E-003
132 -3.101247423054640E-005 5.803876112735816E-005
133 -5.534262344939308E-005 1.035718185256267E-004
134 4.308330075263518E-004 -8.062895271737282E-004
135 9.778813567863623E-005 -1.830072847520528E-004
136 4.001282479474699E-003 -7.488265990432245E-003
137 -1.634555466023699E-003 3.059015711982531E-003
138 -5.438350851518897E-006 1.017775000545216E-005
139 2.149665151834466E-004 -4.023025329104333E-004
140 3.284258166512776E-003 -6.146379066279083E-003
141 -1.560882897289685E-004 2.921139753154343E-004
142 1.915336681798661E-002 -3.584488388818508E-002
143 2.030216324478342E-004 -3.799482084576979E-004
144 -1.363023585062683E-002 2.550852942002205E-002
145 -7.315483251252559E-003 1.369068167595752E-002
146 3.798478247046257E-004 -7.108725398786667E-004
147 3.503753000150483E-003 -6.557156222263718E-003
148 -1.572547343773162E-004 2.942969045784671E-004
149 4.673132439843562E-003 -8.745610681789877E-003
150 1.438633199398608E-004 -2.692353664537915E-004
151 5.885060431703467E-004 -1.101369284458874E-003
152 3.169214552596200E-003 -5.931078778377995E-003
153 -1.538035630115964E-003 2.878382150086957E-003
154 4.301280415793680E-005 -8.049701287566155E-005
155 -7.467052967025440E-004 1.397433884296989E-003
156 -6.694668592224201E-005 1.252885121005110E-004
157 -4.225316603940161E-004 7.907537656889056E-004
158 6.240034365221365E-003 -1.167801501480924E-002
159 1.579281120174382E-003 -2.955571689176823E-003
160 1.711069357720369E-003 -3.202208925800589E-003
161 -2.101220850054510E-004 3.932364053142653E-004
162 -8.596184149108056E-005 1.608746593111883E-004
163 -8.148780002837183E-003 1.525016862866455E-002
164 -7.455297177303245E-003 1.395233869589883E-002
165 -3.020450648866885E-003 5.652672123849596E-003
166 2.398871370895456E-004 -4.489407069385929E-004
167 -1.271009418551461E-002 2.378651514160399E-002
168 -1.705960298328160E-004 3.192648407752922E-004
169 -1.921028561931354E-004 3.595140300307468E-004
170 -1.315233988011552E-002 2.461416315938665E-002
171 -4.113506555287324E-005 7.698286239157368E-005
172 -3.111972847241095E-004 5.823953334199160E-004
173 -7.479294188757186E-003 1.399724832035996E-002
174 5.971250504960250E-003 -1.117499514549266E-002
175 3.422253084649526E-004 -6.404631874373432E-004
176 6.005760860078520E-004 -1.123957995519423E-003
177 -7.627084805483262E-004 1.427383368901570E-003
178 2.597439807704565E-003 -4.861021545781419E-003
179 -3.073006969176963E-003 5.751029551248287E-003
180 6.722500959753772E-005 -1.258093575067191E-004
181 -1.687294303504412E-003 3.157714754273871E-003
182 -1.249993520805740E-004 2.339321516777494E-004
183 3.101680495980719E-005 -5.804692907827075E-005
184 1.377512460393606E-003 -2.577968371530670E-003
185 8.319511442746695E-005 -1.556968978430187E-004
186 3.241375226875226E-003 -6.066125024324581E-003
187 2.410644419597274E-004 -4.511440659125557E-004
188 -6.727418309956887E-005 1.259013119459826E-004
189 -3.447704834615008E-003 6.452263910368778E-003
190 -7.341153078034209E-005 1.373872717313766E-004
191 -6.283311183327721E-003 1.175900621803578E-002
192 1.872378311873209E-004 -3.504093484176207E-004
193 -4.319742054950813E-003 8.084252464966557E-003
194 -1.493461186945426E-004 2.794962300672012E-004
195 4.930451431389042E-004 -9.227174760892802E-004
196 7.656902002074597E-004 -1.432963519641366E-003
197 -1.080744463290736E-002 2.022577036655617E-002
198 -2.644886774692564E-003 4.949816868360542E-003
199 8.481673655279758E-007 -1.587286803470494E-006
200 9.745774806238006E-003 -1.823889069104438E-002
201 -1.855362362556922E-004 3.472248795219461E-004
202 2.382204796712791E-003 -4.458216392203777E-003
203 -5.622306218282241E-003 1.052195761852421E-002
204 1.436529366525918E-002 -2.688416548997901E-002
205 2.373376350508106E-004 -4.441693852905757E-004
206 -5.171859243840620E-003 9.678961060601378E-003
207 1.200096318234705E-004 -2.245940469418784E-004
208 2.697709420482393E-003 -5.048672701669715E-003
209 -1.036081829323825E-002 1.938992407558150E-002
210 -5.527960213603376E-004 1.034539245862976E-003
211 4.485383629255539E-003 -8.394245079058517E-003
212 -1.804007086535950E-004 3.376138247041931E-004
213 2.329458122772483E-004 -4.359503089616574E-004
214 1.707052379747662E-004 -3.194691594385710E-004
215 -7.700713674232654E-003 1.441162744521112E-002
216 1.272289279781386E-003 -2.381046690262362E-003
217 2.386456091135114E-004 -4.466172145673989E-004
218 1.536043592983438E-003 -2.874654113500097E-003
219 -1.226400763120009E-004 2.295167619669277E-004
220 5.302550914389134E-004 -9.923545822005813E-004
221 -1.040445659986086E-002 1.947159168619662E-002
222 7.764030989523813E-004 -1.453012361492063E-003
223 -1.959796585726228E-004 3.667692941488982E-004
224 -7.286024999945961E-003 1.363555151613880E-002
225 -1.966083577331619E-004 3.679459165601093E-004
226 1.716410222814606E-003 -3.212204081254806E-003
227 2.143603100316520E-003 -4.011681454916897E-003
228 -8.442527468871305E-003 1.579990712318245E-002
229 1.342077900081615E-004 -2.511654816791455E-004
230 2.527468870429123E-003 -4.730073255101304E-003
231 3.508213825994943E-004 -6.565504844359642E-004
232 -1.871888743853816E-004 3.503176886904800E-004
233 2.710114839003185E-004 -5.071888254325535E-004
234 -1.187344367055997E-002 2.222075175967110E-002
235 7.972752679105775E-004 -1.492073956636974E-003
236 7.620515936191660E-004 -1.426153999426624E-003
237 7.794563985772724E-004 -1.458726486916171E-003
238 7.047342519782201E-003 -1.318886525101398E-002
239 -1.191205319513788E-004 2.229300268342026E-004
240 8.747984495886606E-003 -1.637155967053039E-002
241 -5.366456257256198E-004 1.004314286233067E-003
242 -1.301815004678055E-003 2.436303162322680E-003
243 -6.794952454661146E-004 1.271652643724527E-003
244 -3.845513731025059E-003 7.196750090620270E-003
245 -2.662700030098520E-004 4.983154247884435E-004
246 -3.204818750689659E-004 5.997711033903771E-004
247 -6.726603773527396E-003 1.258861343926559E-002
248 -1.504895426894096E-004 2.816361687993079E-004
249 5.482278113139767E-004 -1.025989992085329E-003
250 8.303055224074303E-005 -1.553888805609983E-004
251 5.199143175260042E-003 -9.730022151456968E-003
252 5.555158242053486E-003 -1.039629239129609E-002
253 -4.474470235114083E-005 8.373816781701012E-005
254 -1.134061038581274E-003 2.122357215601274E-003
255 5.175111162781926E-003 -9.685046980297292E-003
256 7.211266772773799E-004 -1.349564387499357E-003
257 4.421736742780079E-004 -8.275131997413228E-004
258 -4.004328024028354E-004 7.493965922753991E-004
259 5.756387991704059E-003 -1.077288714089039E-002
260 6.756142786949325E-004 -1.264389462509779E-003
261 9.854933085168686E-004 -1.844317594435676E-003
262 7.554606655696292E-003 -1.413819310836150E-002
263 -3.359433768251848E-003 6.287067672710075E-003
264 -6.319341755797689E-004 1.182643599517278E-003
265 1.965781852560463E-003 -3.678894811472186E-003
266 -7.795468840368222E-003 1.458895857369035E-002
267 -4.958699277033705E-004 9.280039631520334E-004
268 -2.308599924374826E-003 4.320467411199311E-003
269 -7.709018029022872E-003 1.442716876437848E-002
270 1.356953249791961E-004 -2.539492586953324E-004
271 -7.965855113862668E-003 1.490783081741180E-002
272 8.782824413465444E-003 -1.643676144215060E-002
273 5.443175592913896E-005 -1.018671666148424E-004
274 4.344751016587479E-003 -8.131055841420636E-003
275 2.979245497274473E-003 -5.575557998451852E-003
276 -1.092597963299097E-002 2.044760450165661E-002
277 1.388462459025013E-003 -2.598461023636795E-003
278 -5.847027976995371E-004 1.094251652103479E-003
279 8.562505935829042E-003 -1.602444274299546E-002
280 -6.457067506296777E-004 1.208418491465853E-003
281 -1.359884022907926E-004 2.544977357552545E-004
282 -2.642263795389788E-003 4.944908041582651E-003
283 -6.387561772451197E-004 1.195410825493495E-003
284 1.690554749808660E-004 -3.163816096726443E-004
285 -7.641055576632267E-003 1.429997932823087E-002
286 4.309563855026490E-004 -8.065204558771025E-004
287 2.432461413905094E-004 -4.552269379609732E-004
288 -1.846583550726215E-004 3.455819849430479E-004
289 2.988511219747725E-003 -5.592898520220155E-003
290 -6.618821554099481E-004 1.238690299330518E-003
291 -3.530119001129282E-003 6.606499438022509E-003
292 5.421749058181626E-004 -1.014662245713370E-003
293 -3.922536179300735E-003 7.340894962027203E-003
294 -2.557634315672364E-003 4.786526889983793E-003
295 -4.195071523677237E-005 7.850936910477230E-005
296 3.875255446311727E-004 -7.252410854135592E-004
297 3.184508723336115E-004 -5.959701082347026E-004
298 -5.028736775710330E-004 9.411112682955906E-004
299 -3.557736859062245E-004 6.658184722863889E-004
300 -8.247523202761966E-005 1.543496267679328E-004
301 1.217306336270469E-003 -2.278147970560101E-003
302 7.778016107068581E-005 -1.455630112661038E-004
303 2.776089447525045E-004 -5.195358044192984E-004
304 -3.905686376110796E-003 7.309361158790404E-003
305 5.822990182436251E-003 -1.089753093101154E-002
306 -2.279688360753251E-003 4.266360297033371E-003
307 -8.923561240416645E-003 1.670014569970998E-002
308 -1.054356910327838E-003 1.973193636067476E-003
309 -4.765594515634269E-003 8.918650343731014E-003
310 -9.303219083670225E-005 1.741066811540024E-004
311 -4.927445980397196E-005 9.221549244944197E-005
312 -9.597613709507144E-003 1.796161228447989E-002
313 -1.845445099501522E-004 3.453687994228604E-004
314 1.339223255352399E-002 -2.506311420403074E-002
315 -8.211764621953152E-003 1.536804216842330E-002
316 -2.809031022652147E-004 5.257008438028629E-004
317 2.814514375050825E-004 -5.267269247292052E-004
318 6.205616345618612E-004 -1.161360344648779E-003
319 4.343888461480086E-004 -8.129442219647239E-004
320 4.188116034119461E-004 -7.837918377431211E-004
321 9.764412980559626E-004 -1.827377141988268E-003
322 -7.387653476780700E-003 1.382574579640266E-002
323 -5.986412104082192E-004 1.120336937815223E-003
324 7.860583210332272E-003 -1.471081788203457E-002
325 1.370407973406897E-002 -2.564672575879917E-002
326 8.137902740813016E-004 -1.522981261474135E-003
327 5.605578173685513E-004 -1.049065176566383E-003
328 -1.017380437850202E-002 1.903993381279934E-002
329 1.126833047381861E-003 -2.108830298322193E-003
330 1.611133511496277E-004 -3.015182043201304E-004
331 -1.038985285440226E-002 1.944426132211647E-002
332 -1.822027806440140E-004 3.409864022591860E-004
333 6.360604422350524E-004 -1.190365680285236E-003
334 -1.253770056357350E-002 2.346388625976567E-002
335 -9.007822032719855E-003 1.685783695946189E-002
336 -5.744470926978978E-004 1.075058458006139E-003
337 -4.408932894250332E-003 8.251170109536680E-003
338 -5.248089900911918E-004 9.821624036644853E-004
339 3.755177503195183E-003 -7.027688801698964E-003
340 1.341348708585960E-003 -2.510289069427257E-003
341 -7.371873770931545E-003 1.379621460746851E-002
342 -8.894691019900765E-003 1.664611602993484E-002
343 -1.363038812761311E-003 2.550881362615577E-003
344 5.570761043570153E-004 -1.042549341933741E-003
345 2.884709986272684E-004 -5.398637290685351E-004
346 4.167600587702475E-004 -7.799524925722515E-004
347 -8.634743654851770E-003 1.615963329770881E-002
348 3.691024742443815E-004 -6.907628965189507E-004
349 7.006956305664804E-003 -1.311328377371572E-002
350 -3.608738200443194E-004 6.753633293678992E-004
351 -1.600324672657887E-003 2.994953924066865E-003
352 -9.586838705317696E-004 1.794144786245820E-003
353 -6.984157477098895E-003 1.307061655424750E-002
354 3.734220766283751E-004 -6.988468421008994E-004
355 -4.761859219017438E-004 8.911660177995364E-004
356 -8.713165568971141E-003 1.630639721536415E-002
357 3.316491090619964E-004 -6.206702112822216E-004
358 2.537445621353680E-004 -4.748744327128169E-004
359 1.540955766002629E-004 -2.883846728434296E-004
360 -1.541965378050033E-003 2.885736495070010E-003
361 -9.209877786494876E-003 1.723597740129229E-002
362 2.067341445084539E-003 -3.868960267035570E-003
363 3.888332143627873E-003 -7.276883235284601E-003
364 2.693586401093380E-004 -5.040956332573304E-004
365 4.217154512529155E-003 -7.892263285100825E-003
366 -2.537910222395173E-004 4.749613472746953E-004
367 -2.856423638358748E-004 5.345700420220813E-004
368 -4.769958259212822E-004 8.926817250432275E-004
369 -1.636283727363312E-003 3.062250098051854E-003
370 9.737342115741348E-003 -1.822310923747046E-002
371 -7.028318579194966E-004 1.315326225126095E-003
372 -2.174923391070016E-004 4.070296348156598E-004
373 2.465533228737518E-004 -4.614162191490522E-004
374 -1.391460239960334E-002 2.604071190937920E-002
375 2.483591949519694E-003 -4.647959101066419E-003
376 9.171247636079922E-003 -1.716368242341188E-002
377 1.858235863547001E-002 -3.477626125883311E-002
378 3.295536687940672E-003 -6.167486441600758E-003
379 1.022564856860415E-002 -1.913695840673876E-002
380 5.625527749653849E-004 -1.052798658430899E-003
381 6.738971704178569E-004 -1.261175932114849E-003
382 -2.713951935480525E-003 5.079070071125742E-003
383 1.004754279488132E-003 -1.880363966928490E-003
384 3.782882350016883E-003 -7.079537524617767E-003
385 9.294383155287570E-004 -1.739412666991140E-003
386 -2.397132619592323E-002 4.486153338255179E-002
387 2.128815953733948E-004 -3.984007987168096E-004
388 1.729422552652145E-003 -3.236556331364391E-003
389 8.294699365689643E-003 -1.552325173277305E-002
390 9.795693526431552E-005 -1.833230557107721E-004
391 1.754984223537158E-002 -3.284394130687122E-002
392 -3.287202159322453E-003 6.151888639538756E-003
393 -1.835752774815884E-002 3.435549769864416E-002
394 -1.966439193244957E-004 3.680125393096232E-004
395 -1.523882122573333E-003 2.851894247359934E-003
396 6.648114683678067E-003 -1.244172373777612E-002
397 -3.613343082298148E-002 6.762250445803804E-002
398 7.384264512069497E-004 -1.381940390021198E-003
399 2.284988532507516E-003 -4.276279391601896E-003
400 8.505213831694751E-003 -1.591722254302319E-002
401 1.294824114154654E-003 -2.423219916588934E-003
402 -4.069064436603902E-004 7.615117795798171E-004
403 4.394104133543327E-003 -8.223418609470321E-003
404 3.013438436742846E-005 -5.639544216020078E-005
405 1.747957648869209E-004 -3.271244152503293E-004
406 -1.834325340062871E-004 3.432878665239075E-004
407 1.030246360930176E-004 -1.928070796867606E-004
408 1.630010281352124E-004 -3.050509536435145E-004
409 -1.855572095434214E-004 3.472640984116671E-004
410 4.026115960429877E-003 -7.534741084623080E-003
411 4.183207994917398E-004 -7.828734368631867E-004
412 -1.079548064582995E-004 2.020337505120831E-004
413 5.214497447383206E-004 -9.758756788762609E-004
414 -4.015720465529666E-003 7.515286246121323E-003
415 5.331303216946185E-005 -9.977359218835588E-005
416 1.234422044280925E-003 -2.310179417605475E-003
417 -2.441644499871050E-003 4.569455832343571E-003
418 -3.547527428203540E-004 6.639078927532700E-004
419 -4.353963708711258E-004 8.148297289256520E-004
420 -3.567086270062430E-003 6.675682384342591E-003
421 9.659164504042152E-005 -1.807679920293736E-004
422 3.889709353708106E-004 -7.279460495972197E-004
423 2.855344712469430E-004 -5.343681615229320E-004
424 5.186479433716005E-004 -9.706321355199812E-004
425 4.020225538503193E-004 -7.523717312061135E-004
426 -1.725495517437264E-004 3.229207131052040E-004
427 2.259524812589309E-004 -4.228625397273834E-004
428 2.033388860083109E-003 -3.805419049223001E-003
429 5.361650472061012E-003 -1.003414909778260E-002
430 4.113110445998309E-004 -7.697548177265590E-004
431 4.003904326820849E-004 -7.493172265173432E-004
432 2.681742510516258E-003 -5.018791190944665E-003
433 -3.189604176149720E-003 5.969237306364261E-003
434 -5.466596045282158E-004 1.023055121568431E-003
435 3.198075319222655E-004 -5.985090564343341E-004
436 -3.748628888543309E-003 7.015433284246203E-003
437 2.003767481979566E-003 -3.749983675253947E-003
438 1.409389553901735E-004 -2.637625704089964E-004
439 3.883407835310518E-003 -7.267667587127808E-003
440 2.644436232738759E-004 -4.948973137541928E-004
441 5.128818745322104E-006 -9.598465504923943E-006
442 -5.343804666664926E-005 1.000074952970544E-004
443 -6.250840333743541E-004 1.169823798438249E-003
444 -1.946453570112458E-004 3.642722523799525E-004
445 -8.606117196320709E-005 1.610605893542198E-004
446 9.166592192603349E-003 -1.715496996162382E-002
447 -4.475669638681166E-003 8.376065621579587E-003
448 6.723192954345465E-004 -1.258223016639547E-003
449 1.461381902809719E-004 -2.734927188626056E-004
450 -1.039717839590047E-003 1.945797088975372E-003
451 2.772175288669578E-004 -5.188033442818750E-004
452 5.384754231489088E-003 -1.007738696764825E-002
453 3.993497968278922E-003 -7.473697558608087E-003
454 6.773888443039352E-004 -1.267710476250301E-003
455 -1.043736591315431E-004 1.953318557272560E-004
456 3.602594705721225E-003 -6.742135219391899E-003
457 1.849633077272080E-003 -3.461526303799883E-003
458 -1.001184162413435E-003 1.873682595807239E-003
459 6.031584953238287E-004 -1.128790882782280E-003
460 -4.421103503489213E-004 8.273946666330803E-004
461 -3.982826217770899E-003 7.453725650305846E-003
462 2.239277192497115E-004 -4.190732392548958E-004
463 5.045141106022108E-003 -9.441812533484441E-003
464 -9.172187334831431E-006 1.716547219673686E-005
465 -9.016900554282166E-005 1.687482907802785E-004
466 -2.022034587421327E-003 3.784169965341962E-003
467 7.764943804951470E-004 -1.453183205813041E-003
468 3.870854274876641E-004 -7.244174160327435E-004
469 -4.329703527517095E-003 8.102894927444527E-003
470 -1.384140976275086E-003 2.590373487663194E-003
471 -4.691326312278475E-003 8.779659822361865E-003
472 5.795573694236989E-003 -1.084622184564636E-002
473 2.998651707141852E-004 -5.611876016243518E-004
474 1.319842770594694E-003 -2.470041516369660E-003
475 4.206343261008237E-005 -7.872034316691237E-005
476 5.246428339353794E-003 -9.818514707386173E-003
477 -4.468796572194413E-004 8.363202922555670E-004
478 1.590396505560175E-003 -2.976373689439555E-003
479 -2.896986922648772E-004 5.421614255960893E-004
480 6.120739192785026E-003 -1.145475820459884E-002
481 -4.279043911582302E-003 8.008087199588874E-003
482 4.423936151823541E-003 -8.279248239632726E-003
483 6.888367928107018E-005 -1.289135906462861E-004
484 -2.258621403070271E-003 4.226934241974844E-003
485 -5.428459997161204E-003 1.015918096069497E-002
486 3.794050833871616E-004 -7.100438123569749E-004
487 -1.961979301812128E-003 3.671778516568698E-003
488 -1.303652217452516E-003 2.439741400022268E-003
489 -4.187884773064367E-004 7.837486366213253E-004
490 -2.037665606137634E-003 3.813422930002746E-003
491 3.039965784118947E-004 -5.689193768545860E-004
492 -6.582063382254056E-003 1.231811090895098E-002
493 1.903513443026999E-004 -3.562362346127133E-004
494 -1.911837860017462E-004 3.577940656784229E-004
495 -2.824135374055953E-003 5.285274662161854E-003
496 -7.805632608155135E-003 1.460797967949967E-002
497 -4.430469864150210E-004 8.291475947682786E-004
498 -2.674563517368064E-004 5.005356692233366E-004
499 -1.190456818214366E-003 2.227899996704095E-003
500 8.891597135171568E-003 -1.664032596100362E-002
501 9.659416825796091E-006 -1.807728026439344E-005
502 -1.720379068173899E-004 3.219631812116770E-004
503 -1.956155608765847E-003 3.660879694345395E-003
504 2.816545372027143E-004 -5.271070237905000E-004
505 -9.314942339385137E-004 1.743260224073812E-003
506 -2.897605563199903E-004 5.422771624001779E-004
507 7.614374476698848E-005 -1.425004679449510E-004
508 -6.075391945187120E-006 1.136989438671953E-005
509 6.655160600683829E-003 -1.245490991539135E-002
510 1.185834990282341E-003 -2.219250520873976E-003
511 -1.416792207122193E-004 2.651479228923030E-004
512 7.102507470833460E-005 -1.329210768037675E-004
513 -1.355470786703118E-004 2.536717993273481E-004
514 -1.415937554420125E-004 2.649879060065939E-004
515 -5.909198494123268E-004 1.105886704376545E-003
516 -3.504663319648836E-004 6.558859540134803E-004
517 -1.292526672510773E-002 2.418920336341012E-002
518 5.975380599262931E-003 -1.118272442631369E-002
519 4.760860559673712E-004 -8.909790993208529E-004
520 -2.888393503958600E-003 5.405531657170811E-003
521 4.052147793801477E-003 -7.583458720021078E-003
522 1.482276803904630E-003 -2.774031345892699E-003
523 -1.540677088975826E-003 2.883325536167190E-003
524 2.469649565984612E-004 -4.621865925070040E-004
525 -5.201733661262400E-004 9.734870365093132E-004
526 -8.962866980029634E-003 1.677370500045650E-002
527 -1.979041232209525E-003 3.703709248301556E-003
528 -1.066595199130698E-004 1.996097618270919E-004
529 -6.236280597550184E-004 1.167099029916893E-003
530 -2.145231930686077E-003 4.014729560929182E-003
531 9.212001071649878E-003 -1.723995126080381E-002
532 2.190027537432350E-004 -4.098563363619908E-004
533 3.303143216037958E-003 -6.181721773330429E-003
534 -2.469129100525267E-003 4.620892347143806E-003
535 -1.222651982870504E-003 2.288152246525042E-003
536 -1.309382568076274E-002 2.450465574090963E-002
537 -1.141618950806073E-002 2.136501585661850E-002
538 -5.518093969064701E-004 1.032692734334888E-003
539 -1.230090937936095E-002 2.302073955658099E-002
540 2.419083417119216E-003 -4.527233480437838E-003
541 -2.931095436512704E-003 5.485446790848335E-003
542 -1.816720179182390E-003 3.399930889040098E-003
543 2.700162123276265E-004 -5.053262482968447E-004
544 -5.680376273556792E-003 1.063063374281562E-002
545 4.620409312592054E-003 -8.646941111645374E-003
546 1.686179663892200E-005 -3.155633900434718E-005
547 -5.682506302256815E-003 1.063462001210167E-002
548 6.371894585620846E-004 -1.192478694569306E-003
549 6.132034686130182E-004 -1.147589686685905E-003
550 -8.204670189173629E-003 1.535476520213972E-002
551 -4.198270856269113E-004 7.856922878463602E-004
552 8.876017696417532E-004 -1.661116993597259E-003
553 6.497591319094397E-003 -1.216002431571735E-002
554 1.809005331750190E-003 -3.385492784921139E-003
555 7.664289634976340E-003 -1.434346112286533E-002
556 1.222277539375567E-002 -2.287451436391671E-002
557 1.548718973395412E-002 -2.898375635101718E-002
558 5.889976291931405E-004 -1.102289333033973E-003
559 -3.043810893564511E-004 5.696389825232841E-004
560 9.164971079156257E-004 -1.715193636583677E-003
561 -6.021317365197392E-004 1.126869384830602E-003
562 8.368462166023074E-003 -1.566129635664162E-002
563 8.670480948826719E-004 -1.622651521822242E-003
564 8.405552587712495E-003 -1.573070989675289E-002
565 2.534452869888854E-004 -4.743143182648946E-004
566 -8.915978384643398E-003 1.668595472311392E-002
567 -1.946726025716473E-003 3.643232492988394E-003
568 8.789518756961866E-004 -1.644928993324748E-003
569 3.503084596826658E-003 -6.555905413274568E-003
570 -1.278044866232714E-004 2.391817548261845E-004
571 1.616740613587393E-002 -3.025675853315771E-002
572 6.961151991140809E-003 -1.302756253053187E-002
573 3.847726763749815E-003 -7.200891689535835E-003
574 -8.224994099270105E-004 1.539280095394111E-003
575 -8.111593509429901E-003 1.518057540080212E-002
576 -4.689635854280282E-004 8.776496661822128E-004
577 -8.581199451647894E-005 1.605943143217125E-004
578 4.206416434848526E-004 -7.872167122628821E-004
579 1.997255331473077E-004 -3.737795804312652E-004
580 3.595014371008140E-003 -6.727948822035085E-003
581 -5.867840577360193E-004 1.098146686616504E-003
582 7.012566641202399E-003 -1.312378334753283E-002
583 -4.228279845239592E-004 7.913083657114121E-004
584 4.062997474434954E-003 -7.603763569285832E-003
585 -4.764465232307966E-004 8.916537105104888E-004
586 -2.017021908368500E-004 3.774788577134863E-004
587 3.061579217371986E-004 -5.729643130942788E-004
588 -2.858596128291389E-003 5.349766812123115E-003
589 9.495752631333866E-004 -1.777098259102523E-003
590 -2.939828491657826E-003 5.501790549813941E-003
591 -4.919431034374691E-004 9.206550342066764E-004
592 -5.497956121303557E-004 1.028924062283423E-003
593 5.423945743094985E-005 -1.015073243578702E-004
594 -5.295607363195287E-004 9.910551913334511E-004
595 -1.105681753795847E-004 2.069246759498891E-004
596 -1.715705026326288E-003 3.210884502258347E-003
597 3.098709152344883E-004 -5.799130534702807E-004
598 -3.205820376205268E-003 5.999585395733309E-003
599 3.465310279158101E-006 -6.485207120995969E-006
600 -2.426005814981901E-004 4.540188878321945E-004
601 -4.847730040545728E-004 9.072364455011434E-004
602 -1.088623837211307E-002 2.037323016282544E-002
603 -2.718045775671711E-004 5.086731537602297E-004
604 -2.483512573222483E-003 4.647810517486092E-003
605 1.233777079815675E-004 -2.308972010530080E-004
606 2.078076819329725E-003 -3.889051037977966E-003
607 -1.485486261609082E-003 2.780037715089235E-003
608 6.503099031064181E-005 -1.217032534813724E-004
609 1.556600346889567E-004 -2.913125263013137E-004
610 -3.866563852178628E-006 7.236116876453428E-006
611 2.224071179734311E-003 -4.162274662653480E-003
612 8.520557402063105E-003 -1.594593749684898E-002
613 -6.239682512988134E-005 1.167735501414211E-004
614 1.126809198334351E-004 -2.108785983836396E-004
615 -1.307131641618863E-003 2.446253051697242E-003
616 1.755510767785993E-004 -3.285379590143428E-004
617 -1.750821139791672E-004 3.276602603835679E-004
618 -1.000520832105404E-003 1.872441230645670E-003
619 5.017979690490090E-003 -9.390980746110607E-003
620 6.908786217046000E-004 -1.292956208803903E-003
621 -1.030862235123920E-003 1.929224109143196E-003
622 -3.377378251298102E-004 6.320649641432065E-004
623 -9.061372925666290E-005 1.695805707952823E-004
624 -5.759728541808523E-003 1.077913888395330E-002
625 -6.717807449205066E-005 1.257215707992552E-004
626 4.955138216101647E-003 -9.273375075573839E-003
627 -2.703588821116201E-004 5.059676297157241E-004
628 -4.460654076967793E-005 8.347967448816379E-005
629 1.417453602566330E-003 -2.652716951226733E-003
630 1.614597675928379E-002 -3.021665419847292E-002
631 1.313813056474555E-004 -2.458756820203941E-004
632 -2.279085273480270E-004 4.265230998400768E-004
633 1.190432612117632E-002 -2.227854719907728E-002
634 -1.511240192811240E-002 2.828235360627114E-002
635 -3.209760786515051E-004 6.006960590220491E-004
636 -1.109378824845185E-003 2.076165334654509E-003
637 6.179761760292449E-003 -1.156521704797573E-002
638 1.297011594578994E-004 -2.427314092083012E-004
639 -3.023777826325710E-002 5.658898824966194E-002
640 4.873793562115925E-004 -9.121140941001422E-004
641 7.484079440359468E-003 -1.400620381773878E-002
642 3.763105611067804E-005 -7.042533504249301E-005
643 1.806286449090502E-002 -3.380404531934210E-002
644 -1.708779498750217E-003 3.197923533305920E-003
645 4.314638021890868E-003 -8.074700406347857E-003
646 -2.935795565165792E-004 5.494242358727981E-004
647 -4.737024014930286E-002 8.865181608922471E-002
648 8.859327000974686E-003 -1.657993350297180E-002
649 1.448938334148185E-004 -2.711639438475143E-004
650 -4.172459717143930E-004 7.808619387290857E-004
651 -1.071638249503645E-002 2.005535054876840E-002
652 3.025583142894195E-004 -5.662277769970467E-004
653 4.525922627260219E-002 -8.470112453742704E-002
654 -6.982549693993309E-002 0.130676076630057
655 -3.886977740167091E-004 7.274348199770025E-004
656 -2.953959766917860E-004 5.528236231199961E-004
657 -7.008163220474253E-003 1.311554252799212E-002
658 -1.712635409830392E-002 3.205139745730354E-002
659 1.160295405885801E-002 -2.171453957764355E-002
660 -5.424580832584337E-002 0.101519211590882
661 4.007287070721732E-005 -7.499502775939809E-005
662 1.051108353425385E-002 -1.967114046623647E-002
663 -8.999882277270934E-003 1.684297801931489E-002
664 -1.799442053117791E-003 3.367595495250038E-003
665 -1.074411126879762E-003 2.010724345555231E-003
666 3.382012381240653E-004 -6.329322991858317E-004
667 1.564583156500988E-003 -2.928064857729983E-003
668 -5.343473295020415E-003 1.000013110450151E-002
669 -4.921809767044379E-003 9.211001935965430E-003
670 1.126163573146328E-004 -2.107577526815448E-004
671 1.374507169818734E-002 -2.572344070806713E-002
672 8.671829163661829E-004 -1.622903749297861E-003
673 -1.239198980260747E-002 2.319119336759290E-002
674 -6.632839645941045E-005 1.241312407197938E-004
675 -5.515270188854458E-004 1.032164296512822E-003
676 -3.587592378782342E-005 6.714062542536457E-005
677 1.288631959987741E-003 -2.411631518648028E-003
678 -9.968384799731281E-003 1.865549797835413E-002
679 -9.746514239638268E-004 1.824027448694966E-003
680 2.128253531254059E-004 -3.982955715203408E-004
681 -8.478254356300636E-003 1.586676876337714E-002
682 5.077481662745420E-003 -9.502336756301178E-003
683 -1.066420620293577E-004 1.995770638718389E-004
684 -1.960534790558913E-003 3.669075169639289E-003
685 -3.409299107262403E-004 6.380387710680415E-004
686 5.184498509913455E-003 -9.702615134749850E-003
687 -7.042574888791455E-004 1.317994265049793E-003
688 -2.798348277002868E-003 5.237014942719544E-003
689 1.597265867894266E-004 -2.989229668441390E-004
690 -2.579796847201773E-004 4.828003875316783E-004
691 -4.423945332568929E-002 8.279265373310163E-002
692 -1.220316250075348E-002 2.283780956416408E-002
693 -1.012947230649044E-003 1.895696751069552E-003
694 9.584287986760391E-004 -1.793667429334233E-003
695 1.646187319131140E-002 -3.080784374903698E-002
696 -5.323717566843626E-002 9.963158940272647E-002
697 2.153110375498695E-002 -4.029473879224749E-002
698 1.475966263179255E-002 -2.762221397601924E-002
699 3.029817552541039E-003 -5.670201971378733E-003
700 -5.095116160185499E-002 9.535339062951831E-002
701 1.327560131943979E-003 -2.484484334865569E-003
702 -2.590010589286197E-002 4.847117992787457E-002
703 -2.019856003804227E-004 3.780091881062862E-004
704 -1.438333700646214E-002 2.691793325515175E-002
705 4.254079563110561E-003 -7.961367279638082E-003
706 -1.571120831581008E-004 2.940299958010048E-004
707 -3.138711894151354E-003 5.873994107689807E-003
708 -3.043971340793254E-004 5.696690165627953E-004
709 -6.725090131231294E-003 1.258578068555317E-002
710 1.432737090648313E-002 -2.681319428675596E-002
711 4.259474087413695E-004 -7.971463996622279E-004
712 6.232333547141436E-004 -1.166360374512886E-003
713 -5.735467082122943E-002 0.107337343589502
714 -1.393223236623266E-002 2.607370576515135E-002
715 4.369379711375615E-004 -8.177147968916213E-004
716 2.110729134519482E-004 -3.950158266876955E-004
717 7.891385433980980E-004 -1.476846337688187E-003
718 -1.928411489807339E-003 3.608957382833199E-003
719 3.082526900689984E-002 -5.768845745212976E-002
720 -9.192942168761353E-004 1.720428440164674E-003
721 -5.487804034740084E-004 1.027024218834492E-003
722 4.338043442424955E-003 -8.118502821749449E-003
723 1.330148625743868E-003 -2.489328612932120E-003
724 4.818076566884255E-002 -9.016868768419622E-002
725 3.396346218082758E-003 -6.356148183000503E-003
726 3.358021282078735E-002 -6.284424241574232E-002
727 -9.467409441613765E-004 1.771793967395204E-003
728 4.515002606733249E-003 -8.449676030608715E-003
729 4.531533282184559E-004 -8.480612601055422E-004
730 3.116632606088405E-002 -5.832673430817131E-002
731 1.228704877812494E-003 -2.299479910449142E-003
732 2.907479423682640E-002 -5.441250262222005E-002
733 4.805489487209364E-003 -8.993312568878933E-003
734 -6.402342628179461E-004 1.198176896565964E-003
735 5.711991416295995E-002 -0.106898004441672
736 -2.067256823302461E-003 3.868801828972260E-003
737 -0.124728270530627 0.233424776661131
738 0.210739228995684 -0.394391401735098
739 7.876760553692476E-002 -0.147410932932996
740 1.518556590512320E-004 -2.841929158587023E-004
741 5.253029349374124E-003 -9.830868323921488E-003
742 -0.154942142056526 0.289969024165321
743 5.866276232243922E-004 -1.097853917540755E-003
744 -3.519493157945768E-002 6.586613464278361E-002
745 2.968969206510070E-004 -5.556326075320430E-004
746 2.011454158863411E-002 -3.764369025780602E-002
747 -1.614765917122460E-004 3.021981064706268E-004
748 8.959165586363617E-002 -0.167667780189514
749 2.024610131729102E-002 -3.788989977176770E-002
750 -0.188302354329524 0.352401543391228
751 -3.041121311590303E-003 5.691356641383712E-003
752 3.466324242231424E-003 -6.487109534994129E-003
753 -4.849328868298191E-004 9.075356695694757E-004
754 -8.168288456114881E-003 1.528667790807857E-002
755 1.784325562744042E-003 -3.339305453216978E-003
756 4.204753431309946E-003 -7.869054924591787E-003
757 -3.783011251743833E-004 7.079776317340419E-004
758 -1.618030305151083E-002 3.028089482369828E-002
759 7.738289916007923E-003 -1.448195013722585E-002
760 7.043951618916419E-004 -1.318251825783628E-003
761 -1.571726937820883E-003 2.941434481851238E-003
762 -2.763153544114613E-003 5.171149130337026E-003
763 -3.281243102369675E-002 6.140736490468895E-002
764 -1.702066338980284E-002 3.185360085750932E-002
765 -7.588163041636981E-004 1.420099322625600E-003
766 3.340488383957168E-002 -6.251612011488059E-002
767 3.107194287815630E-004 -5.815011281024635E-004
768 -2.482339253610032E-004 4.645615881509427E-004
769 -4.782915612188055E-003 8.951065949200018E-003
770 4.617317117919242E-004 -8.641154066128088E-004
771 4.619437348072786E-002 -8.645122117368734E-002
772 -2.371483613622300E-003 4.438152191270341E-003
773 2.626947017204303E-002 -4.916243258962032E-002
774 5.172965571050005E-004 -9.681031268688922E-004
775 -8.875450708784285E-003 1.661010842496426E-002
776 -3.218465493380802E-002 6.023250265467799E-002
777 -2.150497217821214E-002 4.024583456574315E-002
778 6.395781243787965E-004 -1.196949186097779E-003
779 -2.727630274302058E-002 5.104668600790233E-002
780 2.394965574124239E-002 -4.482097803400582E-002
781 1.509786161396411E-002 -2.825514183251644E-002
782 1.452733307688750E-005 -2.718737070648446E-005
783 1.500083990599753E-002 -2.807356900265133E-002
784 -2.714796552154228E-004 5.080647874332846E-004
785 -1.953027465978604E-002 3.655025412803844E-002
786 -8.748430301362665E-004 1.637239567249515E-003
787 1.785988723938965E-002 -3.342418021469488E-002
788 -4.311462888667792E-004 8.068758375833682E-004
789 -2.777904646615740E-004 5.198755208652662E-004
790 -4.251894551868138E-004 7.957279331823528E-004
791 2.070823692941428E-003 -3.875477147001788E-003
792 -1.168078742966942E-004 2.186019987195546E-004
793 -1.020699012240708E-004 1.910204219156482E-004
794 7.337584872216531E-005 -1.373204007397373E-004
795 3.297749731430217E-003 -6.171628073577050E-003
796 -1.463804521458202E-004 2.739461808097549E-004
797 -1.623556291619763E-004 3.038431592716098E-004
798 -6.657487404389954E-003 1.245926453152040E-002
799 5.269651501462202E-004 -9.861977793468963E-004
800 -4.754926973428812E-003 8.898686437812938E-003
801 -4.711318212019359E-004 8.817072893452610E-004
802 -1.196408028369179E-003 2.239037450260107E-003
803 -2.638727756578402E-004 4.938290017092552E-004
804 1.486941050792787E-003 -2.782760444086603E-003
805 -1.486056347982206E-004 2.781104691410870E-004
806 -3.002059093141791E-003 5.618252884075608E-003
807 1.821889929118572E-003 -3.409605883891429E-003
808 -2.406357757367299E-005 4.503419767487659E-005
809 -5.761425171474352E-003 1.078231399271873E-002
810 8.105760942016491E-005 -1.516969058768643E-004
811 4.751450508582781E-003 -8.892180465160228E-003
812 7.710012251106160E-005 -1.442903360915956E-004
813 -4.412130595511378E-003 8.257154570474743E-003
814 2.851164421008423E-004 -5.335860004252363E-004
815 -1.669714326692884E-003 3.124814411480617E-003
816 1.586533355357230E-004 -2.969143544310418E-004
817 -2.393466435091218E-003 4.479292346785972E-003
818 1.754719334190099E-003 -3.283898466030516E-003
819 3.728550511316458E-003 -6.977857401056128E-003
820 -6.113697502729153E-004 1.144158055540812E-003
821 1.560379966161832E-002 -2.920198791935788E-002
822 4.471185531264486E-004 -8.367673563357037E-004
823 1.705410058443156E-004 -3.191618173166504E-004
824 1.010506210927614E-003 -1.891128534202351E-003
825 2.255517896722246E-002 -4.221126111167006E-002
826 -7.018743401256277E-006 1.313541307057057E-005
827 3.665415031181113E-004 -6.859700911540220E-004
828 2.534561223312181E-004 -4.743344585081772E-004
829 -2.086220693548103E-004 3.904292322372450E-004
830 1.578298711942198E-003 -2.953733016160988E-003
831 -9.013344572640710E-003 1.686817241972223E-002
832 -8.892112920460862E-006 1.664133637275994E-005
833 -1.829798347420074E-002 3.424406237530732E-002
834 -3.963580466160647E-004 7.417707395788459E-004
835 5.987965564135759E-006 -1.120644988492575E-005
836 -8.339476162981582E-003 1.560704993831320E-002
837 1.548421932230936E-004 -2.897819516867269E-004
838 -2.095624713553947E-003 3.921891254343468E-003
839 2.261321087929495E-004 -4.231985486726904E-004
840 -8.985952889599583E-003 1.681690966243561E-002
841 -1.882726694540128E-003 3.523459643185616E-003
842 1.499128266169189E-004 -2.805568295006724E-004
843 7.084062605931140E-003 -1.325758552349026E-002
844 1.923106187305729E-003 -3.599028618086713E-003
845 -9.525088417383007E-006 1.782608229837707E-005
846 -6.505169075034615E-005 1.217421341852679E-004
847 -2.857757024204052E-005 5.348198257944466E-005
848 -2.974569928087146E-003 5.566807865354089E-003
849 3.592607534396902E-004 -6.723444817625124E-004
850 -4.455626955455450E-003 8.338556399755729E-003
851 1.064254638505725E-004 -1.991716772565270E-004
852 -2.287888911389309E-005 4.281704819995398E-005
853 5.473855750964189E-003 -1.024413756541915E-002
854 3.327240211042238E-005 -6.226821328752635E-005
855 -1.832276944620735E-003 3.429044738625391E-003
856 3.934322910676227E-005 -7.362966181670992E-005
857 -2.393177427797993E-003 4.478751314814063E-003
858 -1.677558540407746E-004 3.139494872929278E-004
859 1.942423795828337E-004 -3.635181245574883E-004
860 -2.384753073557811E-003 4.462985359849853E-003
861 8.226124110890829E-004 -1.539491488615561E-003
862 -1.690080829520110E-004 3.162928907074771E-004
863 8.778526613908826E-004 -1.642871748472445E-003
864 2.475686442794480E-004 -4.633163957470238E-004
865 -1.817510958573656E-003 3.401410872584075E-003
866 1.943592063348030E-004 -3.637368210898267E-004
867 -2.776356747823393E-003 5.195858521153958E-003
868 -2.875793166295299E-004 5.381949536120129E-004
869 -9.838480241145279E-005 1.841238247556758E-004
870 -2.708364827415630E-004 5.068613238844163E-004
871 -1.493505500203252E-003 2.795045465617297E-003
872 3.469042782802015E-004 -6.492198786363693E-004
873 4.263004089386162E-003 -7.978069057944241E-003
874 -2.438446858329129E-005 4.563470260987093E-005
875 -7.349434635974318E-003 1.375422054465195E-002
876 -2.811515057985538E-005 5.261661618685764E-005
877 -5.542389006908441E-003 1.037239508831299E-002
878 -5.197223038498155E-005 9.726410649698622E-005
879 -1.103818571346629E-004 2.065760315613857E-004
880 -2.419412426459341E-003 4.527849301808329E-003
881 -1.074576604538542E-004 2.011034084519979E-004
882 6.499061713063691E-003 -1.216277597584812E-002
883 2.970916998140703E-004 -5.559970797556867E-004
884 2.335305981172106E-003 -4.370446837109466E-003
885 -3.826205824391801E-003 7.160615857793970E-003
886 -3.275163849806542E-005 6.129353147773933E-005
887 -1.289904523083937E-003 2.414013011495578E-003
888 1.404799224139119E-003 -2.629034316045648E-003
889 -8.139329141379609E-005 1.523249501911842E-004
890 -1.435755273318446E-004 2.686968209115592E-004
891 2.611242402906484E-003 -4.886852419963381E-003
892 -2.027964262986786E-003 3.795267208304782E-003
893 1.101994162756768E-003 -2.062345282873910E-003
894 1.765819209246070E-003 -3.304671549097348E-003
895 -2.863241212633118E-004 5.358462193623183E-004
896 1.240776433604416E-004 -2.322069661876620E-004
897 -8.234277144666708E-005 1.541017199197409E-004
898 -1.722836219996543E-004 3.224230771850210E-004
899 3.222088800161706E-003 -6.030031106360405E-003
900 1.748483882717655E-004 -3.272231345314680E-004
901 1.636798616599011E-003 -3.063213526053135E-003
902 1.934742641428750E-003 -3.620805859875939E-003
903 6.746362599814052E-004 -1.262559185998054E-003
904 1.916124369806085E-003 -3.585962588068865E-003
905 2.851928334058391E-004 -5.337289680186580E-004
906 3.551530889833531E-003 -6.646571077890522E-003
907 -4.786211922422474E-003 8.957235084356563E-003
908 -2.192905932893562E-006 4.103906427875677E-006
909 9.627744420404706E-004 -1.801800225122892E-003
910 2.458645897369022E-005 -4.601278074985874E-005
911 7.485472636927500E-005 -1.400881242265868E-004
912 3.383335017686860E-004 -6.331799660498572E-004
913 3.406014069945120E-005 -6.374240049550987E-005
914 -5.809889595033876E-004 1.087301519119063E-003
915 2.036445698954866E-003 -3.811139814435425E-003
916 -2.490523192970691E-003 4.660930524838880E-003
917 2.937790196538888E-004 -5.497977750073091E-004
918 -1.322270017445396E-005 2.474582166834691E-005
919 -6.564530658124481E-003 1.228529920284778E-002
920 -2.566946063148253E-004 4.803954037965667E-004
921 -1.583772241101365E-003 2.963976630582594E-003
922 -5.299990865373701E-003 9.918754859582605E-003
923 -2.741870714569298E-003 5.131319196056434E-003
924 5.023343344123072E-005 -9.401007298116873E-005
925 -7.245850849792160E-004 1.356036445336411E-003
926 -5.914581514680065E-003 1.106894132572989E-002
927 -3.541360354634870E-004 6.627536144209671E-004
928 1.841263100011712E-003 -3.445862086943244E-003
929 6.147526755495899E-005 -1.150488878129890E-004
930 -1.259645639884527E-004 2.357384438751318E-004
931 2.684049275313570E-003 -5.023108162734045E-003
932 4.929142429956291E-003 -9.224725113449461E-003
933 1.558707271489163E-004 -2.917068702468517E-004
934 2.138771904804949E-003 -4.002639990621968E-003
935 2.509838577112830E-005 -4.697072134175918E-005
936 4.851943838747649E-003 -9.080250386796418E-003
937 3.130280334202353E-004 -5.858212734744432E-004
938 4.073730726337365E-003 -7.623850535089204E-003
939 -1.948097262655802E-003 3.645798752833481E-003
940 4.506726887289453E-004 -8.434188394195380E-004
941 -3.142831808128106E-003 5.881704352073624E-003
942 -1.761775915262041E-004 3.297101959185468E-004
943 -3.174701835531183E-003 5.941347835585848E-003
944 1.619599690752701E-005 -3.031027731984274E-005
945 1.130641182526709E-003 -2.115957155138433E-003
946 1.941223449912977E-004 -3.632935457482703E-004
947 4.276307473109474E-004 -8.002965721372550E-004
948 -3.636664524016795E-003 6.805895759142491E-003
949 3.861978957054002E-003 -7.227564115295171E-003
950 8.457774797569940E-004 -1.582844134877468E-003
951 -1.308096197714265E-004 2.448057423367506E-004
952 -1.356946652844868E-003 2.539480211777662E-003
953 -6.473758373149973E-005 1.211543277869263E-004
954 -4.094410594488543E-004 7.662552833814975E-004
955 1.084073700415181E-004 -2.028807732147184E-004
956 1.185112318125036E-003 -2.217898136888652E-003
957 -2.961511645961115E-004 5.542368063823472E-004
958 5.078176981026594E-003 -9.503637975496849E-003
959 6.397874803454272E-005 -1.197339906189494E-004
960 -2.865265071531554E-003 5.362247327375445E-003
961 -4.832015346118611E-005 9.042952935723109E-005
962 3.175182571725746E-003 -5.942247402895241E-003
963 4.160168714596560E-004 -7.785615847096973E-004
964 -1.144892161457114E-003 2.142627223849980E-003
965 -7.598947979977164E-005 1.422118735137904E-004
966 -5.306953178487120E-004 9.931784839294256E-004
967 8.343545794952885E-005 -1.561467427221223E-004
968 -1.251069540682986E-003 2.341334704525919E-003
969 -1.966010726182360E-005 3.679324270659026E-005
970 -1.198426432634194E-003 2.242814831916727E-003
971 -1.409537633391478E-005 2.637904516879506E-005
972 1.946267200092485E-004 -3.642374251170531E-004
973 3.796368514752031E-004 -7.104777180883292E-004
974 3.194391078064434E-003 -5.978196018573484E-003
975 3.895331695561411E-004 -7.289982763157498E-004
976 -3.448706976113707E-003 6.454139258053946E-003
977 -1.930513884038000E-003 3.612891864646311E-003
978 -2.049912332428020E-005 3.836331273615484E-005
979 2.948324611672173E-003 -5.517690814731152E-003
980 -6.580581552414436E-005 1.231533675220982E-004
981 1.798212967561389E-003 -3.365295382829750E-003
982 7.466963137431610E-004 -1.397417155826748E-003
983 -2.216324158255692E-003 4.147776343818068E-003
984 -7.045133206475855E-005 1.318473066788491E-004
985 -1.294741445239355E-004 2.423065847931290E-004
986 1.880371735333620E-003 -3.519052759980306E-003
987 -2.990197959749729E-004 5.596055357985968E-004
988 -2.498496078091940E-003 4.675851871301472E-003
989 -2.534192213896573E-004 4.742656015137553E-004
990 -4.168469286162027E-003 7.801150534369746E-003
991 -9.524834889656385E-005 1.782539855447249E-004
992 9.834159940946899E-004 -1.840429992711028E-003
993 -3.757698655513899E-005 7.032382846128441E-005
994 4.846362252858298E-005 -9.069816009102777E-005
995 5.471158406028506E-004 -1.023908695390792E-003
996 -2.921196522113400E-003 5.466921241898326E-003
997 5.355599869137893E-003 -1.002282567287265E-002
998 -4.591793638541429E-004 8.593388538883440E-004
999 -1.481010707608441E-004 2.771661427167658E-004
1000 -7.436259535029840E-005 1.391671157206938E-004
1001 -8.128187397145116E-004 1.521163066027800E-003
1002 -5.627088840028386E-004 1.053090921597577E-003
1003 8.344320341571646E-005 -1.561611563222722E-004
1004 2.391161768203344E-003 -4.474979031365124E-003
1005 -1.701307496301923E-003 3.183939919847755E-003
1006 -2.692378421997958E-003 5.038695930425256E-003
1007 7.213265719643382E-004 -1.349938532026860E-003
1008 1.839478575769622E-004 -3.442522701698640E-004
1009 -2.414740512429376E-004 4.519105810121646E-004
1010 3.563959522036176E-004 -6.669825884206558E-004
1011 -1.095953864872799E-003 2.051041240684111E-003
1012 -4.526577690173473E-005 8.471337448848470E-005
1013 -3.285561153241557E-005 6.148828718679940E-005
1014 -5.818030215240866E-004 1.088824760433410E-003
1015 2.249720123693540E-005 -4.210285255009012E-005
1016 -1.771104403844030E-003 3.314562530252192E-003
1017 1.191522665120614E-003 -2.229894806522629E-003
1018 2.212428734403265E-004 -4.140486314037833E-004
1019 6.103117296178983E-005 -1.142176706683146E-004
1020 -3.736083673885116E-007 6.991646858022829E-007
1021 -2.553504960182966E-005 4.778805518092194E-005
1022 1.123079936189235E-003 -2.101806669208925E-003
1023 -3.491050932848680E-004 6.533384713224139E-004
1024 5.067429454883753E-005 -9.483509495293119E-005
1025 2.085814329402672E-003 -3.903531447211610E-003
1026 -9.778178892817017E-005 1.829953227765154E-004
1027 -1.895648955498312E-003 3.547643448798842E-003
1028 4.271818216918065E-005 -7.994570076406651E-005
1029 5.574179055816620E-004 -1.043188755384798E-003
1030 -5.133482741725289E-005 9.607145949879154E-005
1031 4.451113910970732E-003 -8.330110436178359E-003
1032 1.410643391732498E-003 -2.639971866128750E-003
1033 2.460920039309210E-003 -4.605529523065397E-003
1034 5.762302497054823E-005 -1.078397562627732E-004
1035 9.841155453673781E-005 -1.841739119709055E-004
1036 -1.048022766054943E-004 1.961339800734499E-004
1037 -1.573997851417850E-003 2.945684052529974E-003
1038 -2.824050294376170E-003 5.285115311572324E-003
1039 5.999496065211804E-005 -1.122785381813546E-004
1040 -1.208498711273507E-003 2.261664931169493E-003
1041 -8.559927940005556E-005 1.601960937976197E-004
1042 -9.974385723489790E-004 1.866672795157390E-003
1043 -2.035360965445972E-004 3.809109723693039E-004
1044 -3.039697831624818E-003 5.688692579121137E-003
1045 -9.036168986247419E-005 1.691087148705201E-004
1046 -6.659692004623159E-005 1.246337477678780E-004
1047 1.754058543741692E-003 -3.282661612519727E-003
1048 9.531137892200539E-004 -1.783720543894341E-003
1049 -3.697982272313794E-005 6.920639427953369E-005
1050 1.745299260791223E-005 -3.266272654659344E-005
1051 8.249912571349133E-004 -1.543943543980959E-003
1052 3.480311193555749E-005 -6.513291038565259E-005
1053 -2.285810503348188E-003 4.277817936959031E-003
1054 -2.035535507356938E-003 3.809436437165874E-003
1055 -1.000039453435511E-003 1.871540234623793E-003
1056 -7.017566123932488E-004 1.313314026198899E-003
1057 -5.527163585508140E-006 1.034391326702308E-005
1058 -2.653220880735410E-005 4.965406900899439E-005
1059 -2.083620927839624E-004 3.899427054753920E-004
1060 -6.786908221754275E-004 1.270147028590693E-003
1061 -4.265181860630363E-004 7.982144653146335E-004
1062 2.980390949773937E-005 -5.577704306054760E-005
1063 1.100196222069282E-003 -2.058980251154280E-003
1064 8.987197424537195E-006 -1.681924749285363E-005
1065 2.207450684357102E-005 -4.131158792426781E-005
1066 -3.874430539700928E-005 7.250854842612287E-005
1067 2.820778627014499E-004 -5.278992813274716E-004
1068 -1.166836684504227E-004 2.183695798082859E-004
1069 2.203562842727693E-006 -4.123889238551342E-006
1070 -6.412109027448061E-006 1.199999589582867E-005
1071 3.141005134521727E-004 -5.878285954895048E-004
1072 -1.125864863844339E-004 2.107018431728016E-004
1073 1.450686001583340E-003 -2.714910397220128E-003
1074 -6.431255464807460E-005 1.203588074514876E-004
1075 -7.345526067518778E-004 1.374690544696815E-003
1076 6.364068962553710E-005 -1.191012629539706E-004
1077 -5.897235184222995E-005 1.103646878516981E-004
1078 8.915168103958363E-005 -1.668444618369802E-004
1079 -9.130245694377453E-006 1.708705135130808E-005
1080 -1.800167728794744E-003 3.368953582703770E-003
1081 -1.978875832052709E-005 3.703415309346902E-005
1082 -8.413049424816716E-006 1.574481905867596E-005
1083 -2.533385485081118E-004 4.741145471348013E-004
1084 6.452611863691745E-005 -1.207583569476647E-004
1085 -4.551149021263118E-005 8.517309230452094E-005
1086 -1.403643021970806E-003 2.626870691945194E-003
1087 1.455450417472274E-003 -2.723826728062482E-003
1088 1.637197832308806E-004 -3.063961087788122E-004
1089 -6.884214435548280E-005 1.288361928212333E-004
1090 -9.429549605298693E-005 1.764708496578712E-004
1091 -3.732235344245931E-004 6.984753659048767E-004
1092 -3.872239532068909E-003 7.246766579561602E-003
1093 -5.935434636556236E-005 1.110796480939623E-004
1094 -3.280481557722565E-003 6.139311469624154E-003
1095 -2.088815331347202E-005 3.909145557363840E-005
1096 3.525245374267727E-005 -6.597375700456022E-005
1097 -9.132870730456337E-004 1.709186086715666E-003
1098 4.129101486743765E-004 -7.727476533232538E-004
1099 -4.309695164928959E-005 8.065452046615737E-005
1100 -2.196467120570319E-006 4.110371488148729E-006
1101 8.146157313981514E-004 -1.524525968564387E-003
1102 -1.197951798098216E-004 2.241925000286721E-004
1103 -2.061521955839334E-003 3.858069161002948E-003
1104 -3.068528128909227E-005 5.742634464683721E-005
1105 7.450539086417610E-004 -1.394343489999731E-003
1106 6.583961095717013E-005 -1.232167223963146E-004
1107 -2.754242335181748E-005 5.154484739957920E-005
1108 -9.500765412677142E-005 1.778037072259263E-004
1109 2.173910037188314E-004 -4.068399794966168E-004
1110 -1.530302343414795E-004 2.863910859811104E-004
1111 6.696732604515578E-004 -1.253271020826601E-003
1112 3.592020356424204E-005 -6.722320643635274E-005
1113 1.114960364151744E-003 -2.086610928184356E-003
1114 5.679362584984332E-004 -1.062873721224591E-003
1115 -2.617438210501056E-005 4.898442329632870E-005
1116 4.009080636130346E-004 -7.502860190704661E-004
1117 1.976089078453537E-005 -3.698172681099338E-005
1118 -4.178363444743517E-004 7.819667779900082E-004
1119 7.657423806041218E-006 -1.433054904316548E-005
1120 1.877433273289804E-003 -3.513553196266797E-003
1121 -1.117423335161181E-004 2.091220423209561E-004
1122 3.455988292633201E-005 -6.467770081950297E-005
1123 -5.943585263058404E-005 1.112323909241352E-004
1124 -3.212129438075153E-005 6.011379061349260E-005
1125 4.475181293265679E-004 -8.375150973689595E-004
1126 -2.343893107299224E-003 4.386517369279227E-003
1127 -1.047894470235787E-006 1.961275390424832E-006
1128 4.867940313051193E-004 -9.110185371941936E-004
1129 1.068568208545260E-003 -1.999789704919986E-003
1130 1.933389747637405E-004 -3.618271733576777E-004
1131 -4.789201231995833E-004 8.962830915989296E-004
1132 3.309252262215081E-005 -6.193161433094728E-005
1133 -9.439600254988448E-005 1.766588770303166E-004
1134 2.031718749359036E-003 -3.802293819213611E-003
1135 -1.137578819086575E-003 2.128940353836730E-003
1136 -7.307817234539722E-005 1.367633737606904E-004
1137 -3.144537381068274E-006 5.884715541450896E-006
1138 4.713680104133490E-005 -8.821512139150900E-005
1139 -9.785442431314414E-005 1.831312921588133E-004
1140 4.332955257967804E-007 -8.108746609850837E-007
1141 1.185491676073797E-003 -2.218608078450232E-003
1142 6.138723322369497E-005 -1.148841779120816E-004
1143 1.160224480265256E-003 -2.171321077317064E-003
1144 -2.311358692893792E-005 4.325622477408396E-005
1145 -2.725683815310268E-005 5.101038199574023E-005
1146 -1.395580033459148E-004 2.611779579207032E-004
1147 4.095502675465540E-004 -7.664595748986092E-004
1148 -2.824173263797244E-003 5.285345458922746E-003
1149 -1.959112439425381E-004 3.666411967579131E-004
1150 1.667184109869105E-003 -3.120078905844359E-003
1151 6.592314531198255E-005 -1.233729393037358E-004
1152 5.219195909000880E-004 -9.767551597900197E-004
1153 1.567698400726167E-005 -2.933901185759293E-005
1154 5.960096339245234E-005 -1.115410558438315E-004
1155 -3.076282587035781E-004 5.757161263354508E-004
1156 2.939669373713731E-006 -5.501628065483829E-006
1157 1.391887934859488E-004 -2.604871390093621E-004
1158 8.735923665128371E-005 -1.634896846555646E-004
1159 -7.682837052721121E-004 1.437817232612284E-003
1160 9.936549465068520E-006 -1.859602561768930E-005
1161 -6.056638834923113E-006 1.133480946944244E-005
1162 -7.840206444453574E-004 1.467268281003845E-003
1163 -3.383632339075517E-005 6.332347082813560E-005
1164 -7.028632801759773E-005 1.315383822842009E-004
1165 -2.087906077061875E-003 3.907446301419394E-003
1166 4.563661382091129E-004 -8.540738972796526E-004
1167 -2.372376618679943E-005 4.439834213373814E-005
1168 2.592652190689840E-004 -4.852064009095028E-004
1169 3.651759977679396E-005 -6.834155408414378E-005
1170 -5.666193539693317E-005 1.060409206429372E-004
1171 3.966632121340396E-004 -7.423420821219016E-004
1172 4.061445480365421E-004 -7.600859723217431E-004
1173 9.032052389091488E-004 -1.690318289097976E-003
1174 3.357804192499256E-004 -6.284017177158622E-004
1175 5.227066235346060E-004 -9.782278307957310E-004
1176 6.911001718131468E-006 -1.293377088412527E-005
1177 2.582943872303749E-004 -4.833893305304068E-004
1178 -1.778014190627171E-005 3.327509359478349E-005
1179 5.376574838606208E-005 -1.006208483845758E-004
1180 -3.984664673528603E-004 7.457168101893351E-004
1181 1.295245078684787E-003 -2.424007726703282E-003
1182 2.346810128362238E-004 -4.391975285469171E-004
1183 7.510062795311290E-004 -1.405482975353600E-003
1184 5.094566124185064E-004 -9.534310115804107E-004
1185 -1.281026858875677E-003 2.397398850353278E-003
1186 1.961405469540267E-004 -3.670705414939614E-004
1187 -3.003338971601426E-004 5.620646866910746E-004
1188 -2.062339773860220E-003 3.859599716097232E-003
1189 -1.530108308564173E-004 2.863547260316860E-004
1190 3.018698233631288E-003 -5.649392655770700E-003
1191 -1.287824690933609E-003 2.410120626997567E-003
1192 -1.951262219349643E-004 3.651721703834192E-004
1193 3.250110222893392E-005 -6.082464143436878E-005
1194 -5.480690613081734E-004 1.025693052470180E-003
1195 -2.796566540478834E-004 5.233680804074257E-004
1196 1.323855348504445E-004 -2.477550551616382E-004
1197 1.031769421121945E-004 -1.930922121360579E-004
1198 2.359165398465821E-003 -4.415098979902803E-003
1199 -5.030284279959391E-004 9.414008263995449E-004
1200 -6.534674308506970E-006 1.222946467756723E-005
1201 2.261442070011359E-004 -4.232211225364575E-004
1202 -1.170159217592498E-003 2.189913694430800E-003
1203 1.669870598227059E-004 -3.125105453601318E-004
1204 -2.753975581035777E-003 5.153972814064036E-003
1205 5.881334952302858E-004 -1.100672135684642E-003
1206 6.846485798971944E-004 -1.281296899530349E-003
1207 -9.024936112764075E-005 1.688986483634591E-004
1208 1.589165765769811E-004 -2.974069294419252E-004
1209 1.037119011372709E-003 -1.940933416843522E-003
1210 1.167098767835540E-005 -2.184186639227017E-005
1211 9.204256544834232E-006 -1.722547484015520E-005
1212 -2.587151067215000E-004 4.841766275356072E-004
1213 1.404992538389788E-004 -2.629396654314039E-004
1214 -7.227713805779758E-004 1.352642419828472E-003
1215 -2.426526599745442E-003 4.541163066393181E-003
1216 -2.213394776314836E-004 4.142294818812205E-004
1217 -1.779252644411218E-004 3.329813762146899E-004
1218 2.758790611716641E-004 -5.162984264932395E-004
1219 -8.944469439441493E-005 1.673928618365772E-004
1220 4.982990149419469E-004 -9.325497573771011E-004
1221 7.835337401506265E-005 -1.466357850793671E-004
1222 -1.375726408941414E-003 2.574625998829037E-003
1223 6.363650350653978E-004 -1.190935904027999E-003
1224 -4.714810593842300E-007 8.824790175961030E-007
1225 3.502491239995606E-005 -6.554803722475604E-005
1226 6.853394534813258E-006 -1.282596191472404E-005
1227 -2.897957705858278E-004 5.423429744049145E-004
1228 7.456713769577719E-005 -1.395497840265732E-004
1229 4.189611939811803E-005 -7.840720012427309E-005
1230 -3.700832361015042E-005 6.925989344741556E-005
1231 5.536725003726832E-004 -1.036179465503301E-003
1232 -4.248551499023870E-004 7.951021833954810E-004
1233 4.981751286828098E-005 -9.323182705093002E-005
1234 1.329978247949387E-003 -2.489009688108590E-003
1235 -1.058635354880942E-003 1.981200467839495E-003
1236 2.043546258461635E-005 -3.824454258918319E-005
1237 2.058248155888084E-004 -3.851942215498076E-004
1238 2.443711826549331E-004 -4.573324702568108E-004
1239 -1.501421460283903E-003 2.809859963813601E-003
1240 8.320900922631532E-005 -1.557229714867360E-004
1241 3.468660677438486E-004 -6.491481180553596E-004
1242 -3.576922173879478E-007 6.694582680979912E-007
1243 7.523371856374737E-005 -1.407972696149809E-004
1244 3.225751782734085E-004 -6.036884767048604E-004
