 # The norm of the isolated state is   3456000.00179336     
 # I think there should be     3456000 i.e.    100.000000051891      %
1 7.036957107754370E-003 -1.316942793409957E-002
2 -0.470715908990126 0.880929042926208
3 -2.855319699540890E-004 5.343628270488888E-004
4 -5.249082570306098E-005 9.823443123202163E-005
5 1.395392278600493E-002 -2.611429837398511E-002
6 1.807078637034620E-006 -3.381153339895110E-006
7 8.220414394085508E-006 -1.538380660331628E-005
8 -1.583858153976377E-004 2.964141109921256E-004
9 1.543787149079229E-005 -2.889084394758253E-005
10 3.230958458754194E-003 -6.046630935260415E-003
11 4.516833803917627E-006 -8.453116948399219E-006
12 1.786512159484711E-005 -3.343827971069572E-005
13 6.227691810563015E-004 -1.165491750411425E-003
14 1.270221728704529E-005 -2.377177980612174E-005
15 -6.604037711678882E-005 1.235923449128649E-004
16 -2.793888760812493E-004 5.228669064406305E-004
17 -4.502499845454403E-006 8.426302198425369E-006
18 3.332682939152046E-004 -6.237004608338052E-004
19 -2.095331999542834E-003 3.921343738556426E-003
20 7.115932600265729E-006 -1.331724750982108E-005
21 -7.262652247743613E-004 1.359181020661382E-003
22 2.001554989554920E-003 -3.745843342053943E-003
23 -1.006245505260803E-003 1.883154716835189E-003
24 1.717920894224695E-005 -3.215031946372198E-005
25 5.298279451538506E-005 -9.915509974851977E-005
26 3.951690533194903E-004 -7.395450950474089E-004
27 2.048551462707367E-004 -3.833796286239319E-004
28 4.531547902640223E-003 -8.480639794559175E-003
29 2.574206628304644E-003 -4.817541034789236E-003
30 -8.416571941798501E-004 1.575133294642777E-003
31 1.140190033580908E-003 -2.133827113530398E-003
32 -5.903722589788874E-004 1.104861994047915E-003
33 -1.148395478982440E-004 2.149183402923846E-004
34 -4.804826141074892E-003 8.992071582453593E-003
35 -8.544920979609558E-005 1.599153877577282E-004
36 -9.272223883983708E-005 1.735267259883613E-004
37 -1.157998940684729E-004 2.167156322492940E-004
38 4.212742099893050E-004 -7.884004160611508E-004
39 -3.753400318247700E-003 7.024362796261762E-003
40 -5.042366078117659E-005 9.436614920999409E-005
41 5.765089934956471E-003 -1.078917291593934E-002
42 -8.292469658220397E-005 1.551896021407759E-004
43 1.577125456194515E-005 -2.951555003474932E-005
44 -1.966557609902931E-004 3.680347072241947E-004
45 -5.148695121085295E-006 9.635616451437844E-006
46 6.817695709578848E-005 -1.275913898916215E-004
47 -1.453695582786908E-003 2.720542175900149E-003
48 1.859009969978446E-005 -3.479075861543745E-005
49 1.772405142950796E-007 -3.315431986288559E-007
50 4.185123395209423E-005 -7.832304849770860E-005
51 -1.143527026022653E-003 2.140072296909649E-003
52 2.067736800676139E-005 -3.869720491536288E-005
53 9.752282641169634E-004 -1.825106882002156E-003
54 -3.308520707157845E-005 6.191766760842808E-005
55 -1.686702730006103E-005 3.156603989968561E-005
56 1.282964676373990E-004 -2.401025401394517E-004
57 7.277926543905055E-006 -1.362010076284024E-005
58 1.454768833179878E-005 -2.722551899276763E-005
59 -1.258630883341013E-004 2.355485906308951E-004
60 6.536815552817626E-005 -1.223342768083675E-004
61 1.345519296382873E-005 -2.518075373686508E-005
62 -6.532521504161159E-005 1.222539448839297E-004
63 -7.639301176108347E-006 1.429682995378196E-005
64 2.517656617368363E-005 -4.711710783424060E-005
65 -6.294528975189906E-005 1.178000294594299E-004
66 4.732365646368168E-007 -8.856444422657094E-007
67 8.985489255711307E-005 -1.681604356229553E-004
68 1.706450561119636E-004 -3.193565070979087E-004
69 4.558688552709731E-007 -8.531496024743080E-007
70 2.767384220755142E-005 -5.179092494534365E-005
71 1.862223734310925E-004 -3.485090282729126E-004
72 1.891183208820768E-004 -3.539286017471392E-004
73 -1.861862903802556E-005 3.484409952364296E-005
74 -7.110507306424930E-006 1.330686073863434E-005
75 3.300412443126978E-005 -6.176612391250792E-005
76 1.379235555736484E-006 -2.581165810064913E-006
77 5.470718523081157E-005 -1.023826578497119E-004
78 -8.456374599183768E-006 1.582584248241313E-005
79 -1.027011401753375E-004 1.922017154832203E-004
80 1.777887377442698E-004 -3.327256523556693E-004
81 1.006920075558555E-005 -1.884425210805679E-005
82 1.246221451171883E-005 -2.332224428792683E-005
83 1.364699026529200E-004 -2.553988582968368E-004
84 -2.059070310614164E-006 3.853409380769950E-006
85 -2.200468564390487E-005 4.118101973052074E-005
86 -1.347000822688021E-005 2.520870199203576E-005
87 5.156879540704977E-006 -9.650904430951621E-006
88 9.465513504806077E-005 -1.771438864348956E-004
89 -1.566667027180111E-005 2.931966697920812E-005
90 4.264932719935421E-006 -7.981819895491306E-006
91 -7.351844044602414E-006 1.375853802690683E-005
92 -2.348950715190916E-006 4.395980338848509E-006
93 -7.346404362648433E-005 1.374855154839317E-004
94 1.030933338643578E-004 -1.929356892782786E-004
95 3.643116344033738E-007 -6.820576189091575E-007
96 -7.012996660563684E-006 1.312493059946136E-005
97 -2.276090552046000E-004 4.259626850487024E-004
98 1.445817782287576E-004 -2.705799011835793E-004
99 1.997459276516119E-004 -3.738178150906548E-004
100 -3.890437863647330E-005 7.280827952085659E-005
101 6.974528935486352E-005 -1.305259896426301E-004
102 2.596149745539698E-005 -4.858627516347283E-005
103 -1.380930966554620E-006 2.584415108072704E-006
104 2.056667952537676E-004 -3.848985194858472E-004
105 -1.311606578416646E-006 2.454629288990174E-006
106 6.395369949150617E-006 -1.196847097419832E-005
107 -2.477113299930587E-004 4.635834446845970E-004
108 4.416278388498739E-004 -8.264917087161861E-004
109 -3.967550634050777E-007 7.426676466060621E-007
110 -2.205216095640866E-004 4.126987784532396E-004
111 5.940030264421343E-005 -1.111656770751357E-004
112 4.818985806425632E-006 -9.018500324385555E-006
113 2.584025406937958E-006 -4.836153318785658E-006
114 3.217829602759826E-005 -6.022058748392684E-005
115 2.498718745106097E-004 -4.676268233410398E-004
116 -1.771773671827663E-006 3.315831120646950E-006
117 -1.285263803284058E-004 2.405327985239716E-004
118 6.981235694001667E-006 -1.306522437460066E-005
119 4.056094869295417E-004 -7.590845352110502E-004
120 -6.808168501996791E-004 1.274125882604003E-003
121 1.913320740372999E-005 -3.580742600564893E-005
122 4.101803284539910E-004 -7.676387734623566E-004
123 -3.731984386366854E-005 6.984284168325864E-005
124 -3.334432447751761E-004 6.240278745052562E-004
125 2.562592741833680E-006 -4.795653545118811E-006
126 2.144870843265596E-006 -4.014048881454893E-006
127 3.917526785010568E-004 -7.331519983699306E-004
128 -2.190718995869934E-005 4.099854826681139E-005
129 -2.883963308912802E-006 5.397286109868361E-006
130 2.287931545224618E-004 -4.281787094101948E-004
131 -6.148567127862674E-006 1.150682117542474E-005
132 -5.368096975597474E-006 1.004621296103417E-005
133 7.943115803742563E-004 -1.486527512153003E-003
134 4.502925162975107E-006 -8.427066218281171E-006
135 -9.180217627697186E-004 1.718046945332569E-003
136 -3.439997715958985E-006 6.437825069582607E-006
137 -6.961953883553424E-006 1.302905329475351E-005
138 -1.019236697643727E-004 1.907467391807456E-004
139 -1.807307974690438E-004 3.382316472891637E-004
140 5.837777069084591E-006 -1.092520730652315E-005
141 4.895522226977475E-004 -9.161805268674414E-004
142 1.992940352128965E-006 -3.729766261141709E-006
143 4.928151576817537E-004 -9.222870247716339E-004
144 1.431166414456847E-005 -2.678360727465878E-005
145 2.836825236853055E-006 -5.309004775239388E-006
146 6.054360289239525E-005 -1.133052902468670E-004
147 -2.870175812899515E-006 5.371484706991225E-006
148 -6.878837833740277E-004 1.287351389144582E-003
149 3.614368682792426E-006 -6.763721830024598E-006
150 -4.240435992968708E-004 7.935833160726248E-004
151 -4.338762091239252E-004 8.119847851155993E-004
152 6.722595806791556E-005 -1.258110884768385E-004
153 2.996014478433059E-005 -5.606941487780470E-005
154 -5.949033305327685E-004 1.113341629852986E-003
155 2.653638438805302E-006 -4.966243527740439E-006
156 -3.325385000719692E-004 6.223346654931780E-004
157 2.583383050334247E-004 -4.834714700528827E-004
158 1.780861923362019E-006 -3.332877017505597E-006
159 3.015815813962910E-007 -5.643150007658653E-007
160 -3.228947987319562E-005 6.042869992975096E-005
161 -7.229328273230168E-004 1.352944487820804E-003
162 -1.196355458813371E-004 2.238939096469411E-004
163 3.884933813701646E-005 -7.270514332003432E-005
164 2.288913174208185E-004 -4.283624650549069E-004
165 -6.229089412161582E-004 1.165753178171098E-003
166 1.551022428214641E-004 -2.902685923907851E-004
167 5.240513945200029E-006 -9.807393649590182E-006
168 1.373539163596780E-003 -2.570532425095381E-003
169 -4.756442936642012E-004 8.901523454390916E-004
170 -7.407197788786753E-006 1.386233117051034E-005
171 5.482925811797657E-004 -1.026111189582195E-003
172 -4.846300668337559E-004 9.069689145943060E-004
173 5.410688966124460E-007 -1.012607548314084E-006
174 -3.500156476140784E-005 6.550424707885540E-005
175 5.373406373321989E-004 -1.005614970402803E-003
176 2.213242835202637E-005 -4.142007729607924E-005
177 5.400746579793209E-005 -1.010731457826920E-004
178 2.380346983327310E-005 -4.454741113748629E-005
179 1.421241440871676E-005 -2.659806691022362E-005
180 -3.853698548610942E-004 7.212067266401685E-004
181 -1.833216339745522E-005 3.430804998064303E-005
182 1.080576213049761E-004 -2.022262176662598E-004
183 -1.785852686490933E-003 3.342163335935211E-003
184 4.441815817191126E-005 -8.312709188149802E-005
185 -8.837370579126242E-004 1.653884284995037E-003
186 -7.663782686011908E-006 1.434254666655067E-005
187 5.509505664663266E-006 -1.031087735094000E-005
188 -7.137177409748722E-004 1.335698873210080E-003
189 -2.899406630695498E-005 5.426146548286313E-005
190 6.647648100385372E-004 -1.244085074604890E-003
191 3.697867121867766E-005 -6.920435361586804E-005
192 1.348401623650378E-004 -2.523488599834308E-004
193 -6.765336717873512E-006 1.266108806127156E-005
194 7.359615227321302E-004 -1.377327248424211E-003
195 5.403099846722721E-004 -1.011172059920806E-003
196 -6.764285301868469E-005 1.265914187661001E-004
197 -8.868752094119412E-006 1.659748143619069E-005
198 5.908319040410937E-006 -1.105721626830739E-005
199 -3.826487698250376E-004 7.161143275511482E-004
200 2.054519368116847E-005 -3.845003062579224E-005
201 1.098971587518156E-003 -2.056688380659020E-003
202 5.596676868140753E-004 -1.047399288393092E-003
203 1.675334856959772E-004 -3.135333007660604E-004
204 1.107129018865094E-005 -2.071963623401171E-005
205 -5.401674854785299E-004 1.010905350764452E-003
206 1.118742958809348E-005 -2.093698898158585E-005
207 6.576377384376481E-004 -1.230746980894892E-003
208 2.747607376830533E-005 -5.142055069941626E-005
209 -3.795126480582942E-005 7.102459047445689E-005
210 6.307608894285734E-004 -1.180447826308101E-003
211 8.135054557941109E-006 -1.522449226499167E-005
212 -4.626497506168718E-004 8.658334884929347E-004
213 -2.259376629718144E-005 4.228344474473967E-005
214 -3.558057264276966E-004 6.658784776362215E-004
215 1.594297776628127E-004 -2.983674999670529E-004
216 9.845479693881797E-004 -1.842548621223463E-003
217 1.179864611205678E-004 -2.208076813703862E-004
218 -1.014241943769770E-004 1.898123255413390E-004
219 -1.015126937952218E-003 1.899775999393027E-003
220 -1.014978760045330E-003 1.899498771809435E-003
221 -4.905502813196598E-005 9.180485557849293E-005
222 -4.155637371706602E-004 7.777135171819881E-004
223 -1.721187330949683E-003 3.221144420354476E-003
224 4.021375905049167E-005 -7.525868182473853E-005
225 -6.451680377248509E-004 1.207410358202851E-003
226 1.113434830824451E-003 -2.083756031717699E-003
227 -9.929949640562149E-004 1.858356827383617E-003
228 -2.299728249373039E-005 4.303860484099096E-005
229 -1.179608256233276E-003 2.207597364933264E-003
230 -5.377319417902821E-005 1.006346929419046E-004
231 9.311827544243560E-004 -1.742677403036860E-003
232 -1.219698578723265E-003 2.282624831014879E-003
233 -2.307821533292449E-005 4.319008608905591E-005
234 -7.036563574184846E-005 1.316869403120357E-004
235 -8.576466568081297E-004 1.605056907394505E-003
236 1.945976542709239E-005 -3.641825337388404E-005
237 8.526661142799189E-004 -1.595736067104169E-003
238 -1.447431581562672E-004 2.708819523561929E-004
239 -7.528202046094685E-004 1.408877798371665E-003
240 3.945927323563988E-005 -7.384670423889789E-005
241 -6.471040847217900E-005 1.211033538211171E-004
242 -1.616518018078317E-005 3.025260328487339E-005
243 1.055021803910683E-003 -1.974437946002065E-003
244 -2.204846914791070E-004 4.126297135312909E-004
245 -5.807557411922753E-004 1.086864918321914E-003
246 -1.996766762247072E-003 3.736882564837100E-003
247 -8.192426572338884E-007 1.533167892514130E-006
248 -1.383045711756358E-003 2.588323661416464E-003
249 -3.979786139766890E-005 7.448037554797209E-005
250 -2.161494045033318E-005 4.045165025648038E-005
251 8.579074126732498E-005 -1.605544501765237E-004
252 2.914259305868809E-005 -5.453937283558694E-005
253 -1.425225477310269E-003 2.667261910824938E-003
254 7.239986791935610E-005 -1.354939215200221E-004
255 -5.887874445509404E-005 1.101895978340379E-004
256 -1.335560428202195E-005 2.499456059301176E-005
257 1.588008459266494E-004 -2.971904943353941E-004
258 -1.358433263303597E-003 2.542262550055881E-003
259 5.948341085602443E-006 -1.113209396759391E-005
260 1.135062791742166E-003 -2.124231952655985E-003
261 1.198238056640107E-005 -2.242457205421242E-005
262 -2.186815482162273E-004 4.092552786650143E-004
263 -4.587732755672032E-004 8.585787778401061E-004
264 1.410402614147340E-003 -2.639521191674765E-003
265 -4.589091647871786E-005 8.588329903364277E-005
266 -2.020263366111928E-004 3.780855275017845E-004
267 -6.458373418832673E-004 1.208663055884557E-003
268 -1.488832306283542E-003 2.786299634988124E-003
269 6.261439410380099E-004 -1.171807402879781E-003
270 3.397510080360789E-004 -6.358324952920805E-004
271 1.000178285565423E-004 -1.871800204340027E-004
272 1.249446550968001E-005 -2.338296330865916E-005
273 1.878716918835237E-003 -3.515955993499381E-003
274 -6.221614462234116E-006 1.164354785726104E-005
275 1.075634950070722E-003 -2.013014700800287E-003
276 2.201205951506645E-004 -4.119483083525411E-004
277 -7.397871232376860E-005 1.384486908736011E-004
278 -3.504792553787609E-004 6.559101606048596E-004
279 5.764257669012029E-005 -1.078761315925338E-004
280 -8.122750519929176E-004 1.520145632610510E-003
281 2.611609886327383E-003 -4.887540039229853E-003
282 -2.854058545940212E-004 5.341274718891328E-004
283 1.563956920941141E-003 -2.926892823992253E-003
284 -2.203122399604238E-005 4.123068974418565E-005
285 -7.163959780010395E-006 1.340710308299088E-005
286 5.358571731836175E-005 -1.002838619907758E-004
287 -2.793485250071712E-004 5.227913849556489E-004
288 -1.229416151162517E-004 2.300811049479886E-004
289 5.992105131858313E-005 -1.121402093725220E-004
290 3.107204385547942E-004 -5.815029348922787E-004
291 2.549892881098599E-005 -4.772041324225149E-005
292 4.929409027001371E-004 -9.225223891803587E-004
293 -3.595465025209073E-005 6.728791794537101E-005
294 -2.509158560962562E-005 4.695804545152554E-005
295 6.418682818604444E-005 -1.201234833971390E-004
296 4.585046629643900E-004 -8.580759755484369E-004
297 2.581691593098187E-004 -4.831548880610932E-004
298 -5.608978551849484E-006 1.049697090986094E-005
299 4.910361197677956E-004 -9.189576413747727E-004
300 -2.377900315242481E-004 4.450160929772461E-004
301 1.685965094986226E-005 -3.155221434489916E-005
302 9.205732207690012E-005 -1.722821952565663E-004
303 -1.333029407971804E-003 2.494719939739809E-003
304 3.495717848750289E-005 -6.542112325713850E-005
305 4.839499809410037E-005 -9.056970090039327E-005
306 -1.200331079060924E-004 2.246379021157425E-004
307 7.039187157026629E-005 -1.317360546682711E-004
308 4.547355201943895E-004 -8.510222890522266E-004
309 -2.160552974459220E-004 4.043402535502745E-004
310 8.881225363667665E-004 -1.662091369126471E-003
311 -4.846397605889574E-004 9.069870288485691E-004
312 7.455604375537025E-005 -1.395291070845487E-004
313 1.628624852144507E-003 -3.047916699038816E-003
314 -2.118751387111647E-005 3.965172906070327E-005
315 -1.388575962682474E-004 2.598673618838125E-004
316 -4.234160672680094E-004 7.924089715311941E-004
317 -1.236183974862556E-003 2.313476587751957E-003
318 -1.669540479735709E-004 3.124488811291141E-004
319 4.125882555759277E-004 -7.721451699335683E-004
320 2.501117210930186E-003 -4.680756830121108E-003
321 -4.730204232902147E-006 8.852419882737921E-006
322 -2.650295018059218E-005 4.959934685658002E-005
323 4.810141090680999E-004 -9.002018248268139E-004
324 -1.746580145479396E-005 3.268668806240055E-005
325 -1.678438971506420E-006 3.141191721566274E-006
326 -5.903656507601972E-005 1.104849284389806E-004
327 -1.076751482277023E-006 2.015111618901985E-006
328 1.028664817604910E-004 -1.925111820209626E-004
329 3.560467627895668E-004 -6.663296246199565E-004
330 -4.484038833078447E-004 8.391727959953371E-004
331 -8.223530950113846E-005 1.539006106722675E-004
332 9.855807892707148E-004 -1.844481498013044E-003
333 2.071226131692689E-003 -3.876230549886759E-003
334 1.383731255057091E-004 -2.589606145458042E-004
335 1.656639306397048E-006 -3.100396480974857E-006
336 -6.923737592751466E-004 1.295754297533152E-003
337 -3.449865214900753E-005 6.456304447875225E-005
338 -1.849713864962083E-004 3.461677660322722E-004
339 -2.036817356140452E-005 3.811834107843697E-005
340 6.773266455844154E-004 -1.267594127768111E-003
341 1.482241960584149E-004 -2.773966433551458E-004
342 -2.179138020988628E-004 4.078183705740029E-004
343 1.384368227827348E-003 -2.590798872958655E-003
344 1.358153097266027E-003 -2.541737920025231E-003
345 -3.042164893076426E-004 5.693309689055248E-004
346 -2.447253543209483E-005 4.579955072187760E-005
347 3.602750681956825E-005 -6.742427617955470E-005
348 3.489405593472605E-004 -6.530305432909561E-004
349 2.158050687912824E-007 -4.038693330686323E-007
350 1.061679113615123E-004 -1.986896767642454E-004
351 5.532380756446946E-005 -1.035366439783720E-004
352 -5.782645013597631E-005 1.082202472661548E-004
353 5.449172592535188E-006 -1.019792019419677E-005
354 -1.454344265927996E-004 2.721756676849466E-004
355 4.418157075874525E-004 -8.268432347369395E-004
356 -3.730319224325115E-005 6.981168003632273E-005
357 1.846681463935012E-004 -3.456001829574405E-004
358 3.379290466283239E-006 -6.324220732310675E-006
359 -2.336177844427070E-004 4.372078717123625E-004
360 -8.112330596415016E-006 1.518197179103980E-005
361 -2.984225548371298E-005 5.584873264976359E-005
362 -3.142245198949997E-004 5.880606876263215E-004
363 1.414309991078745E-004 -2.646833106368544E-004
364 3.488817300179351E-004 -6.529204293691505E-004
365 -1.496754963392374E-005 2.801126648212153E-005
366 7.450286443834999E-005 -1.394296074808251E-004
367 1.832421935045093E-005 -3.429315740805154E-005
368 -2.081971021746296E-004 3.896339228738582E-004
369 3.509443028322059E-006 -6.567771574092018E-006
370 -2.125189624979248E-005 3.977222881222511E-005
371 1.043260205853043E-005 -1.952427846290299E-005
372 2.980658568657019E-004 -5.578202694519154E-004
373 9.174396758485560E-004 -1.716957727899133E-003
374 3.352383314266401E-006 -6.273847599980379E-006
375 4.986103865002731E-004 -9.331325322056422E-004
376 -1.329538951323202E-004 2.488186859734869E-004
377 -1.087983116146031E-004 2.036124284802265E-004
378 4.546893608195368E-004 -8.509357867740435E-004
379 2.367521978503077E-005 -4.430736619902420E-005
380 2.068345150661766E-004 -3.870838595233607E-004
381 -1.852713101573500E-004 3.467290770390351E-004
382 8.885220487282827E-006 -1.662837798570729E-005
383 1.475774460200548E-004 -2.761862061385774E-004
384 2.930976028946536E-006 -5.485233120787818E-006
385 -2.561509060467854E-004 4.793777894961320E-004
386 -6.143563870156310E-006 1.149751076840767E-005
387 -1.612923395211030E-004 3.018532328579688E-004
388 1.312815857213670E-005 -2.456888436492495E-005
389 -1.644183217071952E-005 3.077032626788049E-005
390 -2.595288689459708E-004 4.856995534844910E-004
391 -3.200123238383670E-005 5.988922937104848E-005
392 -3.163320881551807E-004 5.920050432504998E-004
393 2.346186571983008E-005 -4.390812406722581E-005
394 -2.298650108676136E-004 4.301846764529374E-004
395 -5.732203163183308E-005 1.072762300133327E-004
396 -1.034514508135416E-005 1.936063546756216E-005
397 7.893550015448090E-006 -1.477252709948453E-005
398 2.605130829542815E-004 -4.875414605374150E-004
399 -2.559382944988872E-004 4.789799405404929E-004
400 5.801978487812803E-005 -1.085820904949485E-004
401 -5.838495900562642E-006 1.092648894430667E-005
402 -4.528364634861583E-006 8.474672661545795E-006
403 -1.108504945088224E-005 2.074522436555191E-005
404 1.878106986763359E-004 -3.514814305764537E-004
405 8.628883200525145E-006 -1.614862967833822E-005
406 -3.773463442021687E-004 7.061909344994677E-004
407 -4.224631877420048E-004 7.906255418766283E-004
408 -1.471494765816490E-005 2.753847890974791E-005
409 -1.090165276977423E-006 2.040223205376173E-006
410 3.383367193910127E-006 -6.331824653373789E-006
411 -7.934880122705659E-006 1.484983679149293E-005
412 -1.353559232770261E-006 2.533118341239241E-006
413 -7.727936542964363E-005 1.446257457102803E-004
414 -7.441220528959579E-006 1.392600460589313E-005
415 2.372629856693029E-004 -4.440297700775315E-004
416 3.393867955385471E-006 -6.351517302304232E-006
417 5.264942618492393E-006 -9.853177210075954E-006
418 -9.586756009739668E-005 1.794129200448811E-004
419 7.469578903992661E-005 -1.397906504137891E-004
420 -6.694624958227984E-006 1.252877848319355E-005
421 -7.321122682111734E-005 1.370123480180124E-004
422 -3.644987061936624E-006 6.821465268683044E-006
423 -2.583636689031801E-004 4.835188262860561E-004
424 1.033159555371704E-006 -1.933560790994697E-006
425 -9.362891947367125E-008 1.751930640517957E-007
426 5.348002870273510E-006 -1.000858625118386E-005
427 1.282641780340618E-004 -2.400421861890584E-004
428 -1.780299752842363E-007 3.331660757450155E-007
429 -2.605147089035086E-006 4.875462394345190E-006
430 3.741663815457118E-005 -7.002400630990325E-005
431 -1.256619255580538E-004 2.351720429590807E-004
432 2.863942758464393E-005 -5.359773280560406E-005
433 -9.090001438377826E-006 1.701165390838949E-005
434 -9.496344716192538E-006 1.777209794852828E-005
435 1.347743019262244E-004 -2.522255759022442E-004
436 -5.067770194628798E-006 9.484155937953645E-006
437 2.138262488505339E-005 -4.001685591229019E-005
438 -1.812140214497875E-004 3.391359636816962E-004
439 2.166724766681586E-006 -4.055025279590608E-006
440 5.667429661205360E-005 -1.060640321249859E-004
441 2.845035175393711E-005 -5.324386765137493E-005
442 9.837303470498235E-005 -1.841018185529854E-004
443 -1.142051874403950E-006 2.137326085309257E-006
444 6.533891664536294E-005 -1.222795483679660E-004
445 -3.380696060693986E-005 6.326857460856294E-005
446 8.771290312150098E-007 -1.641482653020503E-006
447 1.250859749911555E-005 -2.340944975629730E-005
448 1.710363748269117E-004 -3.200888171443955E-004
449 9.853918287257505E-005 -1.844127978236698E-004
450 -6.436865472388707E-006 1.204641261169790E-005
451 4.730616380486392E-005 -8.853189744396488E-005
452 -1.986859612745323E-006 3.718342854803739E-006
453 -1.256505740189653E-005 2.351508294986328E-005
454 5.961264729515720E-005 -1.115630976118558E-004
455 -1.281260658334456E-005 2.397839284746048E-005
456 6.625508369871161E-005 -1.239942103229219E-004
457 -1.266775530366202E-004 2.370727942590959E-004
458 -3.337681577946144E-005 6.246360468038298E-005
459 -1.296957634763059E-004 2.427212922249094E-004
460 1.623825768033167E-004 -3.038934785268817E-004
461 5.375863981520094E-006 -1.006074101198335E-005
462 1.598273335240213E-004 -2.991114695042335E-004
463 -5.724822470722905E-006 1.071381128525226E-005
464 -1.227170527204613E-004 2.296609067630653E-004
465 1.565232827746896E-004 -2.929279126778312E-004
466 5.579193269533656E-006 -1.044125988683598E-005
467 2.194136893712586E-006 -4.106301174563496E-006
468 1.700531672049700E-004 -3.182488099619756E-004
469 -5.591498057141655E-005 1.046430474687465E-004
470 2.166773791194300E-004 -4.055043380897153E-004
471 7.987082407630690E-006 -1.494753578824877E-005
472 1.336981069626774E-005 -2.502113059477385E-005
473 -1.248441809155144E-004 2.336416883728626E-004
474 3.921613133409178E-006 -7.339286881824799E-006
475 1.740612851169167E-005 -3.257496393801719E-005
476 2.704428807051679E-006 -5.061258317683648E-006
477 2.531838774199590E-006 -4.738218331553831E-006
478 2.669895388382646E-006 -4.996592875798550E-006
479 6.600860419987182E-005 -1.235328855252503E-004
480 5.721156944497297E-007 -1.070754549191188E-006
481 -3.139065000119641E-007 5.875100941421786E-007
482 -2.574026535137296E-006 4.817184392022755E-006
483 8.301268080428180E-005 -1.553554342095703E-004
484 1.566224191372545E-005 -2.931135181495598E-005
485 -1.117920812349657E-005 2.092154128639773E-005
486 1.514032667224215E-004 -2.833459458555803E-004
487 6.557922771810796E-006 -1.227295588177163E-005
488 8.492070366272489E-006 -1.589265106707133E-005
489 -1.187964618489355E-004 2.223235985931460E-004
490 1.176073825406581E-005 -2.200984763048357E-005
491 1.040301535252856E-004 -1.946889394509106E-004
492 8.420734344149579E-007 -1.575890753031881E-006
493 -1.173699710736635E-004 2.196538801078814E-004
494 3.134360928039204E-005 -5.865850508596924E-005
495 -1.985336249403464E-006 3.715466499003430E-006
496 -5.021294720745962E-006 9.397178809516127E-006
497 -6.827764802684312E-005 1.277793033803760E-004
498 2.403607820697072E-004 -4.498272268907839E-004
499 -4.606327539833123E-006 8.620634730496038E-006
500 -3.002865153909640E-006 5.619757973244835E-006
501 -5.986403633782708E-006 1.120338172699762E-005
502 -9.781162446248619E-006 1.830512322969464E-005
503 1.928635164547529E-006 -3.609383248479021E-006
504 2.326467317647744E-005 -4.353906647503045E-005
505 1.015826153352333E-006 -1.901098648075531E-006
506 5.771687657304137E-005 -1.080152297466832E-004
507 7.680753796699538E-005 -1.437427008326357E-004
508 8.341355429146491E-005 -1.561056867280641E-004
509 -2.417225495342635E-006 4.523809636199386E-006
510 -2.670286180729407E-006 4.997521286243518E-006
511 -6.956130882125694E-006 1.301813376804397E-005
512 -1.286532996082413E-004 2.407703287064924E-004
513 -1.517110944628739E-006 2.839247750884133E-006
514 4.566148073880579E-007 -8.545465402440873E-007
515 -5.364348317039745E-005 1.003919544092839E-004
516 -2.638092919244904E-005 4.937102154048429E-005
517 1.188960710185998E-006 -2.225125238122074E-006
518 1.104018728392942E-006 -2.066217151161547E-006
519 2.886095297476258E-004 -5.401230542771382E-004
520 -2.892827647125742E-006 5.413857833567878E-006
521 -1.407962438378095E-005 2.634946955338290E-005
522 6.713618028828417E-005 -1.256431711553788E-004
523 -2.319592576772542E-006 4.341079418282255E-006
524 9.933535486658539E-006 -1.859026490914100E-005
525 2.624856131551346E-006 -4.912305328941504E-006
526 2.855373392882423E-005 -5.343735154444692E-005
527 -1.699188019505040E-004 3.179972999616350E-004
528 9.227762380536449E-006 -1.726944414258190E-005
529 -1.005039079063515E-004 1.880896542991561E-004
530 9.218780008604677E-006 -1.725264218435726E-005
531 -3.464947760667421E-007 6.484616487763920E-007
532 -3.497913442240081E-006 6.546200834395077E-006
533 -3.484517665208042E-006 6.521198058510189E-006
534 1.142408511178955E-006 -2.137987772526542E-006
535 -2.267312909186934E-005 4.243204262468619E-005
536 5.157594366752811E-006 -9.652249485915854E-006
537 5.605575556857259E-006 -1.049062477138762E-005
538 -1.712640558460050E-004 3.205149613292973E-004
539 1.195378441727434E-005 -2.237115317886954E-005
540 7.176485475125136E-005 -1.343055041076738E-004
541 8.506772071958049E-006 -1.592012958784288E-005
542 -6.576297026903529E-007 1.230705370029444E-006
543 -1.156148035971279E-004 2.163692181209429E-004
544 -4.316435015203094E-006 8.078045368734358E-006
545 -4.652734762024359E-008 8.705076314115687E-008
546 5.758226965583911E-005 -1.077632758505478E-004
547 -3.321609947091914E-006 6.216333454723039E-006
548 -3.416648448577969E-005 6.394144485883196E-005
549 1.181226953036628E-004 -2.210626650026779E-004
550 1.377349471357498E-006 -2.577630717285274E-006
551 -4.306455954244951E-005 8.059373478798239E-005
552 -8.929732902370125E-005 1.671169352274128E-004
553 2.597149325973440E-005 -4.860480220902158E-005
554 -9.781161157300448E-005 1.830512004535355E-004
555 -4.948657884563768E-007 9.260042978864836E-007
556 4.621862359652441E-006 -8.649618808115414E-006
557 -1.919090046410966E-006 3.591400202979156E-006
558 1.415858834920007E-004 -2.649732543359293E-004
559 -5.415712006766276E-005 1.013531950618306E-004
560 -3.461304245159488E-005 6.477716945032032E-005
561 -7.282739985022034E-005 1.362940048677145E-004
562 1.445522222444897E-006 -2.705416362226524E-006
563 -6.878230733190257E-005 1.287237183045256E-004
564 2.085319822569341E-007 -3.902891195921831E-007
565 -1.247553711291601E-004 2.334754930345904E-004
566 2.898659178855900E-005 -5.424740556160336E-005
567 -1.678421298243650E-004 3.141109267933978E-004
568 5.877217686683644E-005 -1.099901661664364E-004
569 -1.708943100052062E-005 3.198224488231762E-005
570 5.215562179955276E-005 -9.760748414644371E-005
571 2.122174071070965E-005 -3.971578994538285E-005
572 -4.649180370531850E-005 8.700785335554483E-005
573 2.801618596024594E-007 -5.242503103687024E-007
574 1.485443669797708E-005 -2.779955595871881E-005
575 1.058879948148667E-006 -1.981539859904223E-006
576 1.265877561661619E-004 -2.369047309467695E-004
577 -5.672009760205834E-005 1.061498192188920E-004
578 3.796512377282058E-005 -7.105048100127969E-005
579 1.829737870619860E-004 -3.424293126420922E-004
580 6.850786055602194E-006 -1.282107313537182E-005
581 -4.878087568014214E-005 9.129176014478310E-005
582 5.405645448161716E-006 -1.011650446610979E-005
583 2.629426312513643E-004 -4.920883631801875E-004
584 2.787756370152943E-005 -5.217194522314906E-005
585 3.251454160306224E-004 -6.084986418269672E-004
586 -1.915804811785502E-006 3.585301728689464E-006
587 3.603299132198580E-005 -6.743455875824332E-005
588 1.871094405689358E-006 -3.501683192514664E-006
589 3.443718988096986E-005 -6.444807476621879E-005
590 -1.312710010110431E-005 2.456692329601212E-005
591 1.953952957586999E-004 -3.656757780295037E-004
592 -2.047808723760791E-006 3.832406662950328E-006
593 6.931733598938774E-006 -1.297250639166528E-005
594 -9.937488793835673E-007 1.859769194338738E-006
595 1.609362565548543E-006 -3.011892247918175E-006
596 -1.351955085274517E-006 2.530128291947268E-006
597 -5.559390405181754E-005 1.040421566792119E-004
598 -4.586199744198789E-006 8.582945774917660E-006
599 1.267722087770977E-005 -2.372498785846584E-005
600 5.428873074933847E-005 -1.015995434788113E-004
601 -1.213467253182742E-006 2.271059569704574E-006
602 3.693300786062244E-006 -6.911869290833948E-006
603 -1.519542577829481E-004 2.843773107283967E-004
604 -1.779023012049537E-006 3.329380562536073E-006
605 7.881683639611387E-005 -1.475030378073513E-004
606 -1.572356573150053E-006 2.942570458076407E-006
607 3.180392444125255E-006 -5.952010378347866E-006
608 1.196054776769750E-005 -2.238376126890933E-005
609 -4.014028944922033E-005 7.512117562868533E-005
610 -6.492509393907456E-005 1.215051329712030E-004
611 2.790138750817963E-006 -5.221649523496115E-006
612 -4.321884784378841E-006 8.088293160690471E-006
613 -3.785291486161207E-005 7.084045976708030E-005
614 7.311345722728848E-005 -1.368293825732227E-004
615 1.468223650714955E-006 -2.747750433600223E-006
616 -1.813706445504326E-004 3.394291134243547E-004
617 2.579573970351475E-004 -4.827586449145215E-004
618 -1.407130309417145E-005 2.633397725800471E-005
619 5.847214628989406E-006 -1.094285908165326E-005
620 -9.990499230173759E-006 1.869687199064512E-005
621 -1.977964321039136E-005 3.701696173187187E-005
622 -3.173465243674552E-004 5.939034584457136E-004
623 5.245406080024088E-005 -9.816600894072150E-005
624 1.425864679756187E-005 -2.668458065886883E-005
625 -1.774460155097731E-004 3.320842463253797E-004
626 8.168239448408333E-006 -1.528657904742885E-005
627 -2.802387178435685E-004 5.244572816206061E-004
628 2.866253360752402E-004 -5.364097736229528E-004
629 -6.580459217267126E-007 1.231487748045509E-006
630 1.373546639176737E-006 -2.570573562613082E-006
631 1.843844135837655E-004 -3.450692650902651E-004
632 -2.996924816376965E-004 5.608643906212976E-004
633 -7.361386358699300E-007 1.377623066101063E-006
634 -1.266576307896270E-005 2.370353057704182E-005
635 1.658138284050751E-005 -3.103158637474335E-005
636 2.169550872858227E-004 -4.060241458899094E-004
637 1.512037157220747E-005 -2.829741232028675E-005
638 -1.776561492796898E-004 3.324775530855374E-004
639 2.115691716446953E-008 -3.957947595596810E-008
640 7.386553941641942E-005 -1.382368701886861E-004
641 -1.186690889043309E-005 2.220849202396319E-005
642 -8.776011044471818E-005 1.642401390262467E-004
643 8.571806016687912E-006 -1.604181142601092E-005
644 5.886411089324939E-005 -1.101622517955447E-004
645 -4.381342242570298E-006 8.199563697390365E-006
646 4.157121166095789E-004 -7.779912827675109E-004
647 -6.293712843166982E-006 1.177851793449921E-005
648 -3.540982479876825E-006 6.626838050883441E-006
649 6.074794693513914E-004 -1.136877514321165E-003
650 5.953566904945561E-004 -1.114190285034383E-003
651 3.919457130549321E-008 -7.312150383121810E-008
652 1.902441461649276E-004 -3.560354250010884E-004
653 -2.128804288176543E-007 3.984022225607300E-007
654 5.767483165982018E-007 -1.079579963345703E-006
655 1.343172265056897E-004 -2.513701762452812E-004
656 2.227694227609783E-004 -4.169055819351708E-004
657 -4.144296914542932E-006 7.755880679580885E-006
658 1.399592453094838E-005 -2.619312463206678E-005
659 5.365253970913724E-004 -1.004089359803646E-003
660 1.169577671682549E-004 -2.188824792549644E-004
661 -3.087687423277498E-005 5.778504365115293E-005
662 -1.576622379897362E-007 2.950104015850638E-007
663 1.060006690154555E-006 -1.983821148766586E-006
664 1.060737349236871E-004 -1.985133698973174E-004
665 2.426529288445509E-006 -4.541201583947851E-006
666 -2.937810224914298E-004 5.498013552048247E-004
667 -2.348142576248119E-004 4.394470548825306E-004
668 1.601790335016072E-005 -2.997697706902143E-005
669 9.170178135438148E-006 -1.716166389357331E-005
670 -3.177144691125088E-004 5.945919222347010E-004
671 -4.176009796508258E-006 7.815310986768098E-006
672 3.953635461663669E-004 -7.399096558080936E-004
673 -3.920990895455844E-006 7.337926182392292E-006
674 5.553889470190669E-004 -1.039391563334477E-003
675 -1.555172672780964E-004 2.910453714943777E-004
676 -1.095959693855380E-005 2.051043928775616E-005
677 -2.116250553735065E-004 3.960490485241740E-004
678 5.772122635320907E-006 -1.080231762037738E-005
679 -8.009260260358904E-004 1.498906157970363E-003
680 -1.688555925875895E-004 3.160076672154761E-004
681 -4.049066273661346E-006 7.577425766746018E-006
682 2.508377756012115E-006 -4.694327268074531E-006
683 -1.607664783906026E-004 3.008691088745788E-004
684 9.150609806935535E-007 -1.712481870781307E-006
685 1.861835442793732E-004 -3.484362465671987E-004
686 -1.441866557833968E-005 2.698404655213557E-005
687 -3.845070684274783E-004 7.195921040157324E-004
688 7.180947049434680E-007 -1.343895318441083E-006
689 2.829885883094749E-004 -5.296036687848652E-004
690 -1.731306991210475E-004 3.240082717013696E-004
691 3.319604594701461E-006 -6.212595705450750E-006
692 1.018812561704367E-005 -1.906684090067719E-005
693 -2.095274950736737E-004 3.921236941454026E-004
694 4.460313680641731E-004 -8.347328062755562E-004
695 -6.870346231396170E-006 1.285756518832549E-005
696 7.549115977919002E-006 -1.412790695822099E-005
697 -8.339184014873361E-005 1.560650753711340E-004
698 1.486850648692584E-004 -2.782590494232326E-004
699 2.947191060096973E-004 -5.515569172743700E-004
700 1.283041323711307E-006 -2.401162671914017E-006
701 -2.606958703306460E-004 4.878835446182277E-004
702 -2.833636790938758E-006 5.303059381838665E-006
703 9.947742775420401E-006 -1.861685019632929E-005
704 -3.319619002189909E-006 6.212921897440319E-006
705 -1.251030228105439E-006 2.341293399751649E-006
706 -1.630241240721795E-005 3.050942840158922E-005
707 -9.385669164222744E-006 1.756497170495588E-005
708 7.307547267788661E-005 -1.367582886865966E-004
709 -2.846555789977846E-006 5.327227260382494E-006
710 3.317374307912505E-006 -6.208339019861480E-006
711 -6.372147680563674E-005 1.192526036399242E-004
712 6.136589510503127E-004 -1.148442006972336E-003
713 4.706742951632528E-006 -8.808419060182554E-006
714 -3.666471140726639E-006 6.861649295722130E-006
715 -2.903857356166968E-004 5.434471862935084E-004
716 5.092677602339632E-005 -9.530774785753667E-005
717 1.390972730427259E-005 -2.603157066055288E-005
718 -1.558926379316712E-003 2.917478296934554E-003
719 -8.929219594903793E-006 1.671078599180862E-005
720 -1.257057099910351E-004 2.352541841232817E-004
721 8.243952551587943E-005 -1.542830026737482E-004
722 1.199247683856558E-003 -2.244351629284408E-003
723 1.497347619928228E-004 -2.802235281417028E-004
724 1.254188757265426E-006 -2.347219819007015E-006
725 4.876326839986085E-004 -9.125880716322975E-004
726 2.816592375682181E-006 -5.271073242398441E-006
727 2.316663879893289E-004 -4.335559950524420E-004
728 -6.763982760811468E-006 1.265856512140602E-005
729 -1.008331919671613E-004 1.887060442752985E-004
730 2.055406930595564E-006 -3.846638505957541E-006
731 3.612988752159154E-004 -6.761588651864515E-004
732 6.132197969409261E-005 -1.147620683081909E-004
733 1.473716375132312E-003 -2.758010732786058E-003
734 -6.417087418776668E-004 1.200936587682284E-003
735 3.552262690049108E-005 -6.647946737411066E-005
736 -6.179020695066713E-004 1.156383265699037E-003
737 1.158309331069182E-006 -2.167707068239551E-006
738 1.250886492645832E-005 -2.340986113467563E-005
739 4.122665388011627E-006 -7.715446432569723E-006
740 -3.718775240237008E-005 6.959575002421377E-005
741 -3.930549442413984E-004 7.355890113094207E-004
742 -9.971745291708609E-006 1.866175988667154E-005
743 1.746421035044805E-004 -3.268366522178696E-004
744 2.265559338615711E-006 -4.240004875971686E-006
745 -1.140926029412296E-004 2.135204842326791E-004
746 -1.198307011313633E-005 2.242555892970723E-005
747 -2.317544333458702E-004 4.337203480586971E-004
748 4.652895248451727E-006 -8.707565519473426E-006
749 -3.775165338369448E-006 7.065070624015813E-006
750 5.371814599557975E-006 -1.005300851431745E-005
751 -6.480535298782357E-005 1.212810153187219E-004
752 -4.549420144933904E-006 8.513957203856928E-006
753 6.381917926834854E-005 -1.194352737900048E-004
754 4.361428154005257E-006 -8.162359568040509E-006
755 -4.209188726611065E-006 7.877578324542267E-006
756 5.841863149522190E-004 -1.093285376207679E-003
757 -2.054514913852114E-004 3.844957095040161E-004
758 2.529762699186591E-006 -4.734199463784310E-006
759 -3.677225565886917E-006 6.881559859674110E-006
760 -2.938359884602755E-004 5.499046730304939E-004
761 -3.597020520826352E-004 6.731701563719839E-004
762 8.070724642725112E-005 -1.510410078901273E-004
763 -6.199564274634766E-006 1.160209719527542E-005
764 -1.511486289671258E-006 2.828523276741797E-006
765 -8.860604566145526E-005 1.658232661214515E-004
766 -3.257137133065231E-007 6.094473156521713E-007
767 -1.981523757805156E-004 3.708354688273723E-004
768 2.764336734053208E-004 -5.173365085074664E-004
769 7.131638473332097E-007 -1.334397101510421E-006
770 3.063185858260242E-004 -5.732649704319653E-004
771 -1.710684549992157E-005 3.201509031397280E-005
772 -4.399757672647220E-004 8.234000194406539E-004
773 -1.699445740693597E-005 3.180459327334390E-005
774 -1.217503411453123E-004 2.278516059102396E-004
775 9.342505380348237E-006 -1.748416759182521E-005
776 -1.991729999403057E-004 3.727459047190142E-004
777 2.642390307565971E-004 -4.945144350023435E-004
778 -3.839580217771773E-004 7.185646450027705E-004
779 6.797987879038751E-006 -1.272222610193562E-005
780 4.342111292334451E-005 -8.126116927904717E-005
781 -7.492920454260013E-005 1.402274630733424E-004
782 -6.278640357563019E-004 1.175026565183475E-003
783 2.551038292961155E-006 -4.774231778783499E-006
784 1.935262630423938E-004 -3.621779831571405E-004
785 -9.155686761604451E-006 1.713480393053013E-005
786 4.144040313150135E-004 -7.755430368330436E-004
787 2.146490108815302E-005 -4.017078621146134E-005
788 -9.609841895305369E-004 1.798449723240415E-003
789 -4.140868747407521E-005 7.749506426939249E-005
790 -2.489168918546903E-004 4.658396903861572E-004
791 8.017056234057288E-006 -1.500346595863892E-005
792 -1.865040046255749E-004 3.490360737540327E-004
793 -8.194463743326626E-006 1.533586005084798E-005
794 -1.286494172748285E-005 2.407627267581092E-005
795 -8.676651747424802E-007 1.623765539215953E-006
796 -2.490206702726194E-004 4.660339235748735E-004
797 7.356934444457503E-006 -1.376825827342749E-005
798 -1.535555088451840E-005 2.873728778275754E-005
799 -5.551615252365293E-004 1.038966423861597E-003
800 -8.920017927846669E-006 1.669347851696201E-005
801 -6.212242105451193E-004 1.162600015280406E-003
802 9.954177854792182E-005 -1.862890744394231E-004
803 -5.117578866551255E-005 9.577376518753788E-005
804 -2.774690799261800E-006 5.192597799852104E-006
805 2.283211507404042E-004 -4.272957156872404E-004
806 -5.190273654872665E-006 9.713287530162386E-006
807 -3.616977770290565E-006 6.769262630375456E-006
808 1.668453780534754E-005 -3.122445886291004E-005
809 6.166767106636910E-006 -1.154069480792861E-005
810 -2.928514799529970E-005 5.480648074812922E-005
811 4.655998969746518E-006 -8.713494197954775E-006
812 -3.519304217580830E-004 6.586262339602620E-004
813 -1.137880457957189E-005 2.129551719536842E-005
814 3.656269634012651E-004 -6.842589102636335E-004
815 4.015440266168356E-006 -7.514469220799904E-006
816 -9.651644888752913E-006 1.806274035483616E-005
817 -5.921453302286590E-004 1.108180412151971E-003
818 -6.003385001650388E-004 1.123513109394385E-003
819 3.504762931134276E-006 -6.558925325908012E-006
820 -2.119959289618368E-004 3.967433307343153E-004
821 1.513216751510608E-005 -2.831938498450275E-005
822 8.332507844752166E-005 -1.559401328350384E-004
823 6.544667776667748E-004 -1.224812748604455E-003
824 9.774036398546679E-005 -1.829178672620880E-004
825 -2.215497166993277E-005 4.146216959454215E-005
826 4.605869967462381E-004 -8.619729876359571E-004
827 -2.522626358455803E-005 4.721014334445656E-005
828 6.998913961485147E-004 -1.309823308689737E-003
829 -9.765064381613517E-006 1.827508153566930E-005
830 -3.636913023247122E-006 6.806358159707966E-006
831 1.109859013453344E-005 -2.077046491556651E-005
832 -4.119810091515656E-004 7.710091483978248E-004
833 2.596779575114288E-006 -4.860161239147979E-006
834 -2.981332325316923E-004 5.579462301228093E-004
835 1.307313103126788E-004 -2.446593952527745E-004
836 6.144093216646511E-008 -1.154255547357232E-007
837 2.772071456634631E-004 -5.187837616324937E-004
838 -1.819422936735476E-005 3.404970326454060E-005
839 2.259849874328528E-004 -4.229233127385463E-004
840 4.487577549493195E-006 -8.398294614690557E-006
841 9.579634356845096E-006 -1.792800661195901E-005
842 6.976029500397951E-005 -1.305540008192234E-004
843 -1.632974222170929E-006 3.056255721541216E-006
844 -5.027264646282767E-006 9.408295864518661E-006
845 2.322745127680692E-004 -4.346941199652997E-004
846 2.712952796662977E-004 -5.077200539797670E-004
847 -6.502013394651708E-004 1.216830351544442E-003
848 -1.110951800479970E-006 2.079104206107614E-006
849 -3.247821193588850E-004 6.078185247582205E-004
850 1.305073224755398E-005 -2.442395638073262E-005
851 2.492266186884080E-004 -4.664190783765794E-004
852 1.256564308298034E-004 -2.351618692797445E-004
853 -2.205444480159079E-006 4.127613282381770E-006
854 -8.159636405226282E-006 1.527034120397719E-005
855 6.637639446678250E-006 -1.242232082517586E-005
856 2.688915496983896E-004 -5.032215770692881E-004
857 -1.380826258189488E-005 2.584161649172035E-005
858 3.127566117224775E-004 -5.853135459720271E-004
859 1.097102728933494E-004 -2.053187462877676E-004
860 1.882941814887317E-006 -3.523811009440882E-006
861 -2.073299074278732E-006 3.880068472316660E-006
862 -2.311334365674839E-004 4.325584102711909E-004
863 -1.439587222437822E-005 2.694138321729809E-005
864 1.630171499191143E-004 -3.050810751061712E-004
865 1.729153658662949E-005 -3.236020143797987E-005
866 6.512595065112088E-004 -1.218810743605785E-003
867 2.344978884801234E-006 -4.388524127869590E-006
868 3.490730399017470E-004 -6.532785399531691E-004
869 4.083492530904595E-004 -7.642120450760952E-004
870 -7.856288071891120E-006 1.470294530284268E-005
871 2.643237185707285E-007 -4.946412570955007E-007
872 -1.361917364891312E-004 2.548782341820200E-004
873 -3.276084230526051E-006 6.131186028151576E-006
874 -6.552053113396753E-005 1.226195693127526E-004
875 -3.785647200843383E-006 7.084684813078626E-006
876 -2.451588750870448E-004 4.588066160258894E-004
877 8.051644389300361E-006 -1.506849237562680E-005
878 -1.004463641641919E-004 1.879820792631211E-004
879 4.490925446993384E-005 -8.404616798203934E-005
880 -3.400397939752111E-006 6.364076291348163E-006
881 1.689693095711314E-004 -3.162202860064104E-004
882 4.145292239300591E-006 -7.757894836618956E-006
883 3.900577888624441E-005 -7.299778964807961E-005
884 2.073758175700530E-006 -3.881104866250344E-006
885 5.948534878851542E-006 -1.113270624080309E-005
886 -4.303777577853632E-004 8.054373971461545E-004
887 -6.299429855669048E-006 1.178949041410818E-005
888 -1.181023638690707E-005 2.210212697973172E-005
889 -1.093927378867616E-004 2.047244942894213E-004
890 -5.868371607668339E-006 1.098265359974537E-005
891 -7.116756636081005E-006 1.331898019630232E-005
892 1.541758499371772E-005 -2.885350160687585E-005
893 2.187262474312113E-004 -4.093387421156318E-004
894 -1.447830603088333E-004 2.709565829486833E-004
895 -2.567731281519821E-005 4.805420102919543E-005
896 -1.773918558517060E-004 3.319830712734526E-004
897 -1.942899035982122E-005 3.636098130848203E-005
898 6.687559912949061E-004 -1.251554231452777E-003
899 8.993430807465290E-006 -1.683115519748925E-005
900 -4.729023116804257E-004 8.850210213541869E-004
901 -1.470801944248963E-005 2.752562354730542E-005
902 8.532986221124085E-006 -1.596941108188140E-005
903 -3.351487122484886E-004 6.272194403244521E-004
904 1.047468094809898E-004 -1.960300925375368E-004
905 -3.190548499478945E-004 5.971004662528999E-004
906 2.573184107853899E-005 -4.815650089993768E-005
907 1.949817140627366E-006 -3.649125573203735E-006
908 4.598058660442345E-005 -8.605153985389675E-005
909 2.190874584729060E-005 -4.100136960669863E-005
910 -1.986213678609086E-004 3.717130970434590E-004
911 -2.149850960855850E-004 4.023371489263088E-004
912 6.655921778141921E-005 -1.245633941804649E-004
913 1.310218929282032E-004 -2.452029015531143E-004
914 -1.960558925910304E-005 3.669124576207985E-005
915 7.452933014929193E-005 -1.394794467936898E-004
916 5.537213455005281E-005 -1.036271275794699E-004
917 -1.693480853875409E-004 3.169287466866800E-004
918 -1.002920608654268E-004 1.876929961393668E-004
919 7.676876877133891E-006 -1.436706138642799E-005
920 -2.063733126051989E-004 3.862205574174905E-004
921 1.116210020008785E-005 -2.088943442783019E-005
922 3.507440312418525E-007 -6.561705391338067E-007
923 -1.335817672654701E-005 2.499957267660400E-005
924 -3.165099898004125E-004 5.923383185021120E-004
925 2.359880981793762E-004 -4.416440834447990E-004
926 -2.667730014905671E-005 4.992542062239796E-005
927 3.064695765961886E-004 -5.735475397732696E-004
928 3.577472703129567E-005 -6.695148358388610E-005
929 1.550687138978003E-004 -2.902060993792559E-004
930 -3.684564335889439E-004 6.895533991360870E-004
931 -1.797726964383751E-005 3.364413829353875E-005
932 -1.360799688926058E-005 2.546687471704436E-005
933 2.794064183281882E-004 -5.228997681701156E-004
934 -8.867772386284795E-007 1.659827429632399E-006
935 1.020260980908323E-004 -1.909383695556566E-004
936 -4.039658123305462E-006 7.560080014363084E-006
937 -1.436111364535232E-005 2.687651619522438E-005
938 3.172907865952944E-006 -5.938169822355244E-006
939 -3.543007537680544E-006 6.630667800542960E-006
940 -4.654433015471697E-005 8.710614347091782E-005
941 -1.417691732979188E-005 2.653176178728208E-005
942 3.796289999173337E-004 -7.104626958770167E-004
943 -5.775170272730899E-006 1.080802469628425E-005
944 5.133008117739202E-005 -9.606254889479557E-005
945 1.899626423359074E-006 -3.554912524542607E-006
946 -2.174379387044540E-005 4.069270339970604E-005
947 -4.241656017676898E-005 7.938095046470022E-005
948 -2.084657270497276E-005 3.901372688930334E-005
949 2.606583584306396E-005 -4.878121273092599E-005
950 -2.145452413928446E-004 4.015142528090096E-004
951 1.188379594262899E-004 -2.224013375388099E-004
952 -4.522315244089160E-006 8.462825934533856E-006
953 2.416441198549105E-004 -4.522288780793994E-004
954 -2.504837469863359E-005 4.687696072974935E-005
955 6.693589239427741E-005 -1.252684011309756E-004
956 -1.574660079089215E-005 2.946928237742432E-005
957 -9.504876363064559E-005 1.778801710828719E-004
958 -6.191872748253658E-007 1.158644340121022E-006
959 -2.081711548242622E-004 3.895852459805212E-004
960 1.056655585808149E-006 -1.977708427516996E-006
961 -2.255374055154080E-004 4.220860974464582E-004
962 -2.998414235006280E-006 5.611676642844321E-006
963 -5.351590405320493E-005 1.001532167926802E-004
964 -1.568840476617601E-005 2.936026005772019E-005
965 -2.314011373124568E-005 4.330603396188990E-005
966 5.004742142442218E-006 -9.366071340590761E-006
967 -7.759794825292915E-005 1.452219035201591E-004
968 -1.842294329481776E-006 3.447737962051314E-006
969 -6.741170677320003E-006 1.261566113443923E-005
970 6.172923387455789E-006 -1.155245304578943E-005
971 1.868335722271809E-005 -3.496526488064356E-005
972 9.518005988781649E-005 -1.781263832726500E-004
973 -2.507731393337463E-005 4.693149611622984E-005
974 -7.052767891630197E-006 1.319915982034581E-005
975 5.748453789461011E-005 -1.075802095208488E-004
976 -2.698371374639584E-006 5.050057170641045E-006
977 9.776275389530105E-006 -1.829567050271762E-005
978 3.562852146332297E-004 -6.667758216535002E-004
979 1.472617565678348E-005 -2.755964960353478E-005
980 -1.055799110974253E-004 1.975891779855739E-004
981 3.362395034272244E-005 -6.292607097213759E-005
982 -6.089515214810290E-005 1.139632697226985E-004
983 -4.804630949764458E-006 8.991680902319914E-006
984 -1.039155367603300E-004 1.944743240106914E-004
985 2.145927037003876E-004 -4.016028500876155E-004
986 -3.744463632639760E-006 7.007395137657894E-006
987 4.277608191660565E-004 -8.005400609156242E-004
988 -3.692852979644805E-005 6.911056366378624E-005
989 3.117576004980471E-004 -5.834437630998979E-004
990 -1.244552449894558E-005 2.329124489885697E-005
991 -2.440653105974016E-004 4.567603412675458E-004
992 3.695850280651673E-006 -6.916610296741557E-006
993 4.917294285335129E-004 -9.202554256241351E-004
994 -1.266884963731626E-005 2.370925393924765E-005
995 -5.946571401900654E-006 1.112825275377222E-005
996 -1.443258942036831E-006 2.700788275292853E-006
997 1.055288864184038E-005 -1.974951459980519E-005
998 1.687525420089277E-004 -3.158147431823439E-004
999 3.110640077954599E-005 -5.821484046033731E-005
1000 -1.027346880979697E-004 1.922647569789210E-004
1001 -1.958268306391495E-004 3.664832264558357E-004
1002 2.088293684920573E-004 -3.908170749593408E-004
1003 -3.452654780522503E-005 6.461522976945741E-005
1004 1.175429135912084E-006 -2.199805635734451E-006
1005 2.876783227705026E-006 -5.383677741816402E-006
1006 1.381325276707258E-005 -2.585114035820297E-005
1007 5.760122522875430E-005 -1.077987140182153E-004
1008 2.650873171692521E-004 -4.961019840045554E-004
1009 3.947545619420597E-006 -7.388060296812039E-006
1010 -6.865607589920396E-006 1.284872990952467E-005
1011 5.956529733963598E-006 -1.114680089442789E-005
1012 -6.946707779508253E-007 1.299809761614789E-006
1013 -9.255776568583616E-005 1.732187129692616E-004
1014 -1.499687670580260E-007 2.806469129028571E-007
1015 -7.480208782901067E-005 1.399894802947245E-004
1016 1.227884442852444E-006 -2.298058559196926E-006
1017 -1.806987978850708E-006 3.381850401902770E-006
1018 2.046169181106619E-005 -3.829342924025971E-005
1019 -3.532477609275380E-004 6.610913563032302E-004
1020 1.286682740295441E-004 -2.407983323003908E-004
1021 4.933239389419936E-005 -9.232396823744477E-005
1022 3.317117102067495E-006 -6.207855310034587E-006
1023 -2.660341069467664E-006 4.978597143783087E-006
1024 2.846824326613207E-004 -5.327735570473573E-004
1025 -5.870895430877576E-006 1.098719831926038E-005
1026 2.246285921140035E-005 -4.203847066873305E-005
1027 1.007087517930355E-006 -1.885219135349575E-006
1028 8.348850507090660E-005 -1.562461001382375E-004
1029 2.466807992293465E-005 -4.616545067809708E-005
1030 4.969769075494306E-004 -9.300759686529032E-004
1031 -6.594646115621576E-006 1.234159107478010E-005
1032 -3.499582456059485E-006 6.549200243031680E-006
1033 8.345423985144709E-006 -1.561827376585906E-005
1034 -5.616449915017471E-005 1.051098340078120E-004
1035 -9.768244307506330E-005 1.828091714010139E-004
1036 -2.655636463263693E-004 4.969934092979487E-004
1037 2.281225177337545E-005 -4.269239238938917E-005
1038 2.355452888567343E-006 -4.408464355788982E-006
1039 7.532019863314666E-005 -1.409593344793990E-004
1040 4.138055203894531E-006 -7.743819175832124E-006
1041 -3.186336957929430E-004 5.963124447412912E-004
1042 1.437573852854952E-006 -2.690441702834031E-006
1043 9.264953466796938E-006 -1.733890719659283E-005
1044 1.830180386860396E-006 -3.424861503183297E-006
1045 1.258226027696354E-004 -2.354727974784187E-004
1046 -4.935622485014288E-005 9.236859395992418E-005
1047 -5.001186142595891E-006 9.359674602242711E-006
1048 -6.054276840564374E-006 1.133043098880708E-005
1049 5.703207422751657E-005 -1.067335831588719E-004
1050 -2.245894564319567E-004 4.203116873017624E-004
1051 -7.108233276539140E-006 1.330287097162321E-005
1052 -1.012251696378238E-004 1.894395301366905E-004
1053 -5.761416974252014E-006 1.078256462058616E-005
1054 -7.030451806749950E-006 1.315703032043478E-005
1055 7.343955336391750E-005 -1.374397307135373E-004
1056 -7.178804738890821E-005 1.343489029089582E-004
1057 2.807533395338025E-004 -5.254206103872144E-004
1058 -2.461962516710005E-005 4.607469953068598E-005
1059 2.949588427723664E-006 -5.519833484921697E-006
1060 -6.483127601459637E-005 1.213295532619112E-004
1061 9.977826002323796E-005 -1.867316762188047E-004
1062 -1.249202702202693E-004 2.337841208344883E-004
1063 1.046348496762152E-005 -1.958207675650377E-005
1064 -2.447991040556912E-004 4.581333415598832E-004
1065 -4.994369456152027E-005 9.346793156698591E-005
1066 2.067915106905320E-004 -3.870034411787218E-004
1067 -4.870377831129623E-006 9.114741546003568E-006
1068 2.037006801297069E-006 -3.812105832876600E-006
1069 -1.363543888428766E-005 2.551824100627365E-005
1070 1.292096552258547E-004 -2.418116070517724E-004
1071 5.990988309729830E-006 -1.121170849924486E-005
1072 -2.542581148835059E-004 4.758355204328238E-004
1073 -4.988803241467538E-007 9.333069123902999E-007
1074 -1.336268018832322E-006 2.501156743853703E-006
1075 3.778369229167044E-006 -7.071143711630965E-006
1076 2.680683744930458E-005 -5.016803678188793E-005
1077 -6.119306434363367E-005 1.145207410440437E-004
1078 1.744323398509140E-006 -3.264639169188445E-006
1079 -4.534624668426596E-005 8.486396879128811E-005
1080 1.242946644409947E-006 -2.326221501620947E-006
1081 3.221721350045288E-004 -6.029343230645831E-004
1082 8.436036485757826E-008 -1.578707904887411E-007
1083 9.869951289348929E-006 -1.847131408938394E-005
1084 -2.318654625834419E-004 4.339285610603492E-004
1085 -6.651868433639417E-005 1.244872824002126E-004
1086 1.365726276210857E-007 -2.555696135511808E-007
1087 -5.385714406594570E-006 1.007925111735181E-005
1088 3.056497890322517E-006 -5.720001400254241E-006
1089 5.010456434918665E-005 -9.376890811107307E-005
1090 8.109276904448620E-005 -1.517620922694630E-004
1091 3.059847981764847E-006 -5.726711096873673E-006
1092 -4.218309232970066E-006 7.894674339147482E-006
1093 1.616044243842785E-005 -3.024340114678244E-005
1094 -3.008746131123279E-006 5.630725142001294E-006
1095 6.854893533120605E-005 -1.282871734353443E-004
1096 -2.895197742952383E-007 5.417824658036288E-007
1097 3.306239689710712E-005 -6.187521582657838E-005
1098 5.919670117820889E-005 -1.107844388718902E-004
1099 1.286540154856027E-004 -2.407716492277806E-004
1100 1.598369872140778E-005 -2.991291488830881E-005
1101 -1.687956995836675E-005 3.158959761807530E-005
1102 2.199492159810689E-004 -4.116277674309923E-004
1103 2.546262571584991E-007 -4.770015696617841E-007
1104 -1.109796090024517E-004 2.076944881408703E-004
1105 -7.087599846479915E-007 1.326545372473065E-006
1106 9.727857191758880E-006 -1.820556675978347E-005
1107 2.179254644927103E-004 -4.078400856444041E-004
1108 1.606731904838256E-005 -3.006959524103175E-005
1109 -4.565810053406325E-006 8.544760698400250E-006
1110 -6.501638815877971E-005 1.216758349820502E-004
1111 -6.027183964280503E-006 1.127978943970897E-005
1112 -5.284600637884773E-006 9.890118450203607E-006
1113 1.783110106540070E-006 -3.336926844006633E-006
1114 -3.793581853664872E-006 7.099726406708787E-006
1115 1.477318554858131E-004 -2.764753788726534E-004
1116 4.966863556583913E-006 -9.295327845983475E-006
1117 2.797368649898011E-006 -5.235229365085406E-006
1118 5.834556031338017E-006 -1.091929511703038E-005
1119 2.019659713124422E-005 -3.779747334640870E-005
1120 1.315188698622779E-005 -2.461314895718996E-005
1121 2.210695089958793E-004 -4.137243071762334E-004
1122 -3.164370985104884E-004 5.922015788278023E-004
1123 -2.904827694558614E-006 5.436401706646202E-006
1124 -1.660625941487912E-005 3.107798120402661E-005
1125 1.722534654072485E-006 -3.223476525410457E-006
1126 5.134660153160857E-006 -9.609127346551502E-006
1127 2.147758494177226E-004 -4.019457868863420E-004
1128 1.065343486678330E-005 -1.993778285577326E-005
1129 5.598997551993378E-005 -1.047834508274191E-004
1130 -2.323596434223501E-004 4.348532108003541E-004
1131 -8.566661703326480E-006 1.603211123397529E-005
1132 -1.763130092235194E-005 3.299665833550892E-005
1133 1.905217669523622E-004 -3.565550578578543E-004
1134 3.306066946600365E-006 -6.187115505851605E-006
1135 1.217982579025724E-005 -2.279447245205636E-005
1136 -1.078980624221001E-004 2.019276375434578E-004
1137 -9.629011140498623E-005 1.802034936835927E-004
1138 2.027822956219305E-004 -3.795001033634268E-004
1139 -6.702923713240787E-006 1.254428158377689E-005
1140 6.114834845766072E-005 -1.144372594815182E-004
1141 -3.729674164929758E-006 6.980081353890585E-006
1142 1.610656393352525E-004 -3.014289226449987E-004
1143 -4.502969809726068E-006 8.427220695310728E-006
1144 5.799056201438312E-005 -1.085277512410988E-004
1145 7.627505894254812E-005 -1.427462295467942E-004
1146 1.389575660892701E-005 -2.600523221512988E-005
1147 5.631575353983330E-006 -1.053919734600797E-005
1148 6.076946143572257E-006 -1.137320661162380E-005
1149 -1.101084459233662E-004 2.060644455449099E-004
1150 -2.331861424792299E-006 4.364285169422624E-006
1151 2.031448472152568E-004 -3.801788240027071E-004
1152 -7.783708830446914E-006 1.456660453983589E-005
1153 -6.996426157948383E-005 1.309359862311038E-004
1154 -3.394541802747463E-004 6.352768773040554E-004
1155 -2.558108709016086E-005 4.787413918534435E-005
1156 -1.524272187794470E-005 2.852601476589187E-005
1157 -7.469766380139979E-006 1.397955506384911E-005
1158 -1.436179868352969E-004 2.687762436423113E-004
1159 -2.337945730748284E-005 4.375398647933909E-005
1160 1.300883664484829E-004 -2.434559355554517E-004
1161 -1.216493334919911E-004 2.276624707590493E-004
1162 1.520131346593171E-005 -2.844874705433353E-005
1163 -1.048827698458500E-004 1.962846756991493E-004
1164 1.141627508785940E-004 -2.136517909243662E-004
1165 -2.805805049946590E-006 5.250912973381216E-006
1166 7.548478509170723E-006 -1.412673971008372E-005
1167 6.156730446849633E-005 -1.152211497467148E-004
1168 2.621941132578108E-006 -4.906583652658781E-006
1169 2.062392707285836E-004 -3.859699279512857E-004
1170 1.293829965788679E-004 -2.421358852987580E-004
1171 -3.664162689376447E-006 6.856873273640853E-006
1172 2.785421088627487E-006 -5.212854962787243E-006
1173 -9.159731620987295E-006 1.714244155784744E-005
1174 1.318240754520487E-006 -2.467032665833949E-006
1175 -5.469209462313020E-006 1.023567249294643E-005
1176 5.197444184483581E-005 -9.726840183907061E-005
1177 1.196997876379949E-005 -2.240136930692936E-005
1178 1.223766974524654E-004 -2.290237156032974E-004
1179 -4.259137650956589E-006 7.970416893505221E-006
1180 8.190476749129787E-007 -1.532723723246084E-006
1181 2.592411479421386E-005 -4.851616482679295E-005
1182 -2.023385379002259E-004 3.786699047244207E-004
1183 7.080748746475241E-006 -1.325134245282113E-005
1184 -5.363478607128391E-005 1.003757190739088E-004
1185 -1.910026999893499E-005 3.574531195345655E-005
1186 8.336897644258441E-005 -1.560222606831745E-004
1187 -3.510709692569222E-006 6.569956946860878E-006
1188 3.537449973605172E-006 -6.620434722419825E-006
1189 -9.944457604111718E-005 1.861071468228082E-004
1190 -1.056879056656156E-005 1.977922522916444E-005
1191 3.951378734112833E-006 -7.394974439297107E-006
1192 3.667606962380172E-006 -6.863758519959672E-006
1193 9.986562732558019E-005 -1.868952266764452E-004
1194 -4.490727302791719E-006 8.404220066034624E-006
1195 -1.660878857565784E-006 3.108309577174957E-006
1196 -1.115254495145845E-005 2.087165500195973E-005
1197 -8.661382684656715E-005 1.620945904940575E-004
1198 4.353738405308699E-006 -8.147920600073260E-006
1199 1.193934247254011E-005 -2.234412023367689E-005
1200 -1.739446705800257E-005 3.255313823625636E-005
1201 -5.196760759366267E-005 9.725536505877466E-005
1202 -7.022841495594362E-005 1.314301258570397E-004
1203 -3.826357432346981E-004 7.160896299476245E-004
1204 3.791559253494344E-008 -7.092058539875546E-008
1205 2.704992459986748E-005 -5.062300651602927E-005
1206 -8.033334126751141E-006 1.503376269532501E-005
1207 3.155875989122569E-005 -5.906108842487746E-005
1208 8.483615726397167E-007 -1.587663754293496E-006
1209 -1.744288340764460E-006 3.264305937614316E-006
1210 1.573289051779825E-004 -2.944356344742057E-004
1211 1.243706374409342E-005 -2.327534848259276E-005
1212 7.724800831213046E-006 -1.445666044149972E-005
1213 6.098177576243400E-005 -1.141253262084875E-004
1214 -4.805644401949703E-005 8.993602644271891E-005
1215 1.982937620941002E-005 -3.711004630915434E-005
1216 1.834919561956473E-006 -3.433890800711860E-006
1217 7.598962474182161E-005 -1.422119397578996E-004
1218 5.097916158967660E-005 -9.540578479723430E-005
1219 -8.426678592935120E-005 1.577028834779092E-004
1220 -2.290705660487366E-005 4.286976259922714E-005
1221 1.609253740448178E-004 -3.011665625598651E-004
1222 1.331934724239490E-005 -2.492692815535185E-005
1223 -4.807948655886287E-006 8.997909482770635E-006
1224 1.095835377373367E-004 -2.050820711432399E-004
1225 -1.559248643338529E-004 2.918080985147226E-004
1226 1.127377916006085E-006 -2.109924054633103E-006
1227 -1.167738164929174E-005 2.185406714462823E-005
1228 1.069339857185582E-007 -2.001763593531317E-007
1229 -1.465202162898924E-005 2.742082902512397E-005
1230 8.008300856916731E-005 -1.498729337213011E-004
1231 1.880453637352723E-005 -3.519187340065698E-005
1232 -4.398283041583621E-006 8.231274840269888E-006
1233 1.049519313445646E-004 -1.964141542085460E-004
1234 5.074332091148965E-007 -9.495024735247813E-007
1235 3.342756179927850E-006 -6.256033714551743E-006
1236 -3.958997308332395E-005 7.409137583740835E-005
1237 -1.732940879091099E-005 3.243132192303406E-005
1238 2.185539635969969E-005 -4.090169936936120E-005
1239 3.951241681646207E-006 -7.394760025869054E-006
1240 -1.180780882962463E-005 2.209806681699668E-005
1241 4.120487506365893E-006 -7.711344673848115E-006
1242 -3.889769556841262E-005 7.279578100216920E-005
1243 -1.898258834886734E-004 3.552526659738096E-004
1244 3.199702932758400E-005 -5.988127583290086E-005
