 # The norm of the isolated state is   3456000.01297178     
 # I think there should be     3456000 i.e.    100.000000375341      %
1 -5.637422036857857E-003 1.055024779493552E-002
2 2.714347789159385E-004 -5.079798121647748E-004
3 -1.944974812943045E-003 3.639954666393152E-003
4 -4.143840240574120E-006 7.756413217316573E-006
5 3.611004012912751E-004 -6.757859433588050E-004
6 3.084691765539365E-004 -5.772898550585790E-004
7 -5.813642958175612E-003 1.088003676848356E-002
8 -2.421302277197889E-004 4.531390982384991E-004
9 1.857733104070815E-002 -3.476685328663342E-002
10 -4.635864459287048E-004 8.675897019831906E-004
11 -1.663566810974386E-004 3.113309391994404E-004
12 -7.326231392704718E-005 1.371090269374646E-004
13 3.312577485556906E-004 -6.199377426676257E-004
14 1.103523111678034E-003 -2.065206493599316E-003
15 2.468432363896188E-003 -4.619588404555429E-003
16 -8.750792915656666E-004 1.637681545377996E-003
17 -1.818586497752017E-003 3.403423630340250E-003
18 3.812037396837205E-004 -7.134100317555631E-004
19 -2.362947634592656E-003 4.422177327099293E-003
20 3.240110082096642E-003 -6.063757353735602E-003
21 -9.176196825777353E-004 1.717294463353506E-003
22 2.108223138633533E-003 -3.945470693268871E-003
23 -1.498523849542557E-003 2.804437194066058E-003
24 8.059589848632384E-003 -1.508325220188268E-002
25 2.609746591310652E-002 -4.884053257473151E-002
26 5.102215685631622E-004 -9.548627298286738E-004
27 3.463291398308905E-002 -6.481433741828831E-002
28 7.277298695897770E-003 -1.361922064648705E-002
29 7.871840736328737E-003 -1.473188581353260E-002
30 6.225280048454996E-003 -1.165040273841197E-002
31 2.489801384621020E-003 -4.659579858685359E-003
32 -9.799340796542498E-004 1.833913888979450E-003
33 -1.147401638298169E-002 2.147323698214417E-002
34 -1.115868307569526E-002 2.088310140142745E-002
35 -1.034512619381333E-002 1.936055683234526E-002
36 2.406760712379988E-004 -4.504161517602125E-004
37 6.943400350201501E-004 -1.299434134020465E-003
38 1.628905103125003E-003 -3.048441386808153E-003
39 -1.026741661964933E-002 1.921512533741085E-002
40 2.627919675101234E-002 -4.918063567177676E-002
41 1.638049593823259E-002 -3.065554966593518E-002
42 0.204270504475490 -0.382285399875679
43 -7.741050624613401E-002 0.144871167299425
44 1.030477376899187E-003 -1.928503864165154E-003
45 4.972804728913200E-004 -9.306437339645793E-004
46 -6.231987765480261E-002 0.116629561858876
47 -6.401712846135530E-003 1.198059097709133E-002
48 4.225961656507442E-004 -7.908745384700254E-004
49 -8.969957985749510E-002 0.167869756668573
50 -0.137339584372111 0.257026427771881
51 -9.515984207073433E-003 1.780884520394193E-002
52 -5.680729481824156E-002 0.106312947569113
53 3.108675847318314E-003 -5.817782693485727E-003
54 -0.197503349240476 0.369620895846266
55 -5.301187490390986E-003 9.920994623231349E-003
56 -1.186653240442253E-003 2.220781758857547E-003
57 5.120078770794879E-002 -9.582055784438413E-002
58 9.674433403477516E-002 -0.181053777979378
59 -2.518489256336240E-003 4.713268186068172E-003
60 -4.101880679353148E-004 7.676532348122119E-004
61 5.805577307859257E-002 -0.108649433171049
62 -9.131064288570032E-004 1.708848096611431E-003
63 -4.909079842094827E-002 9.187178378901620E-002
64 -5.583061554023224E-004 1.044851276217627E-003
65 -1.999976285582793E-003 3.742888553640199E-003
66 1.855469795877668E-002 -3.472449513614553E-002
67 6.633335334191143E-004 -1.241406448220344E-003
68 8.993340261047643E-004 -1.683073477393919E-003
69 -1.134912534356387E-002 2.123950755758161E-002
70 0.144946565002877 -0.271262637139242
71 -1.816740280645434E-004 3.399967928837538E-004
72 -8.564472277724402E-004 1.602812280865722E-003
73 -9.188746613990817E-002 0.171964312640524
74 -5.689480215006468E-002 0.106476714970299
75 2.412280345847236E-003 -4.514501786591670E-003
76 -1.243968193737472E-002 2.328044763385474E-002
77 -3.591394768656614E-003 6.721174953136028E-003
78 -5.953451257594235E-002 0.111416844241799
79 -5.190745807629074E-003 9.714306774512668E-003
80 -2.684370314832475E-003 5.023709035910501E-003
81 5.815799588523628E-002 -0.108840738979105
82 -9.363226821242986E-002 0.175229651056793
83 1.795173428805666E-002 -3.359606877175590E-002
84 -1.774921312958201E-002 3.321705747662960E-002
85 5.691450262119154E-004 -1.065135877689502E-003
86 -0.101515031759995 0.189981978465697
87 1.414508693871661E-002 -2.647205601663438E-002
88 -7.711145880784278E-004 1.443115118224896E-003
89 -1.080575864820340E-004 2.022261532888664E-004
90 4.283346158360733E-002 -8.016138731738440E-002
91 -5.251216297670173E-002 9.827475249092281E-002
92 -4.031656609456082E-003 7.545110182241299E-003
93 2.076986945794377E-003 -3.887011451342248E-003
94 -2.424866925462537E-003 4.538057230890690E-003
95 -4.020724101692266E-002 7.524650359825159E-002
96 1.748649041693920E-002 -3.272538065227681E-002
97 1.701838216709376E-003 -3.184933188670091E-003
98 -2.413777849133763E-003 4.517304346356889E-003
99 -1.389770541007119E-003 2.600908998024420E-003
100 -2.968925562533627E-004 5.556244478582051E-004
101 -1.251051177468706E-002 2.341300338363867E-002
102 4.006184963153585E-002 -7.497440860194528E-002
103 -6.825163226254901E-003 1.277306419116346E-002
104 -5.336380286057350E-004 9.986856778723800E-004
105 -1.544458569369365E-003 2.890402406779089E-003
106 5.233040083410899E-002 -9.793459102131394E-002
107 2.706350663789788E-003 -5.064844566921883E-003
108 -2.180195131589217E-003 4.080162114738255E-003
109 3.205970359153867E-002 -5.999866040406917E-002
110 1.437817853745441E-003 -2.690827953047120E-003
111 -2.769140717571173E-004 5.182354049161241E-004
112 1.114066728880348E-002 -2.084938534587447E-002
113 -4.521443956795075E-002 8.461730765744034E-002
114 -6.381368979145011E-004 1.194251789960484E-003
115 -1.274551938577344E-003 2.385281227747903E-003
116 4.590533084788528E-003 -8.591028794208028E-003
117 8.644792282842635E-004 -1.617843898799248E-003
118 -1.117782640222831E-002 2.091892733197346E-002
119 -1.062236580881091E-003 1.987940179087680E-003
120 1.832484712761211E-003 -3.429433825158133E-003
121 -2.711207046078253E-002 5.073933115949632E-002
122 -8.893086138774168E-004 1.664311277453285E-003
123 3.009800925506587E-003 -5.632741480715196E-003
124 4.011732801449480E-004 -7.507823128736206E-004
125 -1.302955386880211E-002 2.438437326195445E-002
126 1.389804801599963E-004 -2.600972930159687E-004
127 -1.178197493304639E-003 2.204957160934103E-003
128 2.003916284333352E-003 -3.750262153561231E-003
129 -1.702770292932301E-003 3.186677496445652E-003
130 -7.427227952659620E-004 1.389980857356850E-003
131 3.083789999364140E-004 -5.771209672650078E-004
132 -2.471772721272032E-004 4.625839735769859E-004
133 -2.036282186956144E-003 3.810833866207028E-003
134 1.879507753543780E-003 -3.517435755286552E-003
135 2.555086167914591E-003 -4.781758198187458E-003
136 3.021339231294992E-003 -5.654335097471003E-003
137 -3.976984822279679E-003 7.442793796913746E-003
138 2.858998237625328E-004 -5.350519469447531E-004
139 7.936922242207358E-004 -1.485368369784961E-003
140 8.762812866161974E-003 -1.639931045689288E-002
141 -1.423657359427771E-003 2.664326999243561E-003
142 2.378656924383980E-002 -4.451576704628291E-002
143 -1.032044646733578E-003 1.931436987435268E-003
144 -2.101577227942442E-002 3.933031333112035E-002
145 -5.269094400066694E-003 9.860933558071302E-003
146 5.973427341916469E-004 -1.117906905646952E-003
147 8.761098385894384E-003 -1.639610189023938E-002
148 1.235620659213486E-003 -2.312422656412288E-003
149 1.254199615988304E-002 -2.347192509542508E-002
150 1.634379230765755E-003 -3.058685956367632E-003
151 1.894197376889845E-003 -3.544926931522188E-003
152 3.563120815047614E-003 -6.668261140125338E-003
153 1.818679266454808E-003 -3.403597261995039E-003
154 1.498436628539579E-003 -2.804273931093065E-003
155 -5.532272860002269E-003 1.035346318230129E-002
156 4.223977062740601E-004 -7.905031269226159E-004
157 -5.357531497584573E-004 1.002644036410250E-003
158 5.895543421883220E-003 -1.103331194216261E-002
159 1.588994645571075E-003 -2.973750187501970E-003
160 -9.642845411808097E-004 1.804626172841682E-003
161 1.098506610706744E-003 -2.055818329065545E-003
162 2.794810988455670E-005 -5.230395269031394E-005
163 -4.175926300179818E-003 7.815106115835566E-003
164 -8.544696629540190E-003 1.599111329214119E-002
165 -2.175907928715733E-003 4.072138738046015E-003
166 -5.804516084330438E-004 1.086295730541915E-003
167 -2.953357645232071E-003 5.527109826877234E-003
168 -2.395739779285823E-003 4.483546748318879E-003
169 7.284511917471425E-004 -1.363271968669500E-003
170 -1.008100551502198E-002 1.886626396047618E-002
171 -5.953004163267469E-004 1.114084797707465E-003
172 5.007645451178735E-004 -9.371640512399969E-004
173 -2.973085726212897E-003 5.564030311908589E-003
174 3.996080978552587E-003 -7.478531570303922E-003
175 -6.017388798264254E-004 1.126134156928210E-003
176 -1.012321304675427E-003 1.894525400183950E-003
177 3.184763319093607E-004 -5.960177716283114E-004
178 -7.637753484851409E-004 1.429379941415268E-003
179 8.062590770607868E-004 -1.508886818441155E-003
180 6.140968744450145E-004 -1.149261721352933E-003
181 -5.818032383057772E-004 1.088825236390243E-003
182 -1.557024053503539E-004 2.913918340771023E-004
183 2.614731340185843E-003 -4.893382033429309E-003
184 1.857544828460743E-003 -3.476332882772801E-003
185 1.349935485202104E-003 -2.526359138685085E-003
186 -1.782832465396776E-003 3.336511211209588E-003
187 -6.276722222302881E-004 1.174667478867827E-003
188 1.149927982787637E-003 -2.152051672322121E-003
189 -5.163615279044118E-003 9.663532859809918E-003
190 -6.861015933443316E-004 1.284016128594593E-003
191 -6.127602741483430E-003 1.146760306649044E-002
192 3.944818599851442E-004 -7.382595617723875E-004
193 -1.162939513333312E-003 2.176402314382776E-003
194 -1.040515013839206E-003 1.947289012067742E-003
195 -2.328388092857136E-004 4.357500369182940E-004
196 3.003943108299130E-003 -5.621778936723044E-003
197 -3.614253029976420E-003 6.763953366246686E-003
198 3.174059935006476E-003 -5.940146786601212E-003
199 4.463808462547431E-004 -8.353867799971649E-004
200 5.361974473976535E-003 -1.003475490802780E-002
201 -1.399286394279482E-003 2.618717565546559E-003
202 8.893679556773737E-004 -1.664422259386273E-003
203 -3.490360931556243E-003 6.532093398280214E-003
204 8.490773523983936E-003 -1.589019781439522E-002
205 8.262156795582639E-004 -1.546234987023234E-003
206 -4.375391815450523E-003 8.188399121901420E-003
207 -6.695892253110198E-004 1.253113856832042E-003
208 3.059878633316347E-003 -5.726460250585196E-003
209 -7.909132569184976E-003 1.480167651217817E-002
210 -1.127233309007399E-003 2.109579417849156E-003
211 4.010029328696809E-003 -7.504635401254746E-003
212 6.573493571887420E-004 -1.230207323153601E-003
213 1.331831102727600E-003 -2.492477280451105E-003
214 2.786062272610384E-004 -5.214022619809339E-004
215 -9.242619925972812E-004 1.729725309358277E-003
216 -1.088163545905630E-003 2.036461536886203E-003
217 -1.317015171797428E-004 2.464749859088588E-004
218 -2.966037705962224E-004 5.550840182388998E-004
219 1.023637113008741E-003 -1.915702674802635E-003
220 1.218122413142976E-003 -2.279675292463786E-003
221 -1.942837227338172E-003 3.635954691028586E-003
222 -2.196308463658148E-004 4.110316930295791E-004
223 2.140017698190681E-003 -4.004971532196830E-003
224 -1.381523971721957E-003 2.585475807859112E-003
225 5.065720987140764E-004 -9.480327055440260E-004
226 -6.524426116744134E-003 1.221024483056796E-002
227 -5.162512945434616E-003 9.661469875323637E-003
228 -8.816123889518314E-004 1.649908038586879E-003
229 1.210751586592573E-003 -2.265881093723389E-003
230 -7.646617846202535E-004 1.431038865507692E-003
231 -1.108404489531397E-003 2.074341940402737E-003
232 1.402559373980323E-003 -2.624842835912043E-003
233 9.855499869352961E-004 -1.844423736882483E-003
234 -3.610031845748537E-003 6.756053561825856E-003
235 1.208913732266798E-003 -2.262441530121673E-003
236 -1.560510301760335E-003 2.920442704833659E-003
237 -7.995980273324022E-004 1.496420891056424E-003
238 5.969752844820149E-004 -1.117219224642669E-003
239 6.587563556433668E-004 -1.232840460173597E-003
240 6.461621592348447E-003 -1.209270820138129E-002
241 -3.770508936306775E-004 7.056380893308813E-004
242 -2.363876965011405E-003 4.423916490350716E-003
243 -1.744748819275532E-003 3.265238938006736E-003
244 -2.991900468084677E-003 5.599241413795655E-003
245 5.489552937352139E-004 -1.027351533412250E-003
246 2.061470803887170E-003 -3.857973634482285E-003
247 -1.557647125905958E-003 2.915084365103031E-003
248 1.330195709253345E-003 -2.489416594526804E-003
249 -7.422875917580249E-004 1.389166340144870E-003
250 7.919917677313541E-005 -1.482185901563809E-004
251 3.215154130469333E-003 -6.017053145696729E-003
252 -4.915632440495533E-004 9.199441285774940E-004
253 1.381509377188330E-003 -2.585448431183455E-003
254 6.725401538172667E-004 -1.258636351597173E-003
255 3.332713724193098E-003 -6.237062007790372E-003
256 -6.675726335925783E-004 1.249339797486892E-003
257 -1.613620777080488E-004 3.019837389268830E-004
258 1.356352452648633E-003 -2.538368248008629E-003
259 3.011809499176340E-003 -5.636500449116242E-003
260 -8.078530912254791E-004 1.511870072334971E-003
261 -1.676942969050759E-003 3.138342554545347E-003
262 1.676943216291281E-003 -3.138342960783264E-003
263 -5.479928729075678E-004 1.025550227391294E-003
264 -1.388222438924974E-003 2.598011833590362E-003
265 -1.945086160128031E-003 3.640163535601847E-003
266 -1.181880392762284E-003 2.211849518513262E-003
267 7.038833168063647E-004 -1.317294186752810E-003
268 1.463157165800140E-003 -2.738249684557864E-003
269 -6.008829828593586E-004 1.124532302988877E-003
270 -9.160699819142569E-005 1.714394386429404E-004
271 -2.917955364109670E-003 5.460855611360316E-003
272 -2.297948007039328E-003 4.300532660330631E-003
273 -1.467412480716677E-003 2.746213402485256E-003
274 -6.078055935952455E-004 1.137487797746875E-003
275 1.258577024965455E-003 -2.355384759861260E-003
276 -6.883490217145327E-003 1.288222118880032E-002
277 1.049810815918907E-003 -1.964685742798837E-003
278 3.422522728246817E-004 -6.405136592840029E-004
279 -3.207357797239432E-003 6.002462613564650E-003
280 1.894856323158353E-003 -3.546160079584530E-003
281 -2.008412951001416E-003 3.758677745629233E-003
282 -4.097234476812615E-003 7.667836924455747E-003
283 -2.226036280620998E-003 4.165952390224218E-003
284 2.955328088806679E-004 -5.530797370935266E-004
285 -8.310456047387732E-003 1.555273983309250E-002
286 5.393840835066536E-003 -1.009439229935896E-002
287 1.051782779802988E-003 -1.968376222919369E-003
288 2.204795741513392E-005 -4.126203358839334E-005
289 2.918150201468362E-003 -5.461220240024268E-003
290 -8.863593438629133E-004 1.658791815301409E-003
291 -6.251393214248759E-003 1.169927282444519E-002
292 3.269734089248018E-004 -6.119197873236039E-004
293 3.370584327145050E-003 -6.307935568337180E-003
294 -3.906973819374450E-004 7.311770676166855E-004
295 -2.416693477246120E-004 4.522760820047153E-004
296 -4.257619864625552E-004 7.967993492797162E-004
297 -2.544502240663578E-004 4.761950193435771E-004
298 -9.045867534886296E-004 1.692903786947359E-003
299 4.098117485958140E-004 -7.669488762581060E-004
300 1.987305188825896E-003 -3.719175035931715E-003
301 -1.883053345726019E-003 3.524071227457280E-003
302 -1.230972337290252E-004 2.303723400287554E-004
303 9.965151000853828E-004 -1.864944710749687E-003
304 -5.145818620221967E-003 9.630226897239006E-003
305 3.032704739114621E-003 -5.675605220429571E-003
306 1.776527107986979E-003 -3.324710949775734E-003
307 3.135103321816292E-003 -5.867240750479738E-003
308 -2.584985676360687E-004 4.837714105628705E-004
309 4.040133164861879E-004 -7.560974069981448E-004
310 -8.250215176972196E-004 1.544000093559616E-003
311 1.924589125114605E-004 -3.601804558953609E-004
312 -1.177666594652245E-003 2.203963537248794E-003
313 -1.496956007198986E-003 2.801503062690566E-003
314 6.668763322456525E-003 -1.248036698297987E-002
315 -2.118015633006242E-003 3.963795246164455E-003
316 3.093499613549899E-004 -5.789381623547508E-004
317 9.043994007377812E-004 -1.692553223985653E-003
318 1.141615561344004E-003 -2.136495313354630E-003
319 -1.799278857934876E-004 3.367290167282150E-004
320 -1.693507912257138E-003 3.169343346197879E-003
321 2.459135251219657E-003 -4.602189164775789E-003
322 -2.085193942971298E-003 3.902370526776946E-003
323 -6.135161984774482E-004 1.148174985121530E-003
324 1.068157214617942E-003 -1.999020433057845E-003
325 3.592676511845686E-003 -6.723573602364339E-003
326 1.129321326004548E-004 -2.113487170680725E-004
327 1.008582864332191E-003 -1.887529063251182E-003
328 -2.804031938381517E-003 5.247651793106087E-003
329 1.973678724586825E-004 -3.693673325473290E-004
330 2.853386982463222E-004 -5.340018001521583E-004
331 8.928724587512445E-004 -1.670980880309363E-003
332 -4.306204581222581E-004 8.058917710128411E-004
333 -1.276404796810108E-003 2.388749019130908E-003
334 -4.908770493743280E-003 9.186599376490256E-003
335 -2.430603522653286E-003 4.548793013142468E-003
336 4.267334432478156E-004 -7.986173982678656E-004
337 -4.987796532766567E-003 9.334493969391029E-003
338 -4.301364984704701E-005 8.049856269598219E-005
339 1.594050159559733E-003 -2.983211431783166E-003
340 -9.043186860395453E-004 1.692402227228156E-003
341 1.754125857873088E-003 -3.282787714856728E-003
342 -3.284856316158061E-003 6.147498508816614E-003
343 -1.615695008760045E-003 3.023719023374854E-003
344 -9.022363347159103E-004 1.688505134904381E-003
345 2.608921840987800E-004 -4.882509826028465E-004
346 -1.233854644740717E-003 2.309117624419283E-003
347 -3.539309900853509E-003 6.623699817924433E-003
348 -1.520940032771760E-004 2.846388483285963E-004
349 -1.106009018640830E-003 2.069858806187074E-003
350 -2.451663487037960E-004 4.588206306526189E-004
351 -8.746013361352919E-004 1.636787074695798E-003
352 -6.264909421418612E-004 1.172456805905926E-003
353 -4.671520417327928E-004 8.742593854885400E-004
354 1.746434640106230E-004 -3.268394107012699E-004
355 -4.085726222552256E-004 7.646299692163680E-004
356 -1.768724063254771E-003 3.310107799329183E-003
357 -5.927830560614909E-005 1.109374094975650E-004
358 -1.336516919534607E-003 2.501246608576642E-003
359 1.083823303937630E-004 -2.028339753817981E-004
360 4.242938350325548E-004 -7.940516889798845E-004
361 -5.260727918908480E-003 9.845275902105407E-003
362 1.692459388864791E-003 -3.167381041615065E-003
363 2.750248383519889E-003 -5.146997657748339E-003
364 -3.983191968670884E-004 7.454410530562534E-004
365 -7.381313849179410E-004 1.381388132671930E-003
366 -1.412378181654698E-004 2.643218541780568E-004
367 -1.349793018923268E-004 2.526092380504870E-004
368 5.109044032015541E-005 -9.561407301223344E-005
369 1.268860074781873E-003 -2.374629095614039E-003
370 4.630477738382649E-003 -8.665783847259976E-003
371 3.625235862294438E-004 -6.784507434731197E-004
372 -2.156517000475131E-004 4.035849537352878E-004
373 -5.096513722979791E-004 9.537954541190035E-004
374 -4.112597460872281E-003 7.696588226904225E-003
375 1.700660160759196E-004 -3.182727820581364E-004
376 1.571712450172036E-003 -2.941407164694445E-003
377 1.041226456962829E-003 -1.948620437689650E-003
378 3.996658991887799E-005 -7.479605956971504E-005
379 -3.686268663732203E-003 6.898728242359739E-003
380 -1.849137085456253E-004 3.460598254829618E-004
381 -6.773942755039116E-006 1.267715980989259E-005
382 -1.930321571498263E-004 3.612532038949271E-004
383 1.272657689854575E-004 -2.381735996043267E-004
384 2.814880132211151E-003 -5.267953792571793E-003
385 2.568090886629998E-004 -4.806096055841598E-004
386 -1.714721757252320E-003 3.209044264429223E-003
387 -1.579535490904320E-005 2.956047448919587E-005
388 2.837494399384979E-003 -5.310275668682433E-003
389 5.775071224840988E-003 -1.080785214516162E-002
390 7.078932714676510E-005 -1.324798578927712E-004
391 -3.526212461188201E-003 6.599188411391390E-003
392 -1.179986634015376E-004 2.208305587637499E-004
393 -6.286534215940813E-003 1.176503800180640E-002
394 1.019297330750660E-004 -1.907580957726175E-004
395 -6.888979638265737E-005 1.289249294797547E-004
396 1.026891612747272E-003 -1.921793235181283E-003
397 -1.144034619775329E-003 2.141022436510973E-003
398 -9.617298339000243E-005 1.799845589785656E-004
399 1.288385252872180E-004 -2.411169931276309E-004
400 1.910715582356047E-004 -3.575840044870493E-004
401 3.089151144369512E-003 -5.781242774239057E-003
402 6.036554377015000E-005 -1.129720673326713E-004
403 9.612561743782069E-004 -1.798958719154159E-003
404 -3.445537352046990E-005 6.448209247020183E-005
405 -6.544355330970505E-004 1.224754155396961E-003
406 1.393477978157433E-004 -2.607847776201578E-004
407 2.181781957760522E-004 -4.083132355985470E-004
408 5.639110077468329E-005 -1.055341120300482E-004
409 -7.736449701394368E-004 1.447850597798094E-003
410 1.302886158612489E-003 -2.438307779071261E-003
411 -2.727177808970835E-004 5.103821930431518E-004
412 -7.709486553097428E-005 1.442804335193111E-004
413 1.805494703339788E-005 -3.378926710712743E-005
414 2.590031281775854E-004 -4.847156661276709E-004
415 -2.243163930497191E-004 4.198007493776668E-004
416 -7.308927972592414E-004 1.367841374646883E-003
417 1.262301914718774E-003 -2.362355677757902E-003
418 8.339577717748802E-005 -1.560723985247736E-004
419 -3.256907232699320E-005 6.095193735551851E-005
420 -3.248271516851873E-004 6.079031104904882E-004
421 5.668407990377504E-005 -1.060823499031177E-004
422 -3.588993146096205E-004 6.716680314751909E-004
423 1.955651341121883E-004 -3.659935470549902E-004
424 2.296530211143823E-003 -4.297879285179483E-003
425 7.258368807561589E-005 -1.358379718213734E-004
426 4.085058461253785E-005 -7.645050486698620E-005
427 -9.063561823630512E-005 1.696215898109525E-004
428 6.848429802494781E-004 -1.281660676008940E-003
429 1.422911265025418E-003 -2.662930732760839E-003
430 3.662674278709460E-005 -6.854571672051493E-005
431 2.074800139991138E-004 -3.882918820817899E-004
432 8.361392722105347E-004 -1.564806617451776E-003
433 1.309042748223894E-003 -2.449829641994268E-003
434 -1.217529616373520E-003 2.278565857135793E-003
435 -2.233622706203078E-004 4.180150232399734E-004
436 -2.909311341931484E-003 5.444678601154784E-003
437 1.710846886521636E-003 -3.201792581802543E-003
438 3.043841466704826E-004 -5.696446811760829E-004
439 3.084955189398322E-003 -5.773390178628037E-003
440 2.755877420813888E-005 -5.157532445397050E-005
441 1.084685439287934E-004 -2.029952359747633E-004
442 -9.001205175373998E-005 1.684545625362985E-004
443 -2.772240726674213E-003 5.188155562947320E-003
444 5.738555049357798E-005 -1.073951567273689E-004
445 -3.610088751828023E-005 6.756162767116938E-005
446 -2.050533455467576E-004 3.837504518898282E-004
447 -1.245865490601016E-003 2.331595486667829E-003
448 9.488167684859060E-005 -1.775678912645492E-004
449 -5.581290784950078E-005 1.044520685567346E-004
450 -4.236255373885676E-004 7.928009826541821E-004
451 -4.396416258695673E-005 8.227746301825335E-005
452 2.244381800459632E-004 -4.200285183565969E-004
453 2.939245523616454E-004 -5.500699472485356E-004
454 1.166210555426710E-004 -2.182523874708814E-004
455 1.864750739950193E-003 -3.489818506436231E-003
456 1.813877445698310E-003 -3.394610850570961E-003
457 8.647339850975844E-004 -1.618320703809926E-003
458 -5.104712005636856E-004 9.553297276177835E-004
459 1.275877048515054E-004 -2.387761200609891E-004
460 4.125696533036935E-005 -7.721103572534399E-005
461 -2.805374724873405E-003 5.250164738129726E-003
462 -8.744029182456206E-005 1.636415698544670E-004
463 1.544911682402440E-003 -2.891250415818928E-003
464 -4.521460440926655E-005 8.461765070207586E-005
465 1.897406673082947E-004 -3.550933218323823E-004
466 -3.337584432864957E-003 6.246177403033220E-003
467 -2.983046076137722E-003 5.582670775533511E-003
468 -1.526766864410444E-006 2.857264647955295E-006
469 -3.478980942854419E-003 6.510796199316787E-003
470 -9.333470444573630E-004 1.746727654220443E-003
471 -1.697151876059879E-003 3.176162867929672E-003
472 -2.522816143029458E-004 4.721366109874120E-004
473 9.429836208192286E-005 -1.764762055694274E-004
474 3.553333669528750E-003 -6.649944820218874E-003
475 -9.821356292664520E-005 1.838033782990401E-004
476 8.750116044735930E-004 -1.637554865308597E-003
477 -2.338494281057048E-004 4.376413540738576E-004
478 2.461403162289885E-003 -4.606433511775114E-003
479 -2.263581752587696E-004 4.236217155407897E-004
480 3.858934908985963E-003 -7.221867300098495E-003
481 2.218360946084998E-003 -4.151588100754753E-003
482 1.185992498799733E-003 -2.219545215463953E-003
483 9.416251833594212E-005 -1.762219705809201E-004
484 -2.653030766260552E-004 4.965057996006263E-004
485 -6.679739471956060E-004 1.250090858220166E-003
486 1.601466524195266E-004 -2.997088708184432E-004
487 -2.637208230054660E-003 4.935446767017071E-003
488 2.482189971142312E-003 -4.645335277690304E-003
489 4.764522585097517E-004 -8.916644156376709E-004
490 3.077098283397510E-003 -5.758686298566854E-003
491 -1.132518378755343E-004 2.119470702708619E-004
492 9.148174114944921E-005 -1.712050867365069E-004
493 3.730231085817761E-005 -6.981012614328851E-005
494 3.025761691356984E-005 -5.662608018718028E-005
495 2.347790264453525E-003 -4.393810700210167E-003
496 -1.117903166430087E-003 2.092118243342754E-003
497 -1.342027496068268E-005 2.511560644728865E-005
498 1.213496947091146E-005 -2.271014117857814E-005
499 1.938078551142772E-004 -3.627049090101505E-004
500 3.512473234679525E-003 -6.573475966156846E-003
501 -6.551031997179624E-005 1.226003524500386E-004
502 -7.243109844473203E-005 1.355523628227722E-004
503 -2.250602324188900E-004 4.211927872774256E-004
504 2.798622629924503E-007 -5.237627636196511E-007
505 -2.056173557601748E-004 3.848059535059067E-004
506 2.967478028214251E-006 -5.553507291407080E-006
507 -7.374380693526179E-007 1.380082605244915E-006
508 -3.421452507025179E-005 6.403134803389918E-005
509 -1.110153320388736E-003 2.077614922677239E-003
510 2.031053423520673E-003 -3.801048512380013E-003
511 -1.036016898023401E-004 1.938870569003611E-004
512 -4.414989373910785E-005 8.262491065639951E-005
513 2.187243148792165E-003 -4.093352196751631E-003
514 3.116395994535597E-003 -5.832230789394828E-003
515 4.398071383608220E-005 -8.230845542190189E-005
516 3.793627483682687E-005 -7.099657262344608E-005
517 -1.325826972335996E-003 2.481240733870239E-003
518 4.757821080558541E-003 -8.904102594552175E-003
519 6.760939562031477E-005 -1.265287589396098E-004
520 1.961291084746900E-003 -3.670490496221276E-003
521 4.672248879624475E-003 -8.743957161515261E-003
522 9.793746525057678E-004 -1.832866873912473E-003
523 -2.912482901963397E-003 5.450614154952947E-003
524 -4.247787869210770E-004 7.949592758011137E-004
525 -9.445101355492603E-005 1.767619163425851E-004
526 4.853654451190346E-004 -9.083451959792181E-004
527 7.389298293973121E-006 -1.382882210423193E-005
528 -8.017114388194652E-005 1.500376293463709E-004
529 -1.477865267368036E-004 2.765775574208581E-004
530 -5.013883913742712E-003 9.383315649465672E-003
531 4.598063735300832E-004 -8.605121987083153E-004
532 2.937470824953733E-005 -5.497376303603615E-005
533 1.774920071926644E-003 -3.321703404110676E-003
534 1.816660451386638E-003 -3.399819110476646E-003
535 -5.332705439442548E-004 9.979979555425681E-004
536 -5.190389134676901E-003 9.713639154970975E-003
537 -1.537773847357722E-004 2.877891731781988E-004
538 4.497385043357036E-005 -8.416703507559909E-005
539 3.163602208384970E-003 -5.920575408731558E-003
540 -8.841557672454310E-004 1.654667902069925E-003
541 4.314262511224408E-003 -8.073997615705653E-003
542 3.452727826645480E-003 -6.461664327036986E-003
543 1.562556012030315E-004 -2.924271246382854E-004
544 7.175738071418028E-004 -1.342915307972515E-003
545 -8.115912521163074E-005 1.518865793817650E-004
546 -5.183279038784459E-006 9.700331687777516E-006
547 1.351376989914557E-003 -2.529056706362947E-003
548 -1.542119167339712E-004 2.886024437597741E-004
549 2.388452618152997E-004 -4.469908969724079E-004
550 -3.484737488587436E-003 6.521569412725992E-003
551 3.231746237858147E-004 -6.048106324725174E-004
552 -2.537564925888080E-004 4.748967699814637E-004
553 -2.064203205733890E-003 3.863087116767631E-003
554 -5.689895239791020E-004 1.064844843054364E-003
555 1.635683795025650E-003 -3.061127349270549E-003
556 -1.018941498944585E-003 1.906914856362310E-003
557 -2.118819669109485E-003 3.965299824617533E-003
558 -2.265487726810162E-004 4.239783352010703E-004
559 -7.844510468910564E-004 1.468073866059334E-003
560 1.584463311807245E-003 -2.965269949309221E-003
561 -2.103869223544705E-004 3.937320729520536E-004
562 3.242654182146558E-003 -6.068518558709039E-003
563 3.572887589494023E-004 -6.686538737932738E-004
564 -2.275238377005457E-003 4.258032377480420E-003
565 -3.206771408708185E-005 6.001367973489997E-005
566 2.897715959450800E-003 -5.422978225876801E-003
567 6.804636190940070E-004 -1.273464855182107E-003
568 -7.733898689761312E-004 1.447373227130832E-003
569 -2.882943869894791E-003 5.395332758200288E-003
570 6.713168319695066E-005 -1.256347099692291E-004
571 6.874069338147826E-004 -1.286458976689842E-003
572 3.492878129463093E-004 -6.536804345908572E-004
573 -7.466311669544093E-004 1.397295241021637E-003
574 9.583826210565092E-006 -1.793572870644911E-005
575 -1.886622754078106E-003 3.530751262831005E-003
576 -7.489476752630599E-006 1.401631544447390E-005
577 2.544388519364789E-003 -4.761737832277165E-003
578 3.230752513290916E-003 -6.046244851122724E-003
579 -1.851557367973508E-005 3.465133459886080E-005
580 -2.816060002068670E-003 5.270161886614611E-003
581 -4.577785467845469E-005 8.567172759452413E-005
582 1.455965284551336E-004 -2.724790190991530E-004
583 3.973083377870768E-005 -7.435493646582779E-005
584 -4.506590245202391E-003 8.433932605492394E-003
585 2.571400240604956E-004 -4.812288540904261E-004
586 -3.023393910436244E-003 5.658180240814563E-003
587 -7.357015069467125E-004 1.376840692901006E-003
588 2.440117906463389E-003 -4.566598845882208E-003
589 -8.293318338450514E-004 1.552066710994471E-003
590 -3.124345308685598E-004 5.847107648782649E-004
591 -9.949118735522363E-005 1.861943844705799E-004
592 -2.868540436281520E-004 5.368377270307131E-004
593 1.334456954796794E-005 -2.497391783663857E-005
594 -1.184892325436536E-003 2.217486249423793E-003
595 2.630693040774159E-004 -4.923253846071744E-004
596 2.027536499413205E-003 -3.794466615359430E-003
597 -2.326685008945348E-005 4.354312630049699E-005
598 1.544695338704609E-003 -2.890845443281643E-003
599 -3.824270828847137E-005 7.156994673938244E-005
600 -4.703493804709226E-005 8.802430770782684E-005
601 -2.603104167431652E-003 4.871622216320307E-003
602 3.290463712639481E-003 -6.157992505843325E-003
603 1.536788759490600E-004 -2.876049060476702E-004
604 9.345434383044113E-004 -1.748966719199789E-003
605 -1.068048489805102E-004 1.998817081559285E-004
606 -1.751679986043931E-003 3.278210373747499E-003
607 1.178260456854477E-003 -2.205074950414177E-003
608 1.116025164228188E-004 -2.088603772697172E-004
609 3.020669388937259E-005 -5.653080898976597E-005
610 4.334564927797011E-005 -8.111992051455834E-005
611 -1.689103078634257E-003 3.161099777930326E-003
612 -5.072713308616058E-003 9.493412901009734E-003
613 4.204449037973772E-005 -7.868485301054892E-005
614 -2.044291728827452E-004 3.825823567287920E-004
615 1.106336044618762E-003 -2.070470842514886E-003
616 3.866153638916240E-005 -7.235375036458870E-005
617 -2.832084565935566E-004 5.300151489566720E-004
618 -2.647381359041012E-004 4.954485322113083E-004
619 1.269385350486150E-003 -2.375612152078815E-003
620 -9.420018322459827E-004 1.762924860196647E-003
621 1.826140957966978E-003 -3.417561592412040E-003
622 1.420778735697146E-004 -2.658938768166997E-004
623 -2.136537658193103E-005 3.998458709767144E-005
624 2.509328348315442E-003 -4.696123857441064E-003
625 1.299487141555455E-004 -2.431946640824217E-004
626 -5.261894674910570E-004 9.847459411600260E-004
627 1.744117031424327E-004 -3.264056079428113E-004
628 -1.216319359262899E-004 2.276300050812901E-004
629 -2.111946017767834E-003 3.952436165800493E-003
630 -8.724586953287759E-004 1.632777113437728E-003
631 -1.110684699598756E-004 2.078608898668510E-004
632 1.264225951999252E-004 -2.365956491146506E-004
633 -2.117954754417708E-003 3.963681318469070E-003
634 1.850083556462435E-003 -3.462369344459622E-003
635 -3.266462034988857E-005 6.113074820621075E-005
636 3.600291979296303E-005 -6.737827618651955E-005
637 1.460770654294334E-004 -2.733783476779321E-004
638 6.065902623705319E-005 -1.135213124522597E-004
639 5.446640855827989E-004 -1.019320508063133E-003
640 -6.168466282441764E-005 1.154407718114061E-004
641 -4.753183678019680E-004 8.895424223223924E-004
642 7.248485662821893E-005 -1.356529714953437E-004
643 -2.694991898269593E-005 5.043588646629853E-005
644 3.058287677672611E-005 -5.723479793237777E-005
645 -3.071593961676635E-004 5.748385150782033E-004
646 -3.896315372221233E-004 7.291820841938453E-004
647 5.512360093059120E-003 -1.031619765390460E-002
648 -1.489629963954112E-003 2.787792562582018E-003
649 -4.292227275027703E-004 8.032758437744024E-004
650 -4.354710575393540E-004 8.149694658860106E-004
651 -1.397996712497973E-003 2.616304057909565E-003
652 -1.172182965563190E-004 2.193701149516991E-004
653 -3.539691956123149E-003 6.624415073625092E-003
654 -3.544292281173709E-003 6.633024101939187E-003
655 -2.229920978278366E-004 4.173220664873846E-004
656 -8.204969500097923E-005 1.535532670176296E-004
657 1.152950345380710E-003 -2.157707880061383E-003
658 -1.919188388238792E-003 3.591696902585492E-003
659 -7.898852969105066E-006 1.478249528054897E-005
660 -1.481930295034981E-003 2.773382900680871E-003
661 2.596481105652839E-005 -4.859227288413829E-005
662 3.422828421934378E-004 -6.405708814368812E-004
663 -2.620846326799512E-004 4.904825955705252E-004
664 -1.036037925044352E-004 1.938910077402881E-004
665 4.535510766092965E-004 -8.488056297717763E-004
666 1.613979944282649E-004 -3.020509263636199E-004
667 2.052140645081753E-004 -3.840512657339028E-004
668 -1.475725735320532E-005 2.761770456025753E-005
669 -2.506953644412249E-004 4.691679818847558E-004
670 1.468736117553015E-004 -2.748690393640445E-004
671 2.719283271346326E-003 -5.089047483074987E-003
672 -1.886288366327546E-004 3.530125045740607E-004
673 -1.756218950146141E-003 3.286704847052524E-003
674 -3.067922338511692E-004 5.741511680315903E-004
675 1.120401662256676E-004 -2.096793939933445E-004
676 -6.785075442210882E-005 1.269804814401595E-004
677 5.566952260965526E-005 -1.041836129175828E-004
678 -4.742030670140633E-004 8.874551219324013E-004
679 4.192743555809657E-004 -7.846579090178907E-004
680 1.428144380915073E-004 -2.672724223805932E-004
681 4.476964066694744E-004 -8.378489558122375E-004
682 -2.478324299998021E-004 4.638100830712630E-004
683 7.481782076609349E-005 -1.400190200376801E-004
684 1.270585380293913E-004 -2.377857802739736E-004
685 -1.418643217563660E-004 2.654943562460748E-004
686 -5.962555502076624E-004 1.115872303966456E-003
687 1.847543944850018E-004 -3.457617545465156E-004
688 2.232450569516791E-004 -4.177956551800490E-004
689 -1.460812821935300E-004 2.733862036868769E-004
690 9.230080630046976E-005 -1.727378117546039E-004
691 4.440287239922593E-004 -8.309848928172046E-004
692 4.478167064155133E-004 -8.380739991001003E-004
693 8.114573481564740E-005 -1.518615679273875E-004
694 -1.817016037342715E-004 3.400483991181417E-004
695 -1.233991172455384E-004 2.309373720983551E-004
696 1.584524996021744E-003 -2.965385410068635E-003
697 -1.201458668419166E-003 2.248489620752210E-003
698 -8.643688437894637E-004 1.617637269115521E-003
699 -1.608648832877331E-004 3.010532416487981E-004
700 1.560453630479858E-003 -2.920336612242560E-003
701 -3.541755256834348E-007 6.628353296603711E-007
702 7.927473750441633E-004 -1.483600119096141E-003
703 -2.540460084443858E-005 4.754385992926485E-005
704 1.540094188047035E-003 -2.882234722485444E-003
705 -6.250295655509170E-004 1.169721842153705E-003
706 -8.254169720987787E-006 1.544740484988671E-005
707 2.194016707295777E-005 -4.106028376450034E-005
708 -2.585269616237921E-005 4.838242476523104E-005
709 2.425568599004847E-004 -4.539370450838301E-004
710 4.303295557605627E-004 -8.053473689357632E-004
711 4.533115722749025E-005 -8.483585151826540E-005
712 -2.580291657499840E-004 4.828928267051077E-004
713 1.513971851296164E-003 -2.833347540446168E-003
714 3.854935142200757E-004 -7.214381613086722E-004
715 1.059815864171106E-004 -1.983409363892271E-004
716 -1.295626785014392E-005 2.424722228611463E-005
717 8.605936664415496E-005 -1.610572197525370E-004
718 5.774674088654862E-004 -1.080710793936352E-003
719 3.051598263226205E-004 -5.710964359446355E-004
720 1.093323564865294E-005 -2.046070212491242E-005
721 -7.664407549443872E-005 1.434368407142794E-004
722 -1.376109683516591E-004 2.575333881150966E-004
723 7.374051600095215E-005 -1.380029984424677E-004
724 -4.367339728989694E-004 8.173330220773075E-004
725 6.005130191656758E-005 -1.123837927472439E-004
726 -1.701191974637361E-005 3.183735360387726E-005
727 -1.268098262542537E-004 2.373202756870674E-004
728 5.686528390142719E-005 -1.064214904189324E-004
729 3.818549184377896E-005 -7.146293788216000E-005
730 -1.183869309585224E-004 2.215571908517253E-004
731 -7.707171171122597E-005 1.442370173626439E-004
732 -5.802336098524183E-004 1.085887820260787E-003
733 -6.444546627802134E-005 1.206070040367008E-004
734 4.644672334967730E-006 -8.692427081843251E-006
735 -7.433955727603891E-004 1.391239848147017E-003
736 -6.842058944478439E-005 1.280466971539521E-004
737 8.401269332547707E-004 -1.572269518869962E-003
738 -3.408843842606141E-003 6.379536758348524E-003
739 -1.675432669962276E-003 3.135516151481149E-003
740 -1.295758267874861E-004 2.424969145198471E-004
741 -2.588175137222552E-004 4.843682396774853E-004
742 1.537682876772475E-003 -2.877721880286839E-003
743 1.824919075605931E-004 -3.415275185483130E-004
744 6.350350497397020E-005 -1.188448761722454E-004
745 -2.623710721810078E-005 4.910181122022372E-005
746 1.466845710069321E-003 -2.745152670484695E-003
747 -1.805508223755227E-004 3.378948042639516E-004
748 -1.111239333521147E-003 2.079647156397213E-003
749 9.373302249463269E-005 -1.754182127875329E-004
750 1.928305848979377E-003 -3.608759819974731E-003
751 -3.883355576128429E-005 7.267574787216992E-005
752 7.191646928602542E-004 -1.345892490819666E-003
753 -8.580868683652197E-005 1.605881006071309E-004
754 -5.482984791268048E-004 1.026122591976700E-003
755 2.093417244808499E-004 -3.917762547609494E-004
756 5.700276270583140E-005 -1.066786834109812E-004
757 7.805139546350625E-005 -1.460706956966581E-004
758 9.321773582193301E-004 -1.744538586442254E-003
759 -1.143239461191839E-003 2.139534307537737E-003
760 1.616457429021389E-004 -3.025145398044645E-004
761 3.219379244378097E-005 -6.024968809364927E-005
762 6.490462379704111E-005 -1.214667441915870E-004
763 9.657316915357697E-004 -1.807334406823517E-003
764 -1.386838322281233E-005 2.595425311336330E-005
765 6.549972139637629E-005 -1.225805827846928E-004
766 -6.250502456885584E-004 1.169760660750424E-003
767 9.292808712044596E-005 -1.739118881347408E-004
768 -1.206187366737495E-004 2.257340745252189E-004
769 2.495735882590788E-003 -4.670686128597093E-003
770 -4.052783745999447E-005 7.584650894643871E-005
771 -1.299602710783229E-003 2.432163055525347E-003
772 1.069833859568324E-004 -2.002159140200315E-004
773 -4.617042363027360E-004 8.640639399679944E-004
774 -1.320592549374239E-005 2.471447831768559E-005
775 -3.081276523377663E-004 5.766505099741452E-004
776 7.961261928699344E-004 -1.489923434211732E-003
777 4.743298339338729E-004 -8.876922795315607E-004
778 1.128456613241940E-004 -2.111868312453626E-004
779 3.497153039800053E-004 -6.544806260144061E-004
780 -9.786714334037439E-004 1.831550918039455E-003
781 -4.991646222913924E-004 9.341697889879699E-004
782 1.704691684378109E-004 -3.190271667467234E-004
783 -3.579543001443083E-004 6.698993871498094E-004
784 -1.763372634810015E-004 3.300092637540145E-004
785 5.583572325350383E-004 -1.044946774283307E-003
786 1.632915124440387E-005 -3.055913790805876E-005
787 -1.099894765771039E-003 2.058416073113376E-003
788 1.306360319938130E-004 -2.444809369696988E-004
789 -2.336302555900382E-004 4.372312388504817E-004
790 8.212535253452852E-005 -1.536948816406694E-004
791 -5.949022326886017E-004 1.113339779709917E-003
792 -3.321128739159779E-005 6.215395882036265E-005
793 -1.571772413109518E-004 2.941520341296893E-004
794 1.282123954187615E-005 -2.399443308194106E-005
795 -2.397305903755379E-004 4.486477357083705E-004
796 4.630734404117889E-005 -8.666268806691637E-005
797 1.002781580752272E-005 -1.876664775365972E-005
798 -8.516877703020385E-004 1.593904816898681E-003
799 1.415812110528016E-004 -2.649641656295213E-004
800 -4.635727034171038E-004 8.675605972450666E-004
801 4.426519283588343E-005 -8.284092301030903E-005
802 -1.874089807782271E-004 3.507296078222405E-004
803 -7.295866002281916E-005 1.365398809174407E-004
804 2.642965299272110E-004 -4.946222574068050E-004
805 -6.264874088886640E-005 1.172451053818164E-004
806 2.917001310773270E-004 -5.459068637627306E-004
807 9.350387316612775E-004 -1.749893584578390E-003
808 1.170240968150361E-005 -2.190071593636051E-005
809 -7.788584362268677E-004 1.457607492379861E-003
810 1.218961151411454E-004 -2.281237759081168E-004
811 1.043127707256131E-003 -1.952178671433011E-003
812 9.568425681371742E-006 -1.790697597965969E-005
813 -6.905662572436301E-004 1.292371246296058E-003
814 6.015620711080695E-006 -1.125838489674309E-005
815 9.886434247267569E-006 -1.850193263657472E-005
816 4.695653522205979E-005 -8.787757169366803E-005
817 -1.225125243113478E-003 2.292781436655905E-003
818 1.267962996969696E-003 -2.372950594307130E-003
819 1.239649442951715E-003 -2.319962963379962E-003
820 -7.275808527847797E-006 1.361630727172777E-005
821 5.805605341187198E-004 -1.086499322844676E-003
822 6.129395272684052E-005 -1.147095488127250E-004
823 -1.030006183355778E-004 1.927620895618586E-004
824 -8.564574793627747E-005 1.602831933172196E-004
825 1.193869378114922E-003 -2.234286277778024E-003
826 -8.243297692568756E-005 1.542705513173626E-004
827 3.350382199808606E-004 -6.270128007699338E-004
828 -1.062193521609989E-004 1.987857138223621E-004
829 -2.605791236045602E-004 4.876648199106791E-004
830 -1.458258827090553E-005 2.729010094337004E-005
831 5.912752805435546E-005 -1.106549700604609E-004
832 1.118279532613230E-004 -2.092818338945099E-004
833 4.394600260005862E-004 -8.224344907446495E-004
834 7.389789444287786E-005 -1.382973515642377E-004
835 1.415864596891085E-005 -2.649746514610051E-005
836 -1.598910160825196E-003 2.992307470042957E-003
837 -6.315029243178814E-005 1.181834838029577E-004
838 -5.728805722911294E-004 1.072126564065747E-003
839 -6.209372098855972E-005 1.162062974967716E-004
840 -8.364922131745732E-004 1.565466818114450E-003
841 7.835029759863734E-004 -1.466299594534355E-003
842 -1.484267355805646E-004 2.777755593127705E-004
843 8.982509212903892E-004 -1.681046430536606E-003
844 -3.472588533462156E-004 6.498831518566445E-004
845 -5.951955027700664E-005 1.113890633118171E-004
846 -7.474363696822747E-005 1.398801326408156E-004
847 1.057839189665779E-004 -1.979710397181504E-004
848 -1.825418360843835E-004 3.416209324553790E-004
849 1.250361602366625E-004 -2.340008840937711E-004
850 -1.906055708609729E-004 3.567118970571300E-004
851 -3.500618246878646E-005 6.551295113579073E-005
852 3.798808871685876E-006 -7.109325635631464E-006
853 7.256082860654291E-005 -1.357951289428572E-004
854 -3.234592237611591E-005 6.053428430081808E-005
855 -9.026629316346138E-004 1.689303124894202E-003
856 -4.863292317346793E-005 9.101491280959732E-005
857 5.458984878237755E-004 -1.021630798999305E-003
858 -3.527159773384638E-005 6.600973198914539E-005
859 -2.656485716061686E-005 4.971506010250679E-005
860 -2.771537899420131E-004 5.186841175614646E-004
861 2.086084115586291E-004 -3.904036095610623E-004
862 2.549514193595857E-005 -4.771321889800889E-005
863 2.549489588020042E-004 -4.771283525094026E-004
864 -3.538759370546608E-005 6.622675403719660E-005
865 1.616809810530063E-004 -3.025805107853004E-004
866 -1.106994747213752E-004 2.071702659797094E-004
867 -1.289789350927233E-004 2.413795764399241E-004
868 -8.537966609827422E-005 1.597850090796040E-004
869 -4.866732916080418E-005 9.107918446426956E-005
870 3.531384952249420E-004 -6.608866443741303E-004
871 8.360468539377020E-004 -1.564633755196944E-003
872 -1.897073419726060E-005 3.550288098579040E-005
873 1.092554143257740E-003 -2.044678898467787E-003
874 -5.733833734176426E-005 1.073066684253456E-004
875 -1.597746427999642E-004 2.990127346753284E-004
876 2.272621864536901E-005 -4.253116314700859E-005
877 -6.830002881920073E-004 1.278212302304384E-003
878 -4.013970517517874E-005 7.511996224814824E-005
879 -8.237582063903649E-005 1.541636575706286E-004
880 7.034489603003019E-005 -1.316482898331077E-004
881 -4.737268584727000E-005 8.865661551358648E-005
882 1.666577396044522E-004 -3.118944175688316E-004
883 -5.813957965834697E-006 1.088055799987471E-005
884 -1.755649885443881E-005 3.285616415171343E-005
885 1.071751905954918E-004 -2.005746244058363E-004
886 6.327138255248018E-005 -1.184100590677153E-004
887 6.084112437183622E-005 -1.138619153911803E-004
888 3.895816453593189E-004 -7.290888827616422E-004
889 -2.952007970583085E-005 5.524576674394438E-005
890 -2.526246590905899E-006 4.727529214456349E-006
891 8.989817345228513E-005 -1.682411871840567E-004
892 -8.929331133542263E-005 1.671094676362292E-004
893 2.162454959332381E-005 -4.046964795279309E-005
894 6.144962702288202E-005 -1.150008458956100E-004
895 -3.247937585303910E-004 6.078406734027692E-004
896 1.533882326986304E-004 -2.870608271887545E-004
897 -1.056507995504545E-005 1.977195967383821E-005
898 -8.613260274278700E-005 1.611934553543146E-004
899 2.245900957037231E-004 -4.203128925578729E-004
900 4.936976285302415E-005 -9.239396820707829E-005
901 -7.799064051318404E-004 1.459568388734913E-003
902 4.780102188840168E-004 -8.945800059249906E-004
903 1.057172506414572E-004 -1.978464610835661E-004
904 3.291059632351115E-004 -6.159108221309377E-004
905 3.000239468820621E-005 -5.614867206179297E-005
906 2.046947406828914E-004 -3.830794429611340E-004
907 4.074265859860275E-004 -7.624850412793705E-004
908 1.279413124742582E-004 -2.394378381590754E-004
909 -2.992878423152753E-004 5.601071313526597E-004
910 1.343363878119465E-005 -2.514072878614146E-005
911 2.663446876013102E-004 -4.984553346597817E-004
912 8.287759732010727E-004 -1.551026421536208E-003
913 -1.068098789295341E-005 1.998917282896944E-005
914 3.116071594738585E-004 -5.831624213518809E-004
915 2.816494597682647E-004 -5.270975556925880E-004
916 -3.479407897179055E-004 6.511596821433042E-004
917 1.237797775943059E-004 -2.316497493957086E-004
918 6.352981046150498E-005 -1.188939245324576E-004
919 -1.007269412088064E-003 1.885071230773983E-003
920 2.735590861133787E-005 -5.119561565862118E-005
921 5.634280564251023E-005 -1.054437449160263E-004
922 1.868187674959191E-005 -3.496193512237538E-005
923 -6.124941089835121E-004 1.146262186250676E-003
924 1.236915004853662E-004 -2.314848359477737E-004
925 6.268308222252010E-006 -1.173106527753829E-005
926 1.553719674105784E-005 -2.907746724610531E-005
927 1.135196648949765E-004 -2.124482584844482E-004
928 -1.229246733374643E-003 2.300493587217887E-003
929 2.697536098331424E-006 -5.048307759679743E-006
930 7.955221550060365E-005 -1.488792001632181E-004
931 6.476310110423085E-005 -1.212019173987897E-004
932 1.239124195559764E-004 -2.318981583312981E-004
933 -2.614656360943460E-005 4.893212559311248E-005
934 1.822800552379695E-004 -3.411310944207846E-004
935 -2.111304592304634E-005 3.951239349192592E-005
936 -3.595108910713605E-004 6.728125616844240E-004
937 6.543608361560323E-005 -1.224618279270187E-004
938 4.891958611684261E-004 -9.155137164837144E-004
939 -3.177609238077347E-004 5.946788878258315E-004
940 4.495271303147714E-005 -8.412743877997632E-005
941 -7.026967032531407E-004 1.315073432737443E-003
942 -1.348511565144495E-004 2.523697825876750E-004
943 -6.577863533257630E-004 1.231025130150364E-003
944 -3.666705416958839E-005 6.862122998918925E-005
945 1.390604736207013E-004 -2.602469575770079E-004
946 8.378228970148379E-006 -1.567956111361858E-005
947 8.510858837053294E-005 -1.592778492810339E-004
948 -7.829359220798929E-004 1.465238507599116E-003
949 2.443717239614023E-004 -4.573332964830947E-004
950 1.343563335902936E-004 -2.514432684763499E-004
951 2.593694552887301E-005 -4.854006616953429E-005
952 8.723202329681221E-004 -1.632517946070859E-003
953 3.704482771285725E-005 -6.932795949513040E-005
954 5.215420173733569E-004 -9.760481927521444E-004
955 -4.561765589243154E-006 8.537191327062357E-006
956 3.930333603430947E-004 -7.355489591231309E-004
957 -9.623489912815684E-006 1.801042791519863E-005
958 1.369982143910359E-005 -2.563882769889865E-005
959 4.979479642813905E-005 -9.318958084942981E-005
960 -2.521899938900901E-004 4.719651750619239E-004
961 1.815682838386483E-005 -3.397973684319540E-005
962 -9.810167786193535E-005 1.835938673599081E-004
963 -1.219596764777563E-004 2.282433310083091E-004
964 4.680614250027468E-004 -8.759613185587232E-004
965 -8.026565325752816E-006 1.502139243408328E-005
966 -1.518440999897455E-004 2.841714786133639E-004
967 -2.527096611767602E-005 4.729358953426926E-005
968 6.986504901260699E-004 -1.307500846264581E-003
969 2.148012549563978E-005 -4.019934032737119E-005
970 1.798909300922508E-004 -3.366597086661908E-004
971 4.265243718641055E-007 -7.982216647803816E-007
972 -8.784432613721914E-005 1.643976186792308E-004
973 -2.336404682077755E-004 4.372508430829452E-004
974 6.966825183232846E-004 -1.303818127485734E-003
975 3.218189443709186E-005 -6.022699130778695E-005
976 1.232042293211893E-003 -2.305725669249564E-003
977 -1.929244976883878E-004 3.610517877115858E-004
978 -5.170118301597042E-005 9.675658556935934E-005
979 -3.321111099165033E-004 6.215352627107215E-004
980 -5.259954441777546E-005 9.843842551450333E-005
981 -6.122875688020626E-006 1.145867345370385E-005
982 3.916448616960087E-005 -7.329502318002461E-005
983 1.331476858170372E-004 -2.491815461087176E-004
984 2.726722388243488E-005 -5.102964300303129E-005
985 -1.967679198467838E-005 3.682439984773604E-005
986 -5.345309558649346E-004 1.000356680229218E-003
987 -4.235206284384509E-005 7.926031794166392E-005
988 -8.671216760037242E-005 1.622792235356821E-004
989 -1.397212795848567E-005 2.614842091414355E-005
990 6.562752941771758E-004 -1.228197289425676E-003
991 7.200639758637062E-005 -1.347575857937908E-004
992 -4.580674724350824E-004 8.572579074293223E-004
993 -6.210994531320183E-005 1.162366313546953E-004
994 2.465913639585930E-005 -4.614878279250989E-005
995 6.525406551072557E-004 -1.221207891371642E-003
996 -2.994050910269790E-004 5.603263692202479E-004
997 1.575158593220702E-004 -2.947859643262679E-004
998 -3.110357244387936E-005 5.820936087393530E-005
999 1.519648921215307E-005 -2.843958539429251E-005
1000 2.161339393408407E-005 -4.044878181948613E-005
1001 2.530618941188086E-004 -4.735968759343783E-004
1002 2.014664585655614E-004 -3.770376291280298E-004
1003 -4.421883825433765E-006 8.275251427397204E-006
1004 -7.120776075572779E-004 1.332629470669458E-003
1005 1.485342795892851E-004 -2.779768480560534E-004
1006 -4.171510178460907E-005 7.806822848643455E-005
1007 -8.212602905541679E-006 1.536994730619375E-005
1008 -2.135691196608950E-005 3.996878672105790E-005
1009 2.660746390579832E-005 -4.979506710098728E-005
1010 -3.402579413620330E-005 6.367846562827484E-005
1011 1.437786227424712E-004 -2.690767593466781E-004
1012 -3.602683018184902E-004 6.742299920721396E-004
1013 1.228955268153657E-005 -2.299931811657473E-005
1014 2.509649653735807E-004 -4.696725208760924E-004
1015 2.688711770522418E-006 -5.031776137420265E-006
1016 -1.867122877966402E-004 3.494257531904324E-004
1017 2.383370113480199E-005 -4.460413700101990E-005
1018 9.036118003334229E-005 -1.691079232323450E-004
1019 7.065188161993912E-005 -1.322226629389074E-004
1020 -2.276842201197713E-006 4.261238234353519E-006
1021 2.392228733898029E-005 -4.476960094008354E-005
1022 8.600228324495800E-004 -1.609503923124665E-003
1023 -2.035193980495801E-004 3.808801346312019E-004
1024 -6.101972919960685E-005 1.141962987864231E-004
1025 5.089801421310550E-004 -9.525388479850715E-004
1026 5.329910445266278E-006 -9.974750317144092E-006
1027 4.789196698099414E-004 -8.962819866674293E-004
1028 -2.846313692612278E-005 5.326772523496644E-005
1029 2.803563538997876E-004 -5.246774600504526E-004
1030 -6.667954854131105E-005 1.247890128809877E-004
1031 -4.206943550175856E-004 7.873149203010179E-004
1032 5.062626978084198E-004 -9.474539912747048E-004
1033 2.146384679632909E-005 -4.016929096434838E-005
1034 3.210170356712079E-005 -6.007719249303099E-005
1035 9.116221496499599E-006 -1.706117655186173E-005
1036 2.870536857183088E-005 -5.372113509342029E-005
1037 -9.468937689821220E-005 1.772081687838291E-004
1038 -1.413338710698229E-004 2.645014777875287E-004
1039 2.297661386347954E-006 -4.300149298507950E-006
1040 -2.348384842556313E-004 4.394922701112326E-004
1041 4.622932090820461E-005 -8.651681244088630E-005
1042 2.528606112248264E-004 -4.732199897738550E-004
1043 3.469841920549996E-005 -6.493685879776544E-005
1044 -3.860422575492099E-004 7.224649955655430E-004
1045 -2.233521967955390E-006 4.179745341093041E-006
1046 -5.038877522810158E-006 9.430206915788216E-006
1047 2.836845424334965E-005 -5.309021655485865E-005
1048 2.349343996111088E-004 -4.396716105230175E-004
1049 -3.352996375540996E-006 6.275033120650861E-006
1050 2.812663447694130E-005 -5.263812622826796E-005
1051 1.718492994264331E-005 -3.216102533974342E-005
1052 7.668808622368121E-006 -1.435187053132893E-005
1053 2.179454759304698E-004 -4.078776692447394E-004
1054 9.705498192884554E-005 -1.816352014525938E-004
1055 -1.784409253563793E-004 3.339462647318149E-004
1056 -1.832274870500023E-004 3.429040288854563E-004
1057 -4.953541044785805E-005 9.270426245095185E-005
1058 -1.932417778867328E-005 3.616460816359175E-005
1059 3.162757883950344E-005 -5.919006558689451E-005
1060 -2.664407179556874E-004 4.986347774040863E-004
1061 -2.428147702608038E-004 4.544197990147704E-004
1062 -9.136453549761162E-006 1.709857252326870E-005
1063 -4.003973082568422E-005 7.493300098641171E-005
1064 3.948035852644328E-005 -7.388617047179269E-005
1065 1.596752976736048E-005 -2.988270304369620E-005
1066 -4.250117580191228E-005 7.953946209254718E-005
1067 -1.185016298794472E-004 2.217718648399391E-004
1068 9.484961160180376E-005 -1.775078001543946E-004
1069 8.856529727088830E-006 -1.657469910195980E-005
1070 -1.675227369500858E-005 3.135122087874716E-005
1071 -2.421468819113624E-004 4.531697059741152E-004
1072 6.910637037509743E-005 -1.293299939378024E-004
1073 2.543591680696492E-004 -4.760247554548096E-004
1074 -3.097728688162245E-004 5.797293096615870E-004
1075 1.170798734824154E-004 -2.191109004326700E-004
1076 -9.864670409507247E-006 1.846145601647876E-005
1077 7.001488042905158E-006 -1.310310702012045E-005
1078 3.977392529478617E-004 -7.443557458770988E-004
1079 3.248857869766397E-006 -6.080301595631378E-006
1080 1.252011250224242E-004 -2.343097270531824E-004
1081 -2.180310102793779E-005 4.080411040358590E-005
1082 5.647405287937274E-007 -1.056857320352528E-006
1083 1.424086083986524E-004 -2.665128669558284E-004
1084 3.476498806998782E-005 -6.506161535368864E-005
1085 -4.193723008196689E-006 7.848364239330144E-006
1086 -3.868136629220481E-004 7.239087294328837E-004
1087 -1.867125335507146E-004 3.494258401387163E-004
1088 -3.610534835574405E-004 6.756993581172583E-004
1089 -2.626144188025165E-005 4.914752856016968E-005
1090 -9.256541931823599E-006 1.732333886883810E-005
1091 6.552718096301385E-005 -1.226317504365004E-004
1092 6.807774089500170E-005 -1.274054157771224E-004
1093 2.401517343537919E-006 -4.494316108073789E-006
1094 3.115536106579943E-004 -5.830620339800875E-004
1095 -2.056766511265606E-005 3.849161267940171E-005
1096 9.695837233182861E-005 -1.814543702025566E-004
1097 2.766444646672269E-004 -5.177308557051806E-004
1098 -1.466946184121526E-004 2.745339662681559E-004
1099 -1.483804642894984E-005 2.776873863138735E-005
1100 -1.977333084726375E-006 3.700387976060984E-006
1101 -4.485482584742439E-005 8.394437386920017E-005
1102 8.320448450464932E-006 -1.557123786472599E-005
1103 5.715286551694004E-005 -1.069597211592800E-004
1104 3.091053347360938E-006 -5.784860901160171E-006
1105 1.166163989401802E-004 -2.182437569047898E-004
1106 -1.013352872274206E-005 1.896446317629213E-005
1107 -2.438241454634367E-005 4.563095116192478E-005
1108 3.200417733550669E-005 -5.989481973051014E-005
1109 1.098771637537347E-004 -2.056315957169483E-004
1110 5.100063400368187E-006 -9.544835729671502E-006
1111 2.569349345497846E-004 -4.808452061817179E-004
1112 -2.238471498247667E-005 4.189239221530915E-005
1113 -8.878540449944689E-005 1.661591057044540E-004
1114 1.026897070597274E-005 -1.921819602334813E-005
1115 -1.755198583455345E-005 3.284801229120584E-005
1116 3.738412890415322E-007 -6.996070469990292E-007
1117 9.298026867068096E-006 -1.740082486089243E-005
1118 -1.273246435509795E-004 2.382838641191796E-004
1119 -3.157496199134054E-006 5.909152501232804E-006
1120 2.714232956195313E-004 -5.079597000137106E-004
1121 -8.875747620226698E-006 1.661052035419303E-005
1122 3.038962827318487E-005 -5.687291501926013E-005
1123 3.360096084380219E-006 -6.288251763994419E-006
1124 4.903043018730121E-006 -9.175912679966631E-006
1125 2.629035369919117E-005 -4.920158490536095E-005
1126 5.245577926792138E-004 -9.816920885698927E-004
1127 -3.311983804427619E-005 6.198258364761376E-005
1128 -5.024309600020438E-004 9.402829858319605E-004
1129 -2.356052623805352E-004 4.409272433078342E-004
1130 6.558026524329380E-006 -1.227286333594260E-005
1131 -3.582261672205450E-004 6.704084908270051E-004
1132 1.589001627748621E-005 -2.973770722035402E-005
1133 -3.507117865442994E-005 6.563452185209377E-005
1134 1.534242019363900E-004 -2.871284793868749E-004
1135 -1.829058446426185E-004 3.423022300974018E-004
1136 6.427052122382172E-005 -1.202798616460212E-004
1137 -4.026050358664330E-005 7.534607294965228E-005
1138 -2.633651716509035E-005 4.928795522578471E-005
1139 -6.915775656016912E-005 1.294264410197990E-004
1140 -1.620246502782571E-005 3.032236005952901E-005
1141 5.899645386340030E-004 -1.104098666829281E-003
1142 -4.616743912319276E-005 8.640100359672496E-005
1143 -3.358525234428827E-004 6.285365850050930E-004
1144 -2.540881062113611E-005 4.755188257865061E-005
1145 2.057232611338045E-006 -3.849953182129216E-006
1146 -6.322948872389146E-005 1.183319385996450E-004
1147 3.004162079935612E-004 -5.622188385747999E-004
1148 3.592979565427208E-004 -6.724144014625511E-004
1149 5.396118116068655E-005 -1.009867131006637E-004
1150 -3.076235166495632E-004 5.757074804112240E-004
1151 -3.739581164423357E-005 6.998474600764479E-005
1152 -2.311435416797588E-004 4.325771567781181E-004
1153 1.707440843225723E-005 -3.195432814640179E-005
1154 4.942812101230072E-005 -9.250322821166683E-005
1155 1.648963479957249E-004 -3.085979119109612E-004
1156 2.884383092783592E-005 -5.398018540712454E-005
1157 3.445691978260249E-004 -6.448498188455120E-004
1158 5.824904321308094E-005 -1.090112128018498E-004
1159 -3.541350549695761E-004 6.627518284415942E-004
1160 -1.617680529252252E-005 3.027431960910612E-005
1161 7.774237073800910E-006 -1.454911243791414E-005
1162 -6.041195736977985E-005 1.130588608146948E-004
1163 -1.746754366963054E-005 3.269003039124207E-005
1164 -1.213765643020494E-005 2.271516049680839E-005
1165 -2.289854716960061E-004 4.285387433414385E-004
1166 6.632199632896139E-005 -1.241194189865259E-004
1167 1.291225441173613E-006 -2.416563907042109E-006
1168 5.417057048451854E-004 -1.013784187948684E-003
1169 -4.866270612454873E-005 9.107013394558693E-005
1170 -3.375566153989815E-005 6.317265714607345E-005
1171 2.607844700381350E-005 -4.880532024280147E-005
1172 -2.060637054655278E-004 3.856413370944658E-004
1173 2.248633866798665E-004 -4.208242144445567E-004
1174 6.605245319949750E-005 -1.236147980272100E-004
1175 -1.536262851144239E-004 2.875063464100671E-004
1176 -3.336143404666547E-005 6.243488343410104E-005
1177 1.473853258330201E-004 -2.758268111832330E-004
1178 -1.981019816815565E-005 3.707378856828684E-005
1179 1.025872639883065E-005 -1.919885007265544E-005
1180 3.081226727098546E-004 -5.766415618797111E-004
1181 3.026305786933757E-004 -5.663629225467860E-004
1182 5.865921971365850E-005 -1.097788215116811E-004
1183 -1.990539757954634E-004 3.725228210386570E-004
1184 -1.089149315531970E-004 2.038306625433475E-004
1185 2.966698173546034E-004 -5.552079223925716E-004
1186 -1.661785368348161E-005 3.109936265742459E-005
1187 1.676360277381923E-005 -3.137251237509345E-005
1188 1.677860642629375E-005 -3.140078914239324E-005
1189 5.735051210270779E-005 -1.073295710872377E-004
1190 -2.403841293123201E-004 4.498708591581205E-004
1191 8.151029492364524E-005 -1.525437499416348E-004
1192 -5.220605225714720E-006 9.770170715133937E-006
1193 -2.100749334383796E-005 3.931496856971556E-005
1194 -1.731476017407988E-004 3.240400885916113E-004
1195 -3.631996357815265E-004 6.797158094909990E-004
1196 -1.330032980765490E-006 2.489219897867617E-006
1197 2.772093594422435E-005 -5.187878061357559E-005
1198 1.972470535639857E-004 -3.691409314900289E-004
1199 2.255099729754172E-006 -4.220143202077452E-006
1200 1.449038235886810E-004 -2.711824069875152E-004
1201 -2.616950375111433E-005 4.897527335682422E-005
1202 1.471153632350100E-004 -2.753212096440258E-004
1203 2.680015794133520E-005 -5.015558242504138E-005
1204 -1.276714221172353E-004 2.389323085736786E-004
1205 -3.576737243471269E-005 6.693781645467831E-005
1206 -3.622123517276355E-004 6.778684578876070E-004
1207 4.942856736783052E-006 -9.250232593283510E-006
1208 -4.453709211639082E-005 8.334969829717192E-005
1209 -1.947632913392624E-004 3.644929814564886E-004
1210 -3.499567731068484E-005 6.549333111156898E-005
1211 7.447108486179679E-006 -1.393696997029475E-005
1212 2.710480026295085E-005 -5.072575506114560E-005
1213 -9.197943539790997E-006 1.721374157379250E-005
1214 -4.242143319878909E-005 7.939062118485870E-005
1215 -2.295645948945048E-004 4.296223094168782E-004
1216 -3.364949132969111E-004 6.297388527232446E-004
1217 9.454962413209809E-005 -1.769465091308184E-004
1218 -1.498537059964008E-004 2.804461895526025E-004
1219 3.839768414704258E-005 -7.186003401681331E-005
1220 -1.320871412428805E-004 2.471964632664318E-004
1221 7.750209730221458E-006 -1.450419662720159E-005
1222 -1.254614331731091E-004 2.347969921124649E-004
1223 -2.051561837609927E-004 3.839427645296495E-004
1224 -1.611043826347275E-005 3.015024440494343E-005
1225 3.033587638077065E-005 -5.677261608151706E-005
1226 -2.413951851049405E-006 4.517687603938091E-006
1227 1.052452449613624E-004 -1.969630430626296E-004
1228 1.359466011376038E-004 -2.544196151012540E-004
1229 3.251288207639939E-005 -6.084692434539776E-005
1230 -3.136277124433059E-005 5.869426608301669E-005
1231 -1.220744279709235E-004 2.284582120791183E-004
1232 4.641478440002896E-004 -8.686369907183825E-004
1233 1.833743438728521E-007 -3.432746629250206E-007
1234 -2.013589132144944E-005 3.768362109333936E-005
1235 1.330423039485830E-004 -2.489842588824153E-004
1236 8.480561524542649E-006 -1.587079163781598E-005
1237 -2.131557701926402E-004 3.989139581531643E-004
1238 -2.287553849422723E-004 4.281078928604244E-004
1239 -1.227511995627415E-004 2.297248380586181E-004
1240 -8.524486496675359E-007 1.595323583565142E-006
1241 9.978833292833495E-005 -1.867504915363305E-004
1242 1.431973766842322E-005 -2.679908122381294E-005
1243 2.111742804851050E-005 -3.952070545646355E-005
1244 -2.555337022768623E-005 4.782231646054688E-005
