 # The norm of the isolated state is   3455999.99427411     
 # I think there should be     3456000 i.e.    99.9999998343202      %
1 2.078278331362704E-004 -3.889443058666995E-004
2 5.585984289451525E-003 -1.045398116810041E-002
3 8.467226515429860E-005 -1.584614795416156E-004
4 -1.331645000239023E-004 2.492131154680794E-004
5 6.405253187244613E-003 -1.198721461688352E-002
6 -1.396283686413659E-005 2.613251776475117E-005
7 3.618304052881674E-004 -6.771527160420415E-004
8 -1.630726159014634E-003 3.051848923867748E-003
9 -1.079869716029121E-003 2.020939768268731E-003
10 -1.217960986754306E-002 2.279373194889319E-002
11 2.199644950831831E-005 -4.116562750104041E-005
12 3.833967948687542E-005 -7.175180990964346E-005
13 5.553100610265088E-003 -1.039244159423593E-002
14 1.127584035624989E-004 -2.110235789436595E-004
15 -1.194185707329249E-003 2.234878518748729E-003
16 -4.378347187708817E-003 8.193929982812792E-003
17 2.562427227664303E-005 -4.795496795424183E-005
18 5.856053272199998E-003 -1.095940739095420E-002
19 -3.886882620079572E-002 7.274170512379818E-002
20 -4.272433814832580E-005 7.995720308721106E-005
21 -1.598731193394927E-002 2.991971829165380E-002
22 2.711396342381212E-002 -5.074287430716058E-002
23 -2.377672046412609E-002 4.449733522142875E-002
24 -4.481897186916987E-005 8.387719637120892E-005
25 -8.095043151515010E-005 1.514962481825794E-004
26 8.019133572441370E-003 -1.500754044363665E-002
27 4.225894152473778E-003 -7.908619166560127E-003
28 0.141377446041411 -0.264583150736627
29 8.688686182598483E-002 -0.162605849015367
30 -2.894819549784012E-002 5.417557735391911E-002
31 3.884663704161011E-002 -7.270017890347007E-002
32 -1.895453474198231E-002 3.547277623628606E-002
33 -3.550729404457463E-003 6.645071076932415E-003
34 -0.182084061780766 0.340764217368638
35 -2.641573544749144E-003 4.943616349460309E-003
36 -1.931035318127583E-003 3.613867509620472E-003
37 -4.590091743144133E-003 8.590202758256522E-003
38 1.597593930286329E-002 -2.989843501321265E-002
39 -0.150052433413612 0.280818098756092
40 -3.686613971002388E-003 6.899374325501099E-003
41 0.249731391380794 -0.467363926113072
42 -1.762490765754421E-002 3.298442426839171E-002
43 5.838203436599527E-003 -1.092600210773234E-002
44 -1.071392758060373E-002 2.005075628041952E-002
45 -5.188412183656376E-004 9.709939470119163E-004
46 8.476823481604232E-003 -1.586409113515616E-002
47 -9.251737824916671E-002 0.173143171799783
48 2.436044334284226E-003 -4.558975300755499E-003
49 6.008481916185830E-003 -1.124467241990973E-002
50 1.231925652082826E-002 -2.305507604217905E-002
51 -8.200319972677843E-002 0.153466238685114
52 5.481103991981153E-003 -1.025770235695990E-002
53 8.631247375052763E-002 -0.161530901314103
54 1.133181988363809E-002 -2.120712112156430E-002
55 -6.985128562075325E-004 1.307243395468732E-003
56 8.460960523070138E-003 -1.583440396290089E-002
57 -3.002110261248954E-003 5.618348677542243E-003
58 -5.752447322827305E-003 1.076551197314615E-002
59 -1.594435119374684E-002 2.983931867463499E-002
60 5.390794228043119E-003 -1.008869066404931E-002
61 -2.823735534090253E-003 5.284526367234489E-003
62 -3.511504902214664E-003 6.571663714379527E-003
63 2.744948377988398E-003 -5.137079085506827E-003
64 -7.892935730217853E-003 1.477136459383982E-002
65 -1.941192176118465E-002 3.632876075068635E-002
66 -1.561818944429188E-003 2.922891804306254E-003
67 2.123429661734985E-002 -3.973927424197619E-002
68 1.725316083042871E-002 -3.228871208018257E-002
69 7.897164700425833E-004 -1.477927884602026E-003
70 -6.480286178825124E-003 1.212763812738541E-002
71 5.720787768536079E-002 -0.107062625064419
72 -4.479775084835028E-003 8.383748892342533E-003
73 4.677298719929575E-003 -8.753407632851706E-003
74 3.171185256649515E-003 -5.934767033259443E-003
75 8.271748061711498E-003 -1.548029916956299E-002
76 1.375377054938911E-003 -2.573972045842330E-003
77 -5.270600769605481E-002 9.863752658569756E-002
78 3.483505033337234E-003 -6.519262988373319E-003
79 -1.625992638213876E-002 3.042990710664625E-002
80 9.442044441373096E-003 -1.767046956974969E-002
81 -2.792468662144957E-003 5.226011402746206E-003
82 2.486461006514117E-003 -4.653328216916058E-003
83 -9.669967282163745E-003 1.809701960189433E-002
84 7.371090760175835E-004 -1.379474797116031E-003
85 8.026237198560583E-003 -1.502083381372915E-002
86 4.502142599126711E-003 -8.425608705046340E-003
87 -1.644054364900887E-003 3.076792609982087E-003
88 -1.957948329268276E-002 3.664234659443581E-002
89 -1.245407811879033E-002 2.330738966069357E-002
90 -1.482634821068070E-003 2.774701334261335E-003
91 2.608516252447742E-003 -4.881750722469757E-003
92 6.484860581440815E-004 -1.213619906569980E-003
93 2.053865850627424E-002 -3.843741080718747E-002
94 -3.401065566298863E-002 6.364980185137009E-002
95 7.503800910765924E-004 -1.404311335610229E-003
96 2.489084986940692E-004 -4.658237821292444E-004
97 3.034770337095965E-002 -5.679470951157596E-002
98 -3.516387483155647E-002 6.580801285759172E-002
99 -2.008221741653048E-002 3.758319664467720E-002
100 3.786892506992452E-003 -7.087042375154520E-003
101 -8.354048521073494E-003 1.563432179178714E-002
102 -4.635440457141610E-003 8.675071347355073E-003
103 5.884883885507944E-004 -1.101336257922044E-003
104 -1.077344736458855E-002 2.016214553623061E-002
105 2.959379550707138E-004 -5.538379686057629E-004
106 -2.682819544456066E-003 5.020806979500502E-003
107 1.615492294198783E-002 -3.023339666722395E-002
108 -3.219484390894393E-002 6.025157105328736E-002
109 -1.311030500185278E-003 2.453549774651597E-003
110 1.712425171296729E-002 -3.204746303543208E-002
111 -3.907851589188180E-003 7.313413230637101E-003
112 -7.598529015657877E-004 1.422039324513090E-003
113 1.819673388012853E-003 -3.405457872610299E-003
114 -2.204468794763039E-003 4.125589457868842E-003
115 -1.798819984933707E-002 3.366431289217573E-002
116 -1.373936886757557E-004 2.571276511783250E-004
117 7.520248353259032E-003 -1.407389264368107E-002
118 1.400215947132689E-004 -2.620457584320922E-004
119 -2.038007012266085E-002 3.814061793930614E-002
120 3.675825674689382E-002 -6.879184498303653E-002
121 3.114158566939612E-004 -5.828044307980004E-004
122 -1.770374693958264E-002 3.313196887486697E-002
123 1.054641200709921E-003 -1.973725671061526E-003
124 9.453800345745854E-003 -1.769247046404230E-002
125 4.216418113467657E-004 -7.890883756918839E-004
126 -2.434504612883292E-003 4.556093781857480E-003
127 -2.116505610983216E-002 3.960969295166147E-002
128 1.121496097135063E-003 -2.098842329647055E-003
129 2.696331835909794E-004 -5.046095028025581E-004
130 -1.178687490557293E-002 2.205874124765664E-002
131 3.029643717304649E-004 -5.669876510567512E-004
132 -2.023702515870915E-003 3.787291412215467E-003
133 -3.362892675375337E-002 6.293540897426407E-002
134 -3.389996051145361E-004 6.344263897254214E-004
135 3.894746072439874E-002 -7.288886697217868E-002
136 4.475318893828044E-006 -8.375369868724944E-006
137 4.972420776839865E-004 -9.305718972761585E-004
138 4.898851319222532E-003 -9.168035996500509E-003
139 7.045175692476430E-003 -1.318481011425727E-002
140 -6.247898118191163E-004 1.169273101433543E-003
141 -2.268600790459957E-002 4.245610321527396E-002
142 -1.294149943877573E-003 2.421958030761216E-003
143 -1.895285820208289E-002 3.546963867711399E-002
144 6.294077269916328E-004 -1.177915712536114E-003
145 4.829830789173913E-004 -9.038866776314312E-004
146 6.288631864248560E-003 -1.176896369155195E-002
147 -4.767087035252106E-004 8.921443603948832E-004
148 2.279838497427993E-002 -4.266641317344593E-002
149 -9.514005607215867E-004 1.780514404604443E-003
150 2.133546983411727E-002 -3.992861643572237E-002
151 1.780726802442230E-002 -3.332570510882256E-002
152 -2.897390423594655E-003 5.422369010218331E-003
153 -1.162592081605355E-003 2.175752059082196E-003
154 2.212607786241310E-002 -4.140821298093947E-002
155 3.127158789065219E-004 -5.852372215342123E-004
156 9.216092730347044E-003 -1.724760858956363E-002
157 -7.225793317213679E-003 1.352282994083263E-002
158 -3.857170977031707E-004 7.218565585224235E-004
159 -5.489958289446619E-005 1.027428802684773E-004
160 9.497861808083798E-004 -1.777493012057944E-003
161 2.144346383735476E-002 -4.013072371425942E-002
162 3.115134884015948E-003 -5.829870509006929E-003
163 -9.120598040687347E-004 1.706889320492807E-003
164 -5.741100560570155E-003 1.074427720373120E-002
165 1.685961341457044E-002 -3.155220124258373E-002
166 -9.652531002948073E-003 1.806438816167459E-002
167 4.627249448010374E-005 -8.659746965624766E-005
168 -3.653139693602769E-002 6.836728489828853E-002
169 1.037165462209216E-002 -1.941020389679322E-002
170 6.914495563566013E-004 -1.294024610847585E-003
171 -7.352111918176564E-003 1.375923101020368E-002
172 1.191759270187645E-002 -2.230337520072495E-002
173 1.241036541660705E-004 -2.322558107083162E-004
174 6.328088426863230E-004 -1.184280498676716E-003
175 -1.255863111916924E-002 2.350305703292019E-002
176 -4.225423153241931E-004 7.907737995688728E-004
177 1.220779613378298E-004 -2.284648209757487E-004
178 -1.334389881385245E-004 2.497265760910170E-004
179 -3.652821690008775E-004 6.836133644414712E-004
180 9.329466322126726E-003 -1.745978348143312E-002
181 3.834567700621096E-004 -7.176264810713396E-004
182 -1.943893434126798E-003 3.637931380037606E-003
183 4.018254283983734E-002 -7.520028177276562E-002
184 -1.129042783487106E-003 2.112965722464699E-003
185 2.172786006001516E-002 -4.066296181259473E-002
186 2.511211719858654E-004 -4.699648845536785E-004
187 -1.324465313523327E-004 2.478692258898110E-004
188 1.623588820957783E-002 -3.038492038269015E-002
189 8.984723768419964E-004 -1.681460909525355E-003
190 -1.167749439941084E-002 2.185403926591436E-002
191 -3.617943115600268E-004 6.770858643804395E-004
192 -2.376649869833284E-003 4.447820551858469E-003
193 1.798182547225308E-004 -3.365238331094617E-004
194 -1.516963439110355E-002 2.838946209317980E-002
195 -1.043325874830846E-002 1.952549393689540E-002
196 1.137633601939936E-003 -2.129043216562850E-003
197 3.373050829155737E-004 -6.312551810523244E-004
198 -2.825460623234466E-004 5.287755765688534E-004
199 6.476640227860212E-003 -1.212081506908765E-002
200 -6.379771290442205E-004 1.193953239806284E-003
201 -2.060923998536487E-002 3.856950181841803E-002
202 -5.803590285879704E-003 1.086122465546015E-002
203 -1.255431218496050E-003 2.349497365576939E-003
204 -7.793973758994531E-004 1.458616213366830E-003
205 1.017529534393522E-002 -1.904272408979654E-002
206 4.922928726747891E-005 -9.213118933780695E-005
207 -1.058598320827634E-002 1.981131264541939E-002
208 -5.764960221571868E-004 1.078892852604786E-003
209 1.137401690607801E-003 -2.128609133629914E-003
210 -1.162682719811377E-002 2.175921735471747E-002
211 -3.565019908343404E-004 6.671815357172893E-004
212 1.095058483296222E-002 -2.049365238673930E-002
213 4.050480269872415E-004 -7.580338197844966E-004
214 7.493403501838995E-003 -1.402365338589113E-002
215 -2.993024554833228E-003 5.601345080500216E-003
216 -1.906981081379806E-002 3.568851163857154E-002
217 -1.316999100677373E-003 2.464719630857184E-003
218 1.857358790675231E-003 -3.475984435651329E-003
219 1.622475931289230E-002 -3.036409312156804E-002
220 1.653998535359404E-002 -3.095402806790908E-002
221 9.223646074151343E-004 -1.726174564381746E-003
222 7.821660454110700E-003 -1.463797534442731E-002
223 3.262429694194673E-002 -6.105527763589959E-002
224 -5.449781966578988E-004 1.019908404720620E-003
225 9.991863458311325E-003 -1.869943746374606E-002
226 -1.649097941287599E-002 3.086231505422869E-002
227 1.526952380030816E-002 -2.857640181590053E-002
228 3.100786671430248E-004 -5.803018445770898E-004
229 2.042575780058593E-002 -3.822612083418158E-002
230 9.623488542897259E-004 -1.801003679335226E-003
231 -1.749980055468748E-002 3.275028999293736E-002
232 1.968511040575630E-002 -3.684002403244780E-002
233 2.539329817884886E-004 -4.752270112844260E-004
234 1.446294606754742E-003 -2.706691891026930E-003
235 1.576426873679483E-002 -2.950230043367224E-002
236 -2.627608597426962E-004 4.917481150515052E-004
237 -1.260406987636289E-002 2.358809428161091E-002
238 2.143756054630147E-003 -4.011967613340288E-003
239 1.181327662120860E-002 -2.210815113673641E-002
240 -9.935422967146655E-004 1.859381090210816E-003
241 6.388151760979685E-004 -1.195521193710056E-003
242 4.258361820149796E-004 -7.969381393212673E-004
243 -1.552997345372866E-002 2.906382465085546E-002
244 3.356254647918824E-003 -6.281118053140223E-003
245 8.978498156326892E-003 -1.680295830583892E-002
246 3.208332216184260E-002 -6.004286188579656E-002
247 -2.463723765029617E-007 4.610855045546658E-007
248 1.876619282672327E-002 -3.512030081965501E-002
249 5.502791563317589E-004 -1.029829013687777E-003
250 7.804736019077175E-004 -1.460630177792039E-003
251 -1.369178184516779E-003 2.562370987822709E-003
252 -3.685386029246802E-004 6.897076611641951E-004
253 2.012419627445359E-002 -3.766175851062136E-002
254 -1.062360285548583E-003 1.988171667229917E-003
255 6.625082800781661E-004 -1.239862055633079E-003
256 2.203070136259696E-004 -4.122971920428952E-004
257 -3.047788954956481E-003 5.703834837446702E-003
258 2.220096291893759E-002 -4.154835796933987E-002
259 -2.442147388356861E-004 4.570396777310852E-004
260 -1.447289432739654E-002 2.708553651459844E-002
261 -9.120886548718915E-006 1.706935784762186E-005
262 2.123728864549793E-003 -3.974487382416404E-003
263 4.741353454552192E-003 -8.873284110517677E-003
264 -1.949914460033810E-002 3.649199536492228E-002
265 7.971159523004825E-004 -1.491775787170495E-003
266 3.067905348945867E-003 -5.741482007519396E-003
267 1.128616599153909E-002 -2.112168132042413E-002
268 2.063324356017278E-002 -3.861442368353976E-002
269 -9.019000641379711E-003 1.687875735559995E-002
270 -5.943275732368851E-003 1.112264130070678E-002
271 -1.338039561898907E-003 2.504096184625650E-003
272 -1.187072360170573E-004 2.221566238626297E-004
273 -2.471517291117743E-002 4.625361731223113E-002
274 1.225312811206368E-004 -2.293131586966033E-004
275 -1.586123154126340E-002 2.968376303688302E-002
276 -3.155827193417341E-003 5.906024749349739E-003
277 -9.007222180237928E-004 1.685671433826011E-003
278 4.176616308335123E-003 -7.816397403184532E-003
279 -5.712702931883774E-004 1.069113220746761E-003
280 1.114156737876401E-002 -2.085106975030311E-002
281 -3.612318946304265E-002 6.760333812791876E-002
282 4.710923143966248E-003 -8.816334736649875E-003
283 -2.462362750975950E-002 4.608229359072848E-002
284 -2.626216965393761E-004 4.914877082099124E-004
285 5.028222803646000E-004 -9.410150806483567E-004
286 -9.157018842779653E-004 1.713705379775318E-003
287 3.345119324071866E-003 -6.260278660010067E-003
288 4.310564764705587E-004 -8.067077431503872E-004
289 -1.113378306668324E-003 2.083650157950907E-003
290 -4.633928850104910E-003 8.672242476604737E-003
291 7.285087228155384E-005 -1.363379708590846E-004
292 -5.595244070008841E-003 1.047131167521701E-002
293 3.167410799157614E-004 -5.927703580401778E-004
294 3.412029407981142E-004 -6.385498677786373E-004
295 -1.454476433505853E-003 2.722003889814543E-003
296 -7.921286058202187E-003 1.482442123343840E-002
297 -2.408785100008851E-003 4.507960554352193E-003
298 1.900201160390388E-004 -3.556162796721282E-004
299 -6.159582333441494E-003 1.152745177104258E-002
300 2.844934329611460E-003 -5.324199270721054E-003
301 -5.633534668134329E-005 1.054297012937885E-004
302 -6.057156418706011E-004 1.133576512453954E-003
303 1.728157071166410E-002 -3.234188010909908E-002
304 -1.804620410232123E-004 3.377283813844145E-004
305 -9.088984225018045E-004 1.700972962990689E-003
306 3.740712683395201E-003 -7.000618405053729E-003
307 -1.970746652204139E-003 3.688186324466004E-003
308 -3.371205954693195E-003 6.309098888075940E-003
309 2.852981902325261E-003 -5.339259957701265E-003
310 -1.290279033114325E-002 2.414713928966059E-002
311 4.158378329205327E-003 -7.782265618160198E-003
312 -1.004544528723670E-003 1.879971422924273E-003
313 -2.185272927415173E-002 4.089665023815319E-002
314 -1.342409688261618E-004 2.512274737807632E-004
315 1.950976206513589E-003 -3.651186578436083E-003
316 4.258943175827301E-003 -7.970469372006765E-003
317 1.342816428447518E-002 -2.513035918502330E-002
318 1.877615788280157E-003 -3.513894987761799E-003
319 -5.948544134864983E-003 1.113250089507874E-002
320 -2.903857548536744E-002 5.434472069729150E-002
321 -5.758395934935206E-005 1.077664683296931E-004
322 4.365854721384379E-004 -8.170550546048372E-004
323 -6.405971901048229E-003 1.198856169969939E-002
324 1.555912549692980E-004 -2.911838490135563E-004
325 -4.708423141365226E-005 8.811655804773059E-005
326 -1.548771453602532E-003 2.898473846498229E-003
327 -4.913147394387004E-005 9.194787037219641E-005
328 -1.144621892239154E-003 2.142121506453421E-003
329 -4.579591225246543E-003 8.570551398812361E-003
330 6.148196333463770E-003 -1.150614334044390E-002
331 9.784967630700053E-004 -1.831223876876070E-003
332 -1.193153823415285E-002 2.232947361085729E-002
333 -2.466171143801297E-002 4.615356611885076E-002
334 -1.373652341233550E-003 2.570744312975036E-003
335 1.445404816250543E-004 -2.705027040868540E-004
336 8.315985390555175E-003 -1.556308794316670E-002
337 6.566330289320047E-004 -1.228866682814066E-003
338 2.309475959187431E-003 -4.322106850498909E-003
339 2.067585316828785E-004 -3.869416499222690E-004
340 -8.586816619192656E-003 1.606993945822486E-002
341 -1.946829409158835E-003 3.643425924841556E-003
342 2.511243456365115E-003 -4.699707928677659E-003
343 -1.471205707878650E-002 2.753312185907889E-002
344 -1.516816388590007E-002 2.838671025069345E-002
345 3.158393458513133E-003 -5.910827480665458E-003
346 3.432604085156440E-004 -6.424003451772358E-004
347 -1.337115222762900E-004 2.502366457249561E-004
348 -2.957653466971687E-003 5.535149315184422E-003
349 4.454871319886557E-005 -8.337144927857281E-005
350 -2.281797416161933E-003 4.270307357824681E-003
351 -5.854802818322339E-004 1.095706707633072E-003
352 7.461836362202874E-004 -1.396457654196609E-003
353 -5.420900640499093E-005 1.014503068978939E-004
354 2.067065624684256E-003 -3.868444005908554E-003
355 -4.673761875454797E-003 8.746788716259337E-003
356 4.911601987216939E-004 -9.191898229031758E-004
357 -2.245306287988256E-003 4.202015408104667E-003
358 2.476548986430285E-005 -4.634778082068187E-005
359 2.534347403358853E-003 -4.742946203592804E-003
360 9.384688206113951E-005 -1.756313051577517E-004
361 5.864654348685092E-004 -1.097550421908673E-003
362 3.240036269948852E-003 -6.063619177190289E-003
363 -1.660373109698811E-003 3.107332542345288E-003
364 -3.176481327401864E-003 5.944678305534117E-003
365 1.386196914546000E-004 -2.594221169747731E-004
366 -1.400719301042303E-004 2.621399207974108E-004
367 5.812134897448411E-004 -1.087721561126141E-003
368 1.897435798369473E-003 -3.550987487280043E-003
369 -9.452444901920508E-005 1.768993224627920E-004
370 2.407552130268368E-005 -4.505653879717374E-005
371 -1.800095151697643E-004 3.368817634351487E-004
372 -3.698159755615678E-003 6.920981971092977E-003
373 -9.281220362757189E-003 1.736949276790202E-002
374 1.906720815041157E-004 -3.568363220240941E-004
375 -4.393286588875662E-003 8.221888438125767E-003
376 1.099113511702480E-003 -2.056954041425167E-003
377 1.047259450079797E-003 -1.959910958847760E-003
378 -4.848761528620777E-003 9.074294559061431E-003
379 -1.154568990535463E-004 2.160737240960211E-004
380 -6.668770153667886E-004 1.248037942785304E-003
381 3.113275332190893E-003 -5.826390391109778E-003
382 3.777366522982531E-006 -7.069189881282187E-006
383 -3.757141750971950E-004 7.031364654074187E-004
384 -1.767695589738535E-004 3.308183116594610E-004
385 2.785292955966542E-003 -5.212582399332984E-003
386 1.942033514982633E-004 -3.634450438838224E-004
387 4.978200424096763E-004 -9.316535177940099E-004
388 -2.434810889447202E-004 4.556666889407831E-004
389 -2.158626454580980E-004 4.039797639512046E-004
390 1.132174305209118E-003 -2.118826227136615E-003
391 5.512203301295575E-004 -1.031590382395814E-003
392 3.709708662366643E-003 -6.942595502134657E-003
393 -2.504110680902291E-005 4.686356475204772E-005
394 6.808349532417727E-005 -1.274159961293778E-004
395 1.203628572093295E-003 -2.252550499712815E-003
396 1.836032251981820E-005 -3.436073392200133E-005
397 -1.811537770393502E-006 3.390206363103966E-006
398 -1.989586214616100E-003 3.723443849096496E-003
399 2.027889426489930E-003 -3.795127096230128E-003
400 -4.895703079669099E-004 9.162143959516679E-004
401 -1.048276281030677E-004 1.961814334839368E-004
402 -6.148333709770317E-004 1.150640050772068E-003
403 4.578887290957041E-005 -8.569228581784132E-005
404 -1.698380836881901E-003 3.178462750950370E-003
405 -2.849478864029029E-005 5.332709524654008E-005
406 3.122746167837195E-003 -5.844114697500005E-003
407 3.333548588042541E-003 -6.238624414230767E-003
408 7.000297062401075E-004 -1.310082147598239E-003
409 7.135284903957029E-005 -1.335344902949114E-004
410 -1.314860113269545E-004 2.460716821406637E-004
411 -1.037307637125706E-004 1.941286137216410E-004
412 5.871222623139943E-004 -1.098779627244437E-003
413 1.429570014095446E-003 -2.675392386144566E-003
414 1.174425129477524E-004 -2.197897551262548E-004
415 -2.964641769374225E-003 5.548227677334709E-003
416 1.272796394905091E-005 -2.381996621903779E-005
417 -3.176185904916862E-005 5.944126178061449E-005
418 9.775196693708507E-005 -1.829395349703528E-004
419 -1.416451911240389E-003 2.650842232088428E-003
420 9.692593562531332E-005 -1.813936547893520E-004
421 -1.296550976977227E-004 2.426451766304929E-004
422 8.635840818261626E-005 -1.616168413055879E-004
423 3.881898730355581E-003 -7.264843177882055E-003
424 -1.328305690729255E-004 2.485879861533486E-004
425 1.760783811252385E-005 -3.295248205102059E-005
426 7.587347199596914E-004 -1.419946609146869E-003
427 -1.364915708660378E-003 2.554393923019572E-003
428 -2.155660656652585E-005 4.034248366094559E-005
429 -9.387804753639515E-005 1.756896989439848E-004
430 4.989995053799668E-004 -9.338608390205398E-004
431 5.390402087240042E-004 -1.008795662395454E-003
432 -1.698607036834577E-004 3.178886182375486E-004
433 -2.593360039228039E-005 4.853385676617659E-005
434 8.535211458171306E-005 -1.597336074824441E-004
435 -2.642531998381005E-004 4.945409921231149E-004
436 1.546679274842766E-004 -2.894558653203004E-004
437 -1.857374797019840E-004 3.476014403364645E-004
438 1.530021538833343E-003 -2.863384075665021E-003
439 -2.694686420883649E-004 5.043015432888576E-004
440 2.280965265298921E-004 -4.268750011575186E-004
441 1.289320224385502E-003 -2.412919584133945E-003
442 5.551627745105997E-004 -1.038968507282248E-003
443 8.613850161870825E-005 -1.612053303302710E-004
444 9.964515714653299E-004 -1.864825701293331E-003
445 3.712279451993100E-004 -6.947406461304614E-004
446 2.523651753459819E-005 -4.722930936659519E-005
447 7.402933594295994E-005 -1.385434353715249E-004
448 6.956300322990189E-005 -1.301848142596352E-004
449 -7.431574223002162E-004 1.390794214734956E-003
450 4.445193193644837E-005 -8.319029281933307E-005
451 -2.617367566986818E-004 4.898315836127582E-004
452 6.661802511784091E-006 -1.246735928836695E-005
453 9.478868720707615E-006 -1.773938343725924E-005
454 2.608556276711525E-005 -4.881825195568856E-005
455 -5.097556282009740E-005 9.539908141231074E-005
456 -5.491892253595139E-004 1.027789214434031E-003
457 8.820489820273695E-004 -1.650725069281115E-003
458 1.262712828203982E-004 -2.363124634269100E-004
459 4.109256853529848E-004 -7.690336682091146E-004
460 -4.774199714133853E-004 8.934754414888606E-004
461 1.306010150305765E-004 -2.444154668736467E-004
462 -4.714980371369441E-005 8.823925511833376E-005
463 -2.567444315601340E-005 4.804886672811327E-005
464 6.195442776444789E-004 -1.159456235196079E-003
465 -8.676593910621073E-004 1.623795483628363E-003
466 1.466483928868644E-004 -2.744475236661956E-004
467 1.466150596620461E-004 -2.743851370451423E-004
468 -3.338808043485740E-004 6.248467202259016E-004
469 5.782763338855119E-004 -1.082224716678631E-003
470 -1.458718047978972E-003 2.729941965020106E-003
471 3.790477693921109E-005 -7.093751705568241E-005
472 -7.733889217343236E-005 1.447371507889196E-004
473 4.559210943213673E-004 -8.532410090356226E-004
474 -1.800826915787170E-004 3.370187368577492E-004
475 5.534029439863364E-004 -1.035675063724015E-003
476 -3.028999204314699E-005 5.668670992543428E-005
477 -3.031119679604759E-004 5.672638515926335E-004
478 -1.948479458093198E-004 3.646514069043738E-004
479 -1.135888299328130E-004 2.125776901089381E-004
480 -2.112411802521994E-004 3.953307610874029E-004
481 -1.190799420138379E-004 2.228541306098838E-004
482 -4.409752886235375E-005 8.252704776079932E-005
483 5.755918732973097E-004 -1.077200896993670E-003
484 3.497256768058006E-004 -6.544998607222760E-004
485 -8.650917822547336E-005 1.618989990783853E-004
486 -1.085448056746235E-004 2.031379859771513E-004
487 1.067975145485350E-004 -1.998680180150304E-004
488 -2.350068491974786E-005 4.398072143615005E-005
489 -9.829370262306038E-004 1.839533703023071E-003
490 -1.144480447030834E-004 2.141856098239692E-004
491 -1.376603416162123E-004 2.576267805020859E-004
492 -3.489341288546020E-005 6.530182897331163E-005
493 8.045601047793069E-004 -1.505707191523607E-003
494 5.864384152591987E-004 -1.097499829472308E-003
495 -1.270519854168413E-004 2.377734724181402E-004
496 7.127179385584691E-005 -1.333827926968893E-004
497 -4.521096057300982E-004 8.461079734415855E-004
498 -6.057332462339700E-004 1.133609505920584E-003
499 2.637819219042217E-005 -4.936590805923191E-005
500 -1.711860195675983E-004 3.203689603748799E-004
501 2.803816929737709E-004 -5.247249331076017E-004
502 -3.157542290308004E-004 5.909234958368087E-004
503 9.256409141021385E-005 -1.732305914516467E-004
504 -6.269746438621003E-006 1.173362650347073E-005
505 1.983431608556536E-005 -3.711923816121173E-005
506 1.609049653934447E-004 -3.011282541194882E-004
507 6.907163112851732E-005 -1.292652152675191E-004
508 -2.997522996074636E-004 5.609763691968891E-004
509 6.096462463169441E-005 -1.140932559348064E-004
510 -9.874825836644778E-005 1.848050573481800E-004
511 -3.484132693893409E-004 6.520437597898183E-004
512 -2.496388948755702E-004 4.671908164327778E-004
513 -1.302213099806352E-004 2.437048329281540E-004
514 -1.592187366237352E-004 2.979723702158867E-004
515 -2.866513641787483E-004 5.364583735213684E-004
516 5.515505056238323E-004 -1.032208267188382E-003
517 7.774534040316268E-005 -1.454977693046264E-004
518 -2.305747147600470E-004 4.315127027056797E-004
519 1.712749136624084E-003 -3.205352849155532E-003
520 -1.212127590326789E-004 2.268455692103939E-004
521 -1.991726701590624E-004 3.727449196429209E-004
522 -1.749800019686148E-004 3.274692079353721E-004
523 6.886392745636668E-005 -1.288765346310250E-004
524 4.620829643369073E-004 -8.647727656527196E-004
525 -1.362139930491036E-003 2.549199188193642E-003
526 1.045310795519633E-004 -1.956264919149340E-004
527 -5.994643969949160E-004 1.121877555431396E-003
528 8.673273183186642E-004 -1.623173982013650E-003
529 2.234593687744018E-004 -4.181967390992153E-004
530 2.639605961572495E-004 -4.939933806795523E-004
531 -4.222278204095024E-005 7.901852054420173E-005
532 -1.835139153016738E-004 3.434401709533765E-004
533 -1.018924868430385E-004 1.906883974655743E-004
534 -9.104581489005643E-005 1.703891889766861E-004
535 -4.490244045344833E-004 8.403340853556287E-004
536 3.246294368649304E-004 -6.075331225886001E-004
537 -8.857832610558966E-006 1.657713566908498E-005
538 1.622666932868598E-005 -3.036769315361781E-005
539 -1.246555174890640E-004 2.332885698292300E-004
540 2.892160884464789E-004 -5.412581791659683E-004
541 -2.382339452619765E-004 4.458468138709274E-004
542 -1.618141662240599E-004 3.028298144307643E-004
543 3.480089849691600E-004 -6.512871364980494E-004
544 -8.063605714339502E-006 1.509076110170647E-005
545 1.294985102542722E-005 -2.423518218900296E-005
546 1.205007153507610E-004 -2.255130405027130E-004
547 -6.335711266772955E-005 1.185707692844171E-004
548 1.882187590004821E-004 -3.522451050087079E-004
549 1.286820388218543E-003 -2.408241202014903E-003
550 2.964769963373915E-004 -5.548467789199608E-004
551 1.227389578570458E-003 -2.297018213650955E-003
552 -3.483179581071748E-004 6.518653883047788E-004
553 8.003595944791172E-005 -1.497845560701342E-004
554 5.132408618515719E-004 -9.605130620417801E-004
555 -1.141886276709403E-004 2.137001278854574E-004
556 2.956210508792674E-005 -5.532449245709749E-005
557 1.312376693578859E-004 -2.456067940024373E-004
558 -1.409150084429259E-003 2.637177072140999E-003
559 3.927560405958363E-004 -7.350297267219107E-004
560 1.036499878852172E-004 -1.939775267137980E-004
561 2.647753775424589E-004 -4.955182428381719E-004
562 -2.376416189586595E-004 4.447385335379223E-004
563 9.387267967655869E-004 -1.756795653394745E-003
564 1.316007783212363E-004 -2.462863458398923E-004
565 7.813336818689957E-004 -1.462239809897459E-003
566 -1.202185645259049E-004 2.249850977551909E-004
567 -8.802585432540759E-006 1.647377351561090E-005
568 4.996983149830243E-004 -9.351686955619627E-004
569 3.544926476295962E-005 -6.634207390107816E-005
570 2.294615432033737E-004 -4.294295825988306E-004
571 2.097249386068315E-004 -3.924931647646992E-004
572 -5.472046687110192E-004 1.024075188461657E-003
573 5.481211203507309E-005 -1.025790084679537E-004
574 9.894472738747428E-004 -1.851717364703891E-003
575 1.306599896971804E-004 -2.445256235083574E-004
576 3.171554848991158E-004 -5.935458336873197E-004
577 2.266240058360104E-004 -4.241193819766338E-004
578 -3.768182030842946E-004 7.052027451091020E-004
579 -7.543184910030717E-004 1.411681759049173E-003
580 9.653598068911712E-005 -1.806639653922699E-004
581 -3.645370002205612E-004 6.822187977506000E-004
582 -4.037592861635447E-005 7.556232122873704E-005
583 -1.562836953341210E-003 2.924797043198712E-003
584 6.413707547390241E-005 -1.200304011418609E-004
585 -2.152163869672418E-003 4.027702534813386E-003
586 1.113408486644459E-004 -2.083706903013411E-004
587 1.057239633603494E-005 -1.978590870491493E-005
588 -1.284187061797260E-004 2.403313214042133E-004
589 -1.630784086507129E-004 3.051957562906617E-004
590 1.365147767347351E-004 -2.554828006979815E-004
591 -1.772373981061590E-003 3.316938444733075E-003
592 2.901793993031615E-005 -5.430610861007403E-005
593 -3.469872310143623E-005 6.493749597186089E-005
594 4.906680490278845E-005 -9.182688325393336E-005
595 4.199542528282730E-004 -7.859302941785638E-004
596 -1.758559972238502E-004 3.291085863657056E-004
597 9.540636158238115E-004 -1.785498083267857E-003
598 -2.336045081322039E-006 4.371897317827267E-006
599 -1.927846528337308E-004 3.607900209472858E-004
600 -4.906053231679960E-004 9.181513994914536E-004
601 1.525884279365900E-004 -2.855641259927366E-004
602 -2.066171264572318E-004 3.866769471096145E-004
603 1.040512810708611E-003 -1.947284912826356E-003
604 -4.274042565666207E-005 7.998725897880195E-005
605 -5.559840431072050E-004 1.040505507523619E-003
606 1.082120944011033E-004 -2.025153249117099E-004
607 -9.140530590030458E-005 1.710620072545067E-004
608 -1.788782106680812E-004 3.347645869329991E-004
609 5.004558002918096E-004 -9.365862585417444E-004
610 3.653264032529255E-004 -6.836961283166356E-004
611 7.515282091560283E-005 -1.406459553807282E-004
612 3.034314256378102E-004 -5.678619499441352E-004
613 1.461398057418085E-004 -2.734957541285362E-004
614 -4.587114847069794E-004 8.584631500853857E-004
615 -7.262551724648831E-005 1.359162098406090E-004
616 8.934786749536405E-004 -1.672115388853853E-003
617 -2.969185294725048E-003 5.556730682448635E-003
618 2.732526889581925E-004 -5.113832402756772E-004
619 -1.190932324827839E-004 2.228789702037783E-004
620 1.115662281847821E-004 -2.087924640199496E-004
621 2.087228258203225E-005 -3.906184027819931E-005
622 1.971422500906365E-003 -3.689451051122356E-003
623 -4.551336125219055E-004 8.517673092065738E-004
624 -2.061800719525315E-004 3.858591606860950E-004
625 1.121460495262484E-003 -2.098775684660832E-003
626 -2.657501693799349E-005 4.973422024651763E-005
627 1.610359334353556E-003 -3.013733531460877E-003
628 -2.915777554242118E-003 5.456780079830709E-003
629 9.282978313830848E-005 -1.737278073831878E-004
630 3.301361082605308E-005 -6.178388710846503E-005
631 -1.369564132170556E-003 2.563093335516300E-003
632 1.669505840495323E-003 -3.124424210206828E-003
633 1.250238367030358E-004 -2.339779636212052E-004
634 -3.993892307382346E-005 7.474431040709394E-005
635 -8.034911543571202E-004 1.503706895224640E-003
636 -7.178943723238477E-004 1.343515255277082E-003
637 -6.298621191454461E-005 1.178766260646489E-004
638 9.149740892712550E-004 -1.712343350285067E-003
639 -2.557273096039226E-005 4.785853440017671E-005
640 -1.699600298997910E-004 3.180745203493095E-004
641 7.698495242646255E-005 -1.440747507421980E-004
642 8.381620139749456E-004 -1.568592122705332E-003
643 9.257027870803539E-005 -1.732421281342648E-004
644 7.672399695015941E-004 -1.435863862330249E-003
645 -5.362044654482711E-005 1.003488400481624E-004
646 -6.621488912272744E-003 1.239189463360651E-002
647 -2.210976593470974E-004 4.137765141648071E-004
648 1.105439539985977E-004 -2.068792733341756E-004
649 -6.780412241024871E-003 1.268931420384235E-002
650 -6.785275517633280E-003 1.269841554524342E-002
651 8.225737327824987E-005 -1.539417539897795E-004
652 -1.821707170577315E-003 3.409263810492889E-003
653 1.980764099119652E-004 -3.706935277786975E-004
654 2.177846350154636E-004 -4.075766470877153E-004
655 -3.459427760591387E-003 6.474203052125092E-003
656 -1.458328566002451E-003 2.729213059689563E-003
657 -3.126510204918204E-005 5.851174097621333E-005
658 -2.120595830522615E-005 3.968638366284050E-005
659 -5.877405520114943E-003 1.099936747039146E-002
660 -1.182725058437637E-003 2.213430255049806E-003
661 3.805170272233903E-004 -7.121248776385708E-004
662 -2.361274256587665E-005 4.419046154246415E-005
663 -1.216972468974444E-005 2.277530292948125E-005
664 -1.802447795594106E-003 3.373220615709153E-003
665 -4.480498334545216E-005 8.385103541476054E-005
666 2.602921485391012E-003 -4.871280286391016E-003
667 3.502543878395738E-003 -6.554893443112534E-003
668 -2.119442631046737E-004 3.966465861645594E-004
669 -5.327819716890977E-005 9.970836106920886E-005
670 2.590357355909564E-003 -4.847766879054667E-003
671 -1.243950112287244E-004 2.328010878817410E-004
672 -3.296946425883762E-003 6.170124713141907E-003
673 1.388239079322260E-004 -2.598042265101920E-004
674 -4.902442025831761E-003 9.174756030255547E-003
675 1.568619588991626E-003 -2.935618991900295E-003
676 1.057453816314535E-004 -1.978988640082664E-004
677 9.626453753944682E-004 -1.801558479038860E-003
678 -2.735993168246685E-005 5.120319433020828E-005
679 6.923582882167509E-003 -1.295725333191498E-002
680 2.339998149720452E-003 -4.379228130635690E-003
681 2.505254692710520E-005 -4.688486498009238E-005
682 -1.719755427116908E-006 3.218476244327057E-006
683 1.228684228365381E-003 -2.299441312961264E-003
684 -1.078693435399492E-005 2.018739432400475E-005
685 -2.542958798731306E-003 4.759062129341393E-003
686 9.614977007949915E-005 -1.799410575564487E-004
687 2.493955110389046E-003 -4.667353530701062E-003
688 -1.056700132701056E-005 1.977572313410738E-005
689 -2.349498211485896E-003 4.397007190542751E-003
690 1.389703519698281E-003 -2.600783537174262E-003
691 -4.193118605666839E-005 7.847282149324110E-005
692 -9.154679829005435E-005 1.713268772677441E-004
693 1.065684860198727E-003 -1.994393521560314E-003
694 -2.893212490949468E-003 5.414550317648272E-003
695 3.571985254200605E-005 -6.684848286204816E-005
696 -1.137953403780045E-004 2.129641897862707E-004
697 6.197029882914697E-004 -1.159753527803504E-003
698 -9.398584952068797E-004 1.758913632607402E-003
699 -1.482806894344846E-003 2.775023409907064E-003
700 -1.004745380927216E-004 1.880347659406704E-004
701 9.899677815217067E-004 -1.852691490794558E-003
702 -2.560730427843244E-005 4.792325776633739E-005
703 -5.292588051386818E-004 9.904900992368001E-004
704 -5.311310022490104E-005 9.939981338480637E-005
705 3.349298047605388E-005 -6.268097705983681E-005
706 9.495368131267651E-005 -1.777026147755166E-004
707 4.366142781572930E-005 -8.171088060723336E-005
708 -3.171149565113671E-004 5.934700071502788E-004
709 8.466828100772362E-006 -1.584537368653574E-005
710 -2.840045564630344E-005 5.315045886788285E-005
711 8.592321746082103E-004 -1.608024175539625E-003
712 -4.165640470336820E-003 7.795856512418121E-003
713 -1.115310966347039E-004 2.087266602696216E-004
714 7.257801518545665E-007 -1.358226968123141E-006
715 1.864691692058892E-003 -3.489707906143034E-003
716 -2.353060991299300E-004 4.403674760723425E-004
717 -9.766116197012701E-005 1.827695906949961E-004
718 9.227999723606486E-003 -1.726989199598386E-002
719 4.702484951589658E-005 -8.800546567123913E-005
720 7.394578540790200E-005 -1.383863983089560E-004
721 -1.244554134741535E-003 2.329141274845137E-003
722 -2.084021110612636E-003 3.900175578588792E-003
723 1.132672071881599E-003 -2.119757757371477E-003
724 1.759860451813772E-005 -3.293517530926973E-005
725 1.004200970548104E-003 -1.879328326138548E-003
726 -1.831750665203707E-005 3.428048511654393E-005
727 -2.099612460346874E-003 3.929354173718684E-003
728 1.516613516327395E-005 -2.838291066244996E-005
729 6.257432364738800E-004 -1.171057486757947E-003
730 1.257643403343801E-005 -2.353628885652090E-005
731 -9.899984137781963E-004 1.852748801153964E-003
732 -4.245834189084781E-005 7.945933298877444E-005
733 -1.558086986054790E-003 2.915906971910516E-003
734 3.334055239238878E-004 -6.239572998597067E-004
735 2.039208753759439E-005 -3.816312788169507E-005
736 -1.157111086325027E-003 2.165494691051806E-003
737 -6.057174687178943E-005 1.133579178768778E-004
738 2.104706866471601E-004 -3.938890016369087E-004
739 1.297247228935498E-004 -2.427755042674284E-004
740 -1.574774224439858E-003 2.947136978827191E-003
741 -2.621933472217497E-003 4.906860287791679E-003
742 -1.941541112762604E-004 3.633529728181693E-004
743 2.545941610806731E-003 -4.764644538792723E-003
744 -2.870821520888180E-005 5.372646568435862E-005
745 9.251056056270081E-004 -1.731304166899169E-003
746 -2.426754694082668E-006 4.541531406340906E-006
747 -2.483190218974162E-003 4.647207192190584E-003
748 1.611540879623626E-004 -3.015945978528763E-004
749 -2.373573564496588E-005 4.442060874017223E-005
750 -1.195264531816382E-004 2.236897526721634E-004
751 -7.199526433648739E-004 1.347367252821363E-003
752 -8.540399214906339E-006 1.598307078052373E-005
753 -1.379333050402806E-003 2.581375535187364E-003
754 2.420480104385827E-005 -4.529862804216995E-005
755 -2.711581789742757E-005 5.074622120651085E-005
756 9.419770559198543E-004 -1.762878295022738E-003
757 1.351053622891258E-003 -2.528451537833216E-003
758 -4.624407533006426E-005 8.654425665927508E-005
759 8.125436393899428E-005 -1.520648005695610E-004
760 2.573608903927377E-003 -4.816422564569927E-003
761 4.828579240529618E-004 -9.036524074125345E-004
762 -3.532917667294190E-004 6.611738137895908E-004
763 -1.760804171630243E-005 3.295284989201373E-005
764 2.550908976991562E-005 -4.773946824219083E-005
765 1.001396367998375E-003 -1.874079740945908E-003
766 3.809774353623086E-005 -7.129847391984996E-005
767 1.793407864247903E-003 -3.356302520190964E-003
768 -1.898428760400230E-003 3.552845886580253E-003
769 -1.393373796239504E-004 2.607650817316229E-004
770 -3.220478823351944E-004 6.027018950640993E-004
771 8.573420475168460E-005 -1.604485440165965E-004
772 8.411375704054395E-004 -1.574160678740174E-003
773 7.122873972100430E-005 -1.333022588626241E-004
774 1.274503163743777E-004 -2.385187421107452E-004
775 -1.852428579953596E-007 3.466559753686617E-007
776 5.842525415435918E-004 -1.093408860512572E-003
777 -8.296866568492406E-004 1.552730886630579E-003
778 1.951452364547456E-003 -3.652077637439748E-003
779 -5.786765595417971E-005 1.082973119290810E-004
780 -6.989521675740278E-004 1.308065609202785E-003
781 1.284588153524790E-003 -2.404064029605704E-003
782 2.926033670439989E-003 -5.475974104429793E-003
783 1.372502332799863E-005 -2.568587652317655E-005
784 -3.066069274154003E-003 5.738045965050020E-003
785 -1.652214423542562E-005 3.092038957391581E-005
786 -5.553144039481291E-004 1.039252353074149E-003
787 2.314188177223811E-005 -4.330931872865832E-005
788 2.166006859145100E-003 -4.053609306156767E-003
789 1.122461252545921E-004 -2.100647680639887E-004
790 1.343673952905687E-003 -2.514640818765530E-003
791 6.039566663083851E-005 -1.130283574108429E-004
792 -1.769509856120275E-004 3.311579935022472E-004
793 3.128470495344595E-005 -5.854810801064033E-005
794 3.846040748187673E-004 -7.197736419009080E-004
795 1.576213286472448E-005 -2.949838637439887E-005
796 6.073152350261604E-004 -1.136570078985527E-003
797 1.074935705578817E-004 -2.011705896976696E-004
798 1.047330610209004E-004 -1.960043737133381E-004
799 1.898498270005985E-003 -3.552975663512072E-003
800 4.493070700001708E-005 -8.408609765812450E-005
801 1.072431634082428E-003 -2.007019690800818E-003
802 -1.742529362034368E-004 3.261084678423287E-004
803 -9.771219790136679E-004 1.828650920867630E-003
804 -5.339375412633632E-005 9.992446198829747E-005
805 -9.021651999540718E-004 1.688371776427772E-003
806 1.208085306726534E-006 -2.260390018814708E-006
807 -2.597559280787890E-005 4.861208369966118E-005
808 2.705435978934128E-004 -5.063132015432338E-004
809 4.525055622953318E-005 -8.468468329472957E-005
810 1.619940459696611E-003 -3.031664278607798E-003
811 -6.344705253015055E-005 1.187396518088043E-004
812 -5.450659873292713E-004 1.020072643839403E-003
813 1.033080599635021E-005 -1.933325340538631E-005
814 -8.688422208083807E-005 1.626010841584292E-004
815 -2.783695298524608E-006 5.209339256585531E-006
816 4.151062737925028E-004 -7.768575060626230E-004
817 4.347315471662056E-004 -8.135855339046059E-004
818 2.892641739015142E-004 -5.413481764514109E-004
819 -8.791594549642538E-005 1.645314624269476E-004
820 2.693181243869933E-004 -5.040197659931185E-004
821 -8.741333581978718E-005 1.635911836001932E-004
822 6.868701501253753E-004 -1.285454446550162E-003
823 -2.010493072468032E-003 3.762570475033307E-003
824 -2.886996360550602E-004 5.402917215287661E-004
825 -4.612524339906974E-005 8.632229381814393E-005
826 -1.313502169279153E-003 2.458175216943850E-003
827 6.000629846606409E-005 -1.123000257059500E-004
828 -1.640150919126412E-003 3.069487463465511E-003
829 3.478590970614177E-005 -6.510063676493959E-005
830 5.767328020449741E-006 -1.079351375698009E-005
831 -4.259880480685999E-006 7.971325081992619E-006
832 2.004262311959439E-003 -3.750909911692435E-003
833 -9.481288460045812E-006 1.774389946092490E-005
834 1.198987307598013E-003 -2.243864504467540E-003
835 1.380465257547368E-004 -2.583494132513713E-004
836 8.199706053905578E-005 -1.534548531453449E-004
837 -9.009024648471385E-004 1.686008813113919E-003
838 1.147262950622917E-004 -2.147063539112510E-004
839 -1.143311175398662E-003 2.139668673696329E-003
840 4.437833877811484E-006 -8.305022932390408E-006
841 -1.307525359684180E-004 2.446988311867345E-004
842 -6.551654295141810E-004 1.226120073066839E-003
843 -3.269861524978189E-005 6.119402004835112E-005
844 3.619256892278538E-005 -6.773311049259764E-005
845 -8.371719005502950E-004 1.566739018976680E-003
846 -1.403720153276633E-003 2.627015363975697E-003
847 1.499296741413180E-003 -2.805883354558692E-003
848 1.892395171325009E-005 -3.541547696684003E-005
849 2.132826506054681E-003 -3.991513418599517E-003
850 -2.207739918412383E-005 4.131755779619415E-005
851 -5.375123683314116E-004 1.005936538129831E-003
852 -9.472625089058818E-006 1.772783660659189E-005
853 1.395966477384113E-005 -2.612492488938639E-005
854 -5.054054002780062E-004 9.458489714820578E-004
855 3.524803448580145E-005 -6.596535607427577E-005
856 -6.809325144956630E-004 1.274342354781932E-003
857 2.167433884432663E-005 -4.056290079699908E-005
858 -1.102246664722139E-003 2.062817880790183E-003
859 -6.656288655225345E-004 1.245701887781145E-003
860 -9.913575590865982E-006 1.855285295597380E-005
861 -1.286929461123544E-005 2.408458701666045E-005
862 6.162296124726677E-004 -1.153252928324334E-003
863 1.506373999998518E-005 -2.819139313213765E-005
864 -2.375151259176134E-004 4.445014946090755E-004
865 -4.034244951989581E-005 7.549951699906138E-005
866 -1.741408495153730E-003 3.258987119619151E-003
867 -6.021794027444880E-006 1.126966960599293E-005
868 -1.474162530800278E-003 2.758845560708109E-003
869 -9.443231340370687E-004 1.767269184281018E-003
870 -8.374228930596915E-006 1.567235990810420E-005
871 -3.366627385981333E-005 6.300527706182101E-005
872 8.406350993013571E-005 -1.573221482392144E-004
873 -4.708511425871738E-005 8.811806212938112E-005
874 -9.431641878499739E-004 1.765100038528212E-003
875 4.155306321571971E-005 -7.776517730234784E-005
876 5.571147782520026E-004 -1.042621514646459E-003
877 4.143077689383439E-005 -7.753636183657590E-005
878 -6.033474022715823E-004 1.129144366123955E-003
879 -1.295090278224542E-003 2.423718088306562E-003
880 4.201532335147050E-006 -7.863147612429049E-006
881 -7.836233192836491E-004 1.466524794771844E-003
882 -1.752484482000867E-005 3.279705696918430E-005
883 -2.179071311037038E-005 4.078015723294516E-005
884 -8.236605005942225E-006 1.541454227736679E-005
885 -5.043472123957654E-006 9.438635209957798E-006
886 1.081946548253311E-003 -2.024826718467915E-003
887 -1.446090637515017E-006 2.706555971336385E-006
888 -1.639924106542884E-005 3.069074214442992E-005
889 -4.609308669940765E-005 8.626179733913311E-005
890 -8.095047840207371E-005 1.514961870122566E-004
891 -4.780763913404991E-006 8.947045693341261E-006
892 1.363176312371541E-006 -2.551193230822515E-006
893 -1.910873839177248E-004 3.576138045351568E-004
894 1.120315707787241E-004 -2.096633227970027E-004
895 2.426567958153970E-004 -4.541241368425634E-004
896 1.073205456931343E-003 -2.008467845035703E-003
897 5.142847529530658E-005 -9.624651172543798E-005
898 -1.224905047222425E-003 2.292368947215997E-003
899 -1.735536828897242E-005 3.248000342608992E-005
900 3.602006990533143E-004 -6.741033552641680E-004
901 5.114515416214622E-005 -9.571659950668892E-005
902 -2.707919867037167E-005 5.067758095755850E-005
903 -2.269111379847620E-004 4.246567260494465E-004
904 4.587986358978253E-005 -8.586274624604074E-005
905 1.719813326856278E-004 -3.218574092171609E-004
906 -5.373765120464149E-005 1.005681968431890E-004
907 -7.385808652770481E-006 1.382243319768230E-005
908 7.420192341217549E-004 -1.388663950870769E-003
909 2.084894604923071E-004 -3.901810861861520E-004
910 3.894775545794873E-004 -7.288941051388712E-004
911 6.022834003786323E-004 -1.127153332243409E-003
912 -2.832804601789037E-004 5.301501888554133E-004
913 -5.386648330322042E-004 1.008093232719032E-003
914 1.062213809810243E-004 -1.987898796706954E-004
915 2.048577250362933E-004 -3.833842620880380E-004
916 1.912808664637190E-004 -3.579755457080199E-004
917 1.258623488193137E-003 -2.355471705387834E-003
918 1.030801757127732E-003 -1.929111172481941E-003
919 5.214678636685677E-005 -9.759091227541595E-005
920 5.554667708862964E-004 -1.039537437732080E-003
921 -4.881788466166427E-005 9.136104064077023E-005
922 2.376742581589938E-005 -4.448025499112410E-005
923 1.189507756449303E-004 -2.226122914711164E-004
924 1.279486793404980E-003 -2.394516354973372E-003
925 -1.467488053489428E-004 2.746352583601696E-004
926 3.091515573131323E-005 -5.785658051617114E-005
927 -5.667213220314838E-004 1.060600264499213E-003
928 4.097449299755114E-006 -7.668250937633572E-006
929 -3.482463097929848E-005 6.517339568089681E-005
930 1.051132907524499E-003 -1.967159772108420E-003
931 3.675942971583145E-005 -6.879389846566666E-005
932 2.267382264329910E-005 -4.243321986532350E-005
933 -6.289609118449343E-004 1.177079400362540E-003
934 -2.433362619499668E-005 4.553996383855541E-005
935 -4.732363222481886E-004 8.856460335661298E-004
936 2.875039295451091E-005 -5.380529396028503E-005
937 5.617250203227928E-004 -1.051249475250503E-003
938 -4.035626740079370E-005 7.552535851515516E-005
939 1.857826912713420E-005 -3.476861638562241E-005
940 -9.912802015668859E-005 1.855147670703652E-004
941 8.882993408878000E-005 -1.662422012373632E-004
942 -1.185518543196004E-003 2.218658259934878E-003
943 5.338281455555448E-005 -9.990408504121919E-005
944 -5.648152526452131E-004 1.057033087142486E-003
945 -1.507819900491676E-005 2.821834666291677E-005
946 5.553262425464100E-005 -1.039276456956630E-004
947 1.419196104200117E-004 -2.655975366540623E-004
948 1.111313462681212E-004 -2.079785319803566E-004
949 -1.475924238234423E-004 2.762145427190491E-004
950 9.484714153668237E-004 -1.775032169065299E-003
951 5.965202605851377E-004 -1.116367448368529E-003
952 -4.144920385301422E-005 7.757111310829138E-005
953 -4.370984094340762E-004 8.180150654437797E-004
954 1.916150399039659E-005 -3.586014020490558E-005
955 -1.317200604706444E-004 2.465097733106254E-004
956 1.226252274610117E-004 -2.294891023300816E-004
957 8.952267889729747E-004 -1.675387129641512E-003
958 1.513773489366519E-005 -2.832994890470258E-005
959 7.743382875100251E-004 -1.449147975058682E-003
960 1.567792766341916E-005 -2.934074077181429E-005
961 4.249940653399737E-004 -7.953626861098460E-004
962 1.316173639157816E-005 -2.463192006557604E-005
963 -7.437502849507015E-005 1.391904491133614E-004
964 -3.570959689723016E-005 6.682921232020564E-005
965 3.061881180512051E-004 -5.730208137574314E-004
966 -9.379549463667305E-006 1.755345801869439E-005
967 -3.910945697009586E-004 7.319203194915834E-004
968 -5.335336995941276E-005 9.984880777754479E-005
969 2.323435582004101E-004 -4.348232087163682E-004
970 -2.130484532654413E-005 3.987141609337015E-005
971 -1.285169312489588E-004 2.405151624398733E-004
972 -2.287840163057568E-004 4.281616506895508E-004
973 7.690101029149167E-005 -1.439178956452571E-004
974 -2.937777783532186E-005 5.497964798396319E-005
975 -1.143950311383997E-004 2.140865326765068E-004
976 -8.425708728652880E-005 1.576842557364865E-004
977 -1.337283421350123E-005 2.502668452677508E-005
978 -1.146259556740291E-003 2.145186332650395E-003
979 -7.623831309778705E-005 1.426770284133799E-004
980 -7.889027766748666E-004 1.476404829356823E-003
981 -2.999578093051266E-004 5.613608218491629E-004
982 7.089030956778954E-004 -1.326688350458675E-003
983 -1.193088888580694E-006 2.232941974318065E-006
984 2.961426639465390E-004 -5.542211285986480E-004
985 -4.604383479002415E-004 8.616947392831478E-004
986 4.350039971377400E-005 -8.140948147213695E-005
987 -5.523751009237392E-004 1.033751285381681E-003
988 4.203136871367161E-005 -7.866000864934285E-005
989 -1.030536057444106E-003 1.928613642722678E-003
990 8.437688264420773E-006 -1.579037440808476E-005
991 8.466800157993523E-004 -1.584533020589379E-003
992 9.850493894007310E-006 -1.843468253152893E-005
993 -1.099472119739826E-003 2.057625098097172E-003
994 -3.556568382443918E-005 6.655973033183720E-005
995 -2.119490322011402E-005 3.966548680084800E-005
996 1.643421270883994E-005 -3.075598990265218E-005
997 -2.210783775519462E-005 4.137393232263808E-005
998 -3.303178795216135E-004 6.181788559702106E-004
999 1.391687029496306E-004 -2.604494183823512E-004
1000 3.467060483392269E-004 -6.488491474026905E-004
1001 2.988130994478028E-004 -5.592187472831813E-004
1002 -3.522404050824180E-004 6.592061770957365E-004
1003 -8.420946471726005E-005 1.575950597465691E-004
1004 3.272458729738817E-005 -6.124300380765903E-005
1005 -1.336750169615666E-005 2.501674098638780E-005
1006 -9.406217037304148E-005 1.760341764129558E-004
1007 -3.950984971131904E-004 7.394136557359923E-004
1008 -4.371099882226410E-004 8.180366445875948E-004
1009 -7.717089416582681E-005 1.444224021383319E-004
1010 -5.335938264755014E-005 9.986041359583583E-005
1011 -1.060290939134895E-005 1.984310979068283E-005
1012 2.138103915486084E-005 -4.001371189955884E-005
1013 1.124321582990115E-004 -2.104130981732606E-004
1014 3.662854451596240E-006 -6.854848774350002E-006
1015 4.103213722344342E-004 -7.679027423979967E-004
1016 7.596061182243592E-006 -1.421547927212080E-005
1017 7.806408563958310E-006 -1.460946574377131E-005
1018 -6.702150549052088E-005 1.254287520948330E-004
1019 1.041804501048017E-003 -1.949702142148965E-003
1020 1.325148836121838E-006 -2.479916234643307E-006
1021 4.051954657232254E-004 -7.583096936641315E-004
1022 -5.592442243080987E-005 1.046606128151438E-004
1023 1.670184728232099E-005 -3.125701312577064E-005
1024 -1.170988072935275E-003 2.191464805147970E-003
1025 -3.217191947132601E-006 6.021073956073327E-006
1026 -7.778490143052065E-005 1.455719201623783E-004
1027 -3.677887593147836E-005 6.883048024090517E-005
1028 -2.062226645701816E-004 3.859386823061549E-004
1029 -6.105434222591377E-005 1.142611418808065E-004
1030 -8.427043605147948E-004 1.577093155585543E-003
1031 3.116272250519915E-005 -5.831998560103953E-005
1032 -2.632162787802284E-005 4.926010861314690E-005
1033 -3.082661289095214E-005 5.769095828506669E-005
1034 5.291704662029050E-004 -9.903248346994900E-004
1035 2.708942405976230E-004 -5.069693639493269E-004
1036 5.929343887977433E-004 -1.109656719010681E-003
1037 -4.410651913596209E-005 8.254388281649013E-005
1038 2.484234585145705E-006 -4.649098093947323E-006
1039 -9.480344295122130E-005 1.774211669162633E-004
1040 9.600505866139816E-006 -1.796688925759293E-005
1041 7.646416276522796E-004 -1.431001345774340E-003
1042 -1.597035062010857E-005 2.988805536570738E-005
1043 -6.796274043326666E-006 1.271926110221813E-005
1044 1.528810905434743E-005 -2.861115863206503E-005
1045 -4.888952526375360E-006 9.149675750912465E-006
1046 -1.933451161590327E-005 3.618398517136798E-005
1047 7.199942735277043E-006 -1.347434972444279E-005
1048 4.371409012848379E-006 -8.180794282447200E-006
1049 -2.263344447321630E-004 4.235772915527119E-004
1050 5.704989934216099E-004 -1.067669789079738E-003
1051 1.423276602627343E-005 -2.663598414426656E-005
1052 2.491973118464054E-004 -4.663645151003316E-004
1053 2.671829664033878E-006 -5.000214260122546E-006
1054 -2.127790304802426E-006 3.982085984456716E-006
1055 1.157156159489232E-004 -2.165577342308521E-004
1056 -1.610651025510905E-004 3.014275338768954E-004
1057 -8.901890953340587E-004 1.665958910741687E-003
1058 -7.678614729432942E-005 1.437028932739754E-004
1059 -1.455726542492697E-005 2.724355833735111E-005
1060 2.953314969540623E-004 -5.527030648795745E-004
1061 -3.769734291942388E-004 7.054931417412590E-004
1062 3.576461660620788E-004 -6.693226764844950E-004
1063 -2.109222428166979E-005 3.947320884612686E-005
1064 6.381863732232124E-004 -1.194344406706985E-003
1065 2.399313063518253E-004 -4.490232472086855E-004
1066 -6.253656867602544E-004 1.170350994563715E-003
1067 1.600745151782448E-005 -2.995721854284843E-005
1068 -1.162796884584414E-005 2.176132132747774E-005
1069 7.125027688187121E-005 -1.333425282587743E-004
1070 -2.136030633891327E-004 3.997509527678471E-004
1071 -4.429837394931151E-006 8.289941279001447E-006
1072 1.168256950247911E-003 -2.186353533958640E-003
1073 -2.214824676092695E-006 4.144843960292009E-006
1074 2.246946643437257E-005 -4.205096977461241E-005
1075 -2.155382213201793E-005 4.033722449014529E-005
1076 -1.720933631221247E-004 3.220670490735619E-004
1077 6.317597579540927E-005 -1.182315527618606E-004
1078 -1.324759143584480E-005 2.479244820597971E-005
1079 2.898374394841327E-004 -5.424210280541920E-004
1080 -5.597938528091965E-006 1.047635045513647E-005
1081 -2.563022404693383E-004 4.796610236574877E-004
1082 -2.269376379088578E-005 4.247061806329318E-005
1083 -7.004660283992685E-006 1.310896279448778E-005
1084 6.933769418762219E-004 -1.297631803963176E-003
1085 -7.329696655208660E-005 1.371728841552293E-004
1086 1.685883079694303E-005 -3.155090461523926E-005
1087 2.550368661808232E-005 -4.772938571864459E-005
1088 4.558367794161757E-006 -8.530850463886938E-006
1089 -2.133753666810361E-005 3.993234518834949E-005
1090 -1.678932131051155E-004 3.142065522868500E-004
1091 -1.062562799065767E-005 1.988556396747756E-005
1092 4.910274346942186E-007 -9.190178460434445E-007
1093 -1.161062313823012E-005 2.172879082431242E-005
1094 -1.988960744670764E-005 3.722286243476650E-005
1095 -2.168097700610900E-004 4.057523288045736E-004
1096 -2.961613944658031E-006 5.542563740774474E-006
1097 -1.240266323195519E-004 2.321117077306498E-004
1098 -2.196449887754275E-004 4.110583538808602E-004
1099 -2.768641900074469E-004 5.181419565181258E-004
1100 -1.904813534500433E-004 3.564792807294158E-004
1101 4.847657556963287E-006 -9.072171009181944E-006
1102 4.836710866401398E-005 -9.051789010465064E-005
1103 -8.670020451843961E-006 1.622565859462498E-005
1104 9.310867362829719E-005 -1.742498544787293E-004
1105 -6.324474281865080E-006 1.183590272468788E-005
1106 -2.070207678453649E-004 3.874323806596133E-004
1107 -2.565917619826256E-004 4.802026469446964E-004
1108 -2.064604207415264E-005 3.863828373164301E-005
1109 4.768893281069190E-006 -8.924888396458306E-006
1110 6.257129921652841E-004 -1.171000911434228E-003
1111 6.156763871016557E-005 -1.152217640748121E-004
1112 -2.444251879199159E-004 4.574334728340904E-004
1113 6.349197992420329E-007 -1.188175439053319E-006
1114 1.576473806315807E-005 -2.950313405552636E-005
1115 -3.089901878832546E-004 5.782646466617276E-004
1116 -1.431594756648106E-005 2.679181743509949E-005
1117 1.171233804072397E-004 -2.191926102470182E-004
1118 -2.329043889845949E-005 4.358722445451716E-005
1119 -2.274110808683179E-004 4.255921772706611E-004
1120 -3.192634283148978E-005 5.974906583961234E-005
1121 -5.954438749240012E-005 1.114353427390921E-004
1122 4.285629702565642E-004 -8.020413646524356E-004
1123 6.234530459692030E-006 -1.166751419472570E-005
1124 -2.879591978971541E-005 5.389050331720948E-005
1125 -7.317574289099483E-006 1.369459764779332E-005
1126 -3.573643640060862E-005 6.687937188840789E-005
1127 -4.293564131192978E-004 8.035262665433299E-004
1128 -1.163230574873679E-005 2.176963026974095E-005
1129 -2.237514380790606E-004 4.187430736122406E-004
1130 1.054666940905495E-003 -1.973773825702624E-003
1131 5.975252275614608E-005 -1.118246224902694E-004
1132 4.692809616883854E-005 -8.782416827041178E-005
1133 -3.886165483644621E-004 7.272826340760040E-004
1134 -1.277335784958017E-005 2.390507894687182E-005
1135 -2.238946426037879E-005 4.190106883564388E-005
1136 3.687380146096872E-004 -6.900808066272064E-004
1137 3.302788133485798E-004 -6.181056433889998E-004
1138 -5.610520301266033E-004 1.049990106168525E-003
1139 1.969409515221823E-005 -3.685687906539959E-005
1140 -1.998406696697641E-004 3.739951417520691E-004
1141 -1.586917639520280E-005 2.969847810297857E-005
1142 -7.147714196511679E-004 1.337670862110986E-003
1143 3.109933132682442E-005 -5.820122766985132E-005
1144 -3.696315832038335E-004 6.917529097163716E-004
1145 -3.052656604578750E-005 5.712932688101373E-005
1146 3.635510260542919E-005 -6.803737326854681E-005
1147 -1.992542413750699E-005 3.728997980064642E-005
1148 -6.243603963427935E-005 1.168473554216241E-004
1149 5.761703567004289E-004 -1.078283432335585E-003
1150 8.696253668465568E-006 -1.627439456767403E-005
1151 -3.570439171556523E-004 6.681954312614690E-004
1152 2.686339091183636E-005 -5.027384976465179E-005
1153 3.750403885316977E-004 -7.018755313408076E-004
1154 9.999294038239175E-004 -1.871334257436327E-003
1155 6.171057382797341E-005 -1.154891020609301E-004
1156 1.377279133942493E-004 -2.577531064722504E-004
1157 1.870500946429899E-006 -3.500528240866896E-006
1158 3.173857576390642E-004 -5.939769161110188E-004
1159 7.626672904232532E-005 -1.427307661669321E-004
1160 -2.117125664705441E-004 3.962128760200070E-004
1161 1.495136676583368E-004 -2.798098599282575E-004
1162 1.213569965034960E-005 -2.271159801818626E-005
1163 -2.714203779628766E-004 5.079542131938810E-004
1164 -1.385490704467969E-004 2.592899676119490E-004
1165 8.708927838888774E-006 -1.629863683497866E-005
1166 -2.534573599475564E-005 4.743399852626637E-005
1167 6.868868961986817E-005 -1.285485942300874E-004
1168 -4.491798857796666E-005 8.406252606008632E-005
1169 -7.812446858886528E-004 1.462073262655979E-003
1170 -4.005702460478170E-004 7.496536892792341E-004
1171 1.896014780528054E-005 -3.548327551192526E-005
1172 3.249832584654596E-006 -6.082056026307853E-006
1173 5.416426977619083E-006 -1.013682120508950E-005
1174 1.154034770877875E-005 -2.159720717325335E-005
1175 2.604583822780670E-005 -4.874390481055546E-005
1176 -3.438626425545869E-004 6.435272678117084E-004
1177 -2.856756267718984E-005 5.346337238794742E-005
1178 -1.902225240587762E-004 3.559951518713476E-004
1179 2.079938308609483E-005 -3.892533237561214E-005
1180 -1.780190973288669E-005 3.331556245702270E-005
1181 -5.616795857736309E-005 1.051164865661831E-004
1182 3.436709205023269E-004 -6.431687819158202E-004
1183 1.358528015838357E-006 -2.542391573572209E-006
1184 8.468380342710077E-005 -1.584829289438101E-004
1185 7.692211976852772E-006 -1.439580131162273E-005
1186 -2.246173595836251E-004 4.203636856258230E-004
1187 6.170725561972508E-005 -1.154830902718168E-004
1188 -2.072436375384301E-005 3.878475137281178E-005
1189 2.407778192479295E-004 -4.506074671266013E-004
1190 4.337870773431540E-005 -8.118177877039868E-005
1191 -9.774008821564100E-006 1.829165080211780E-005
1192 -5.917131647946577E-005 1.107372190205426E-004
1193 -2.177939541390750E-004 4.075941322593928E-004
1194 2.214651982770557E-005 -4.144667353253086E-005
1195 2.054181635459606E-005 -3.844340075178379E-005
1196 -5.527167519874733E-005 1.034391306835009E-004
1197 1.929209157857443E-004 -3.610450277899629E-004
1198 -1.572366133475205E-005 2.942654668627164E-005
1199 -2.975206751140808E-005 5.568019481522279E-005
1200 2.871591122208625E-005 -5.374085772285252E-005
1201 1.897121357403402E-004 -3.550401072427129E-004
1202 1.589109221316781E-004 -2.973964608127169E-004
1203 7.902255417011747E-004 -1.478880359371328E-003
1204 -7.713603717637280E-006 1.443582066377311E-005
1205 -1.379066152197989E-004 2.580873609404660E-004
1206 4.000972784773860E-005 -7.487703400069386E-005
1207 3.243972799092876E-005 -6.070969373902016E-005
1208 -6.785646308468765E-006 1.269876125919059E-005
1209 2.092655447025713E-005 -3.916352450051535E-005
1210 -5.653916318001794E-004 1.058111598669469E-003
1211 1.570783897288374E-004 -2.939670771547304E-004
1212 -3.711473877702605E-005 6.945898353919029E-005
1213 -4.044014526619910E-004 7.568236935306882E-004
1214 4.184378251639686E-004 -7.830924129614863E-004
1215 -1.286207654698632E-004 2.407098327146510E-004
1216 7.118342697108068E-006 -1.332186990439545E-005
1217 -1.242284092534425E-004 2.324892288137195E-004
1218 -4.944561908707133E-005 9.253573713338263E-005
1219 -1.207776344094388E-005 2.260287422296399E-005
1220 1.308657178771631E-005 -2.449107376879743E-005
1221 -1.399604454390086E-004 2.619311372414155E-004
1222 -2.864196970842962E-005 5.360254605561530E-005
1223 2.770118055963134E-005 -5.184183781675879E-005
1224 -2.026328407918803E-004 3.792204974448162E-004
1225 4.277435803165414E-004 -8.005077385700710E-004
1226 -8.752709261749369E-005 1.638040986194696E-004
1227 3.494440066164671E-005 -6.539721495038781E-005
1228 -5.047045115791003E-006 9.445296195173269E-006
1229 2.513356489282626E-005 -4.703634963610870E-005
1230 -5.949367021220188E-004 1.113404182234143E-003
1231 -1.543930448585433E-004 2.889414289996823E-004
1232 -3.626410112721706E-005 6.786684815845047E-005
1233 -2.074849745615553E-004 3.883012103256834E-004
1234 -2.672122212728521E-006 5.000842702361532E-006
1235 -1.078237667164397E-005 2.017899371618962E-005
1236 1.806447197129873E-004 -3.380707070173979E-004
1237 6.851696361826433E-005 -1.282273396055444E-004
1238 -4.430553343191003E-005 8.291635757381468E-005
1239 -9.572565428984057E-006 1.791481279396486E-005
1240 -9.291104950787364E-005 1.738798566910961E-004
1241 -1.076616651358192E-005 2.014877641524325E-005
1242 1.444011616122859E-004 -2.702418497826757E-004
1243 3.948252007742341E-004 -7.389018574624590E-004
1244 -7.947883904508666E-005 1.487419688238890E-004
