 # The norm of the isolated state is   3456000.01177641     
 # I think there should be     3456000 i.e.    100.000000340752      %
1 3.544780884386705E-005 -6.634020580152875E-005
2 -1.513249691649144E-003 2.831996758542478E-003
3 4.812958219332199E-006 -9.008260445279095E-006
4 -1.046722090242581E-004 1.958898295206905E-004
5 -1.644079783997646E-004 3.076825230451252E-004
6 4.920353418020566E-006 -9.209677232599028E-006
7 2.883704258315063E-005 -5.396729757147445E-005
8 4.526910070663326E-005 -8.471940747723322E-005
9 -1.996621941021571E-004 3.736616875949923E-004
10 -4.799237486195702E-002 8.981612033195413E-002
11 -3.961500030750935E-005 7.413814628723410E-005
12 1.626559168154076E-005 -3.044101356086818E-005
13 -9.969799688704780E-004 1.865814517489874E-003
14 -8.880138677179849E-005 1.661888465710151E-004
15 2.910680421543224E-005 -5.447240219395938E-005
16 2.741159472296990E-004 -5.129988199705530E-004
17 1.151425122636164E-004 -2.154853582569870E-004
18 -4.681449546314785E-004 8.761175722701073E-004
19 1.564780214998635E-002 -2.928433715246334E-002
20 -3.039568355162425E-004 5.688450345879794E-004
21 -1.071245107234631E-002 2.004799304520611E-002
22 -0.466600957590010 0.873228048971626
23 -8.835187236165502E-003 1.653475673110799E-002
24 7.035681119527443E-004 -1.316704104268516E-003
25 1.131357072525523E-003 -2.117296915751680E-003
26 8.491261635919544E-003 -1.589111296408857E-002
27 1.315571350245421E-003 -2.462047663848863E-003
28 1.955195542576574E-002 -3.659082926181865E-002
29 9.481467926479305E-003 -1.774424914364398E-002
30 -2.957275152359076E-003 5.534441400089327E-003
31 3.185259363048414E-003 -5.961106177873523E-003
32 -2.117939620405746E-003 3.963653102718874E-003
33 -4.465325217598334E-004 8.356706513584208E-004
34 -1.497003131535927E-002 2.801591235137025E-002
35 -2.408621171446211E-004 4.507653710266878E-004
36 1.642113014385802E-003 -3.073158780370074E-003
37 -5.604693924587323E-004 1.048899721783038E-003
38 2.314847037191740E-003 -4.332158564411877E-003
39 -1.143955453612833E-002 2.140874297618480E-002
40 1.641041079901692E-005 -3.071152719278646E-005
41 1.870294033592294E-002 -3.500192563292164E-002
42 3.184496807296510E-004 -5.959681153115664E-004
43 -1.287535638253822E-004 2.409578841874686E-004
44 1.763426501376275E-004 -3.300193720281755E-004
45 -4.579926460774589E-004 8.571178844147090E-004
46 -3.904687716465697E-005 7.307505196999416E-005
47 -2.352357856626769E-003 4.402358651885031E-003
48 2.594636737585205E-004 -4.855775622168664E-004
49 -1.183716253100481E-004 2.215286229827326E-004
50 -2.372947066241961E-004 4.440893682321294E-004
51 8.575273808267180E-004 -1.604833850548916E-003
52 -1.043402379955234E-004 1.952691770115903E-004
53 4.295739576327618E-004 -8.039330785890455E-004
54 -1.859999744151048E-004 3.480927277516102E-004
55 -7.377772851168915E-005 1.380725524572945E-004
56 4.450211529010690E-004 -8.328421685180245E-004
57 2.384332152896044E-005 -4.462191512966677E-005
58 8.966188744838964E-005 -1.677991992213952E-004
59 3.223119086278957E-004 -6.031959377167098E-004
60 -7.152549770984763E-004 1.338575718376115E-003
61 2.707192972258735E-005 -5.066415238235172E-005
62 -8.007311126742479E-004 1.498541426116908E-003
63 -3.607951695740515E-005 6.752176825609538E-005
64 -1.528124964909872E-003 2.859834631673550E-003
65 3.890580284928460E-004 -7.281090757142855E-004
66 8.062942200457230E-006 -1.508951705435428E-005
67 1.246311212484489E-003 -2.332429661326466E-003
68 -9.315516265277878E-004 1.743367649908228E-003
69 -6.519808233804371E-005 1.220160550315874E-004
70 4.791729804294813E-006 -8.967858386014562E-006
71 5.952772988370749E-004 -1.114041451562379E-003
72 4.553723075045575E-005 -8.522139477343665E-005
73 1.983020500044894E-005 -3.711176928755779E-005
74 1.283837416314605E-005 -2.402671299001580E-005
75 -4.354491195416688E-004 8.149284273831431E-004
76 -3.535832328960079E-005 6.617193528804546E-005
77 1.115006984735172E-003 -2.086698166128182E-003
78 8.377202701687064E-006 -1.567771837681856E-005
79 4.220874207331623E-004 -7.899224524265904E-004
80 -1.248070796644326E-004 2.335722536423630E-004
81 -1.125112989881816E-005 2.105641538269742E-005
82 -5.981681753682755E-005 1.119450251041665E-004
83 -5.416642781914411E-004 1.013706449110090E-003
84 1.592850905008966E-005 -2.980965043098777E-005
85 -4.094804466940010E-005 7.663288107537598E-005
86 6.185194370171924E-005 -1.157534572239490E-004
87 1.277061846752744E-005 -2.389980816436670E-005
88 5.495423842677518E-004 -1.028450175879919E-003
89 1.551674672841809E-003 -2.903907107377817E-003
90 -7.879011487735182E-005 1.474528266249043E-004
91 1.355688750685807E-005 -2.537138252834064E-005
92 -1.387245279733897E-005 2.596183482270549E-005
93 -9.007097512391255E-004 1.685648119113270E-003
94 1.482384509799615E-003 -2.774232906157663E-003
95 5.709254148095455E-005 -1.068470257432025E-004
96 -2.619091167441956E-005 4.901541359765397E-005
97 3.961215788648319E-004 -7.413282249456186E-004
98 -6.124735567059309E-004 1.146223639912922E-003
99 -1.160914513581424E-003 2.172612584783557E-003
100 2.052094235011263E-004 -3.840425815521258E-004
101 -5.724596005343495E-004 1.071338977806418E-003
102 -2.071892188839050E-004 3.877476286295251E-004
103 1.956998647987709E-005 -3.662454440107779E-005
104 8.989543294010816E-004 -1.682362865973676E-003
105 3.508301470459901E-005 -6.565669894838144E-005
106 -1.064502397322417E-004 1.992179760708197E-004
107 1.420200658373508E-003 -2.657857925455621E-003
108 4.355761427434593E-004 -8.151661286513290E-004
109 -4.129315552196271E-005 7.727873840905187E-005
110 2.967070719478039E-004 -5.552773347043823E-004
111 2.287055621495211E-004 -4.280147835496372E-004
112 -3.104217061491176E-005 5.809439193192687E-005
113 3.067288230673909E-005 -5.740333156390974E-005
114 -8.265817147910673E-005 1.546920095149749E-004
115 -6.012542250822079E-004 1.125227143725203E-003
116 -1.434292297462426E-005 2.684226991457581E-005
117 8.367432240128270E-004 -1.565936900940297E-003
118 7.895242300947340E-006 -1.477571519339890E-005
119 -1.218608409678761E-003 2.280584753059142E-003
120 8.752463004250809E-004 -1.637994094138150E-003
121 2.793069583712142E-005 -5.227117187171546E-005
122 2.475594358061856E-003 -4.632991844357899E-003
123 4.745467398128576E-005 -8.880981647764283E-005
124 1.004496889070895E-003 -1.879882270716341E-003
125 8.718752367442775E-006 -1.631666062546766E-005
126 -2.069564761272045E-003 3.873121048120819E-003
127 4.446690522070506E-004 -8.321832175367724E-004
128 -7.760702713130884E-005 1.452389268338254E-004
129 -1.428618926774155E-005 2.673611002573703E-005
130 1.595719335478161E-003 -2.986335272564280E-003
131 -1.387176426166354E-005 2.596053512898643E-005
132 1.212713303760994E-003 -2.269552287734916E-003
133 -9.146129222065440E-004 1.711667465091212E-003
134 5.003661483306803E-006 -9.364186771918178E-006
135 -1.212417702128539E-004 2.268998008843463E-004
136 1.051469206068168E-005 -1.967791920478126E-005
137 1.186979307072055E-005 -2.221393292030658E-005
138 4.825306657661142E-004 -9.030399637691693E-004
139 6.433329729256044E-004 -1.203976101957328E-003
140 -3.991577310076111E-005 7.470098691467853E-005
141 -4.609442970110233E-004 8.626418650716372E-004
142 -1.001604344451493E-005 1.874464258041341E-005
143 6.099831636733788E-004 -1.141563062258727E-003
144 2.294538706450668E-005 -4.294159461828746E-005
145 -1.905540852050442E-005 3.566157220606443E-005
146 -3.743703943546289E-004 7.006216050483280E-004
147 -2.264156316268694E-006 4.237302356359132E-006
148 -1.462817451762779E-004 2.737614035721137E-004
149 2.211590743433200E-005 -4.138905646235776E-005
150 -1.355011261485160E-003 2.535858109289255E-003
151 -1.055349539956567E-003 1.975051272041465E-003
152 1.545550938816393E-004 -2.892446749075731E-004
153 2.093407356020834E-005 -3.917744097597405E-005
154 7.231622426725870E-005 -1.353373592167898E-004
155 1.572386895946540E-006 -2.942634793729302E-006
156 -2.812213007353721E-004 5.262962370600164E-004
157 -2.097516381050255E-003 3.925431567819524E-003
158 -2.568499184223450E-005 4.806864943618819E-005
159 1.761745773814712E-005 -3.297051984074768E-005
160 1.029212224485932E-004 -1.926136350781584E-004
161 1.417268436498138E-003 -2.652370347467030E-003
162 -3.789452340080710E-005 7.091832357479276E-005
163 -5.765772479874255E-005 1.079045190790833E-004
164 -2.971191602671913E-004 5.560485695352849E-004
165 7.513751464286549E-004 -1.406173404899603E-003
166 1.165592214371806E-003 -2.181366764821848E-003
167 8.305906737906951E-006 -1.554421008916567E-005
168 -5.591843091760683E-004 1.046494697828850E-003
169 -2.597806376574064E-003 4.861707560006803E-003
170 1.794417527672700E-005 -3.358193645656087E-005
171 -6.330798507951770E-004 1.184787730744168E-003
172 -5.238855324521054E-004 9.804342035354431E-004
173 3.949398519032367E-005 -7.391170747316889E-005
174 -5.099836983484928E-005 9.544175261123836E-005
175 8.319166898653479E-004 -1.556904175436145E-003
176 -2.197097292512530E-006 4.111799342707610E-006
177 -1.073347909405386E-003 2.008734629199578E-003
178 -2.751163937246369E-004 5.148711167108878E-004
179 3.662194545895550E-005 -6.853675223612568E-005
180 -1.163484192260214E-004 2.177421582557228E-004
181 4.916503119907337E-005 -9.201073480678129E-005
182 -6.049411892123684E-004 1.132127155864164E-003
183 -1.064872939683124E-003 1.992873926771880E-003
184 1.996075326459485E-005 -3.735589236454460E-005
185 -1.364499438820817E-003 2.553614925653509E-003
186 9.950897276814362E-006 -1.862273681074233E-005
187 3.065581720980912E-005 -5.737140128100005E-005
188 -1.129375179540649E-004 2.113587563752817E-004
189 1.850195773828258E-005 -3.462580158078454E-005
190 -1.677003944527009E-003 3.138456635709295E-003
191 8.115511770331267E-006 -1.518772364991798E-005
192 -1.921924987623412E-004 3.596818326883088E-004
193 1.321324381851034E-004 -2.472814316812742E-004
194 8.087418658960082E-004 -1.513533310790650E-003
195 2.401156787138822E-003 -4.493684419919200E-003
196 -3.255406114120736E-004 6.092381039566808E-004
197 -4.049567917270479E-006 7.578566124602853E-006
198 -3.184800953073239E-006 5.960257188177479E-006
199 -6.461021151867486E-004 1.209158458619184E-003
200 2.255095324969879E-005 -4.220420042369495E-005
201 1.383256823242026E-004 -2.588718491288951E-004
202 1.061062896665565E-003 -1.985743724592962E-003
203 3.787470281147939E-004 -7.088125225783081E-004
204 -1.611276212312811E-005 3.015489534635030E-005
205 -7.062436445594250E-004 1.321711300353269E-003
206 2.267510998846870E-005 -4.243550396946942E-005
207 8.899885270800255E-004 -1.665583679019726E-003
208 1.088756126150140E-005 -2.037580131185194E-005
209 -2.007236055782497E-005 3.756471434052094E-005
210 5.955013559433984E-004 -1.114460806048193E-003
211 5.212685546169079E-006 -9.755353962172128E-006
212 -8.692390201514577E-004 1.626751695726419E-003
213 -4.155017186105334E-005 7.775977253975675E-005
214 -5.882658054308365E-004 1.100919732213792E-003
215 1.195818202896649E-004 -2.237933784009146E-004
216 8.599735590375106E-004 -1.609411699306755E-003
217 1.449163683729800E-003 -2.712061251513363E-003
218 -6.307318376433896E-005 1.180394684307135E-004
219 -1.914386089097301E-004 3.582709469906052E-004
220 -5.218534639577006E-004 9.766312962057073E-004
221 -2.220044937979551E-005 4.154737799469798E-005
222 -5.538704011020679E-004 1.036549884561608E-003
223 -2.520870291450571E-003 4.717724144691734E-003
224 -5.297002739913045E-006 9.913145668693311E-006
225 6.305542750384494E-004 -1.180061172885768E-003
226 -2.893909894003403E-004 5.415856324451164E-004
227 3.256996051653188E-004 -6.095358401187522E-004
228 6.417580831611817E-005 -1.201028925386222E-004
229 -1.042354147211312E-003 1.950730790942797E-003
230 -1.279877157860648E-004 2.395247410375900E-004
231 2.310111049553284E-003 -4.323295354199602E-003
232 -1.505502286961272E-003 2.817497040426884E-003
233 -9.792610106266069E-006 1.832657113204428E-005
234 -4.776006591971307E-005 8.938133960549865E-005
235 -4.286815801864063E-004 8.022631810013161E-004
236 5.195784280212081E-005 -9.723734441539822E-005
237 -2.707317643217773E-003 5.066654226636247E-003
238 3.591781947081531E-004 -6.721899476471158E-004
239 4.617323343942545E-004 -8.641166227816272E-004
240 6.741976880044736E-006 -1.261740698072196E-005
241 1.014431698712337E-003 -1.898474918263588E-003
242 -5.652916280040825E-005 1.057924372266398E-004
243 9.949477022570844E-004 -1.862011226012396E-003
244 -9.665881959042496E-005 1.808937448282232E-004
245 -2.733353861468539E-003 5.115380131090638E-003
246 -2.437869653190968E-003 4.562391317701643E-003
247 -2.863270588189617E-006 5.358573061989806E-006
248 4.246964548370403E-004 -7.948051554136426E-004
249 2.273735400565793E-005 -4.255219485855230E-005
250 1.038328619475242E-003 -1.943197204054901E-003
251 8.709990895843096E-005 -1.630045956678956E-004
252 -1.740252371249525E-005 3.256826799426646E-005
253 -1.941232492859538E-003 3.632951315504020E-003
254 1.059352414812814E-004 -1.982542519619857E-004
255 -1.432160950199043E-004 2.680240880369225E-004
256 -4.666625313038303E-005 8.733433020506390E-005
257 2.231615218243794E-003 -4.176393081781461E-003
258 -2.914837171957374E-003 5.455020106544655E-003
259 -1.437293674552489E-005 2.689847212346133E-005
260 7.729125889976947E-004 -1.446480006227660E-003
261 -6.489789127638807E-005 1.214542085259569E-004
262 4.314469794758234E-004 -8.074385625789876E-004
263 8.394589582059000E-004 -1.571019272829971E-003
264 3.986243165980291E-004 -7.460120725889872E-004
265 3.565628409881794E-005 -6.672952926048513E-005
266 5.573356642377896E-005 -1.043035206451652E-004
267 1.649709849305196E-004 -3.087376890650622E-004
268 6.770180703492156E-005 -1.267017235890250E-004
269 -1.534201781048689E-004 2.871207456115017E-004
270 -3.333742081321414E-003 6.238986542070299E-003
271 -3.883947039914174E-004 7.268676560444304E-004
272 -1.164961874731498E-004 2.180187333133084E-004
273 -8.129117528889999E-004 1.521337147484487E-003
274 2.921002355290495E-005 -5.466556508768779E-005
275 -6.330078550689315E-004 1.184653040147736E-003
276 -1.275808401922026E-004 2.387632507797537E-004
277 2.538488687306056E-004 -4.750696521630141E-004
278 2.079082069962910E-004 -3.890932146655078E-004
279 -4.472398717553994E-005 8.369944141823031E-005
280 -5.989872227157513E-004 1.120984434437251E-003
281 1.896547503265238E-003 -3.549325132217909E-003
282 -1.277365315423458E-004 2.390545758389869E-004
283 7.007462845846398E-004 -1.311423322067039E-003
284 -1.012863697404094E-003 1.895540441326878E-003
285 -1.370683417973470E-005 2.565189839183929E-005
286 4.387386293403127E-005 -8.210847900052802E-005
287 -4.797141283280133E-004 8.977689290634575E-004
288 4.104558742918508E-004 -7.681544069937005E-004
289 1.154239609792914E-004 -2.160120399303337E-004
290 4.070799173795612E-004 -7.618363831103138E-004
291 -1.220555313327068E-004 2.284228367224114E-004
292 -1.106128404433405E-003 2.070082239229785E-003
293 9.419701251434756E-006 -1.762866496372155E-005
294 -1.390489798394201E-005 2.602255378101340E-005
295 5.651199698281397E-004 -1.057603078436530E-003
296 2.258572735049827E-003 -4.226843124191057E-003
297 2.732386296057280E-004 -5.113569414099070E-004
298 -1.124976378347594E-004 2.105355513509027E-004
299 -6.442902203752463E-004 1.205767563810032E-003
300 2.071508972459671E-004 -3.876759662473591E-004
301 7.435033179628903E-005 -1.391441661501995E-004
302 5.460252410941265E-004 -1.021867929217227E-003
303 -1.793728067170800E-003 3.356901889568313E-003
304 3.778811950497338E-005 -7.071923843697542E-005
305 1.394743015852890E-004 -2.610214691491338E-004
306 -1.460089828687677E-003 2.732509166060857E-003
307 6.530649990095080E-004 -1.222189219403489E-003
308 -9.390987815025282E-004 1.757491923868842E-003
309 -3.661854374931066E-004 6.853038046418793E-004
310 1.787474202361070E-003 -3.345198091996957E-003
311 -1.414492596271882E-003 2.647175469208283E-003
312 1.440675508190509E-004 -2.696175772016364E-004
313 2.698800774436175E-003 -5.050715067617063E-003
314 -7.266483576487433E-005 1.359897857768028E-004
315 -2.805847304938195E-004 5.251049432351925E-004
316 -1.672713754548677E-003 3.130427706004008E-003
317 -5.866764591276019E-004 1.097945226392325E-003
318 -5.855682083685582E-006 1.095867169944026E-005
319 6.805479976368108E-004 -1.273622791072097E-003
320 -1.092784415793298E-004 2.045109195615671E-004
321 -3.465463627010575E-005 6.485498548149356E-005
322 4.844240826993295E-005 -9.065837202342465E-005
323 3.334364008763591E-004 -6.240150539902441E-004
324 -1.083625135766033E-005 2.027967704353781E-005
325 -8.994297577195979E-005 1.683252838261230E-004
326 1.201394306946266E-003 -2.248369171128602E-003
327 -2.582396287988072E-005 4.832868273267063E-005
328 1.314964813457054E-004 -2.460912588966764E-004
329 6.314928884643930E-004 -1.181817688597880E-003
330 9.181904505022988E-004 -1.718362662261086E-003
331 -1.111223127785925E-004 2.079616780631613E-004
332 1.042931967637371E-003 -1.951812197831028E-003
333 1.882271804694318E-003 -3.522608593510877E-003
334 2.615379141333109E-004 -4.894594123442337E-004
335 -1.581792199764549E-006 2.960264420903450E-006
336 -2.237473947444006E-003 4.187357428072505E-003
337 -8.028493102184705E-005 1.502505668690558E-004
338 -1.456386040354619E-003 2.725577622347915E-003
339 -9.668187383236719E-005 1.809368820212274E-004
340 1.521616654434415E-003 -2.847654480625984E-003
341 3.338140989825483E-004 -6.247218851145662E-004
342 -1.661906245962442E-004 3.110201965863180E-004
343 5.764769067791073E-004 -1.078857120780124E-003
344 2.900528879765447E-003 -5.428242572538714E-003
345 -1.650289650269168E-004 3.088461682180885E-004
346 -1.252456181446878E-006 2.343926083501123E-006
347 7.921065125813466E-005 -1.482400497821554E-004
348 4.460311163078629E-004 -8.347322662330366E-004
349 -4.754379074749167E-006 8.897647454395075E-006
350 -1.595497036178717E-004 2.985919406355929E-004
351 -1.097871700461936E-003 2.054630073327398E-003
352 1.402204187348186E-003 -2.624178117165795E-003
353 -1.129905799817342E-004 2.114580880009804E-004
354 1.666024196521072E-003 -3.117908449245681E-003
355 -2.809714086574308E-004 5.258285499282471E-004
356 1.288722248270526E-004 -2.411800231614535E-004
357 1.881317150730916E-004 -3.520821891696748E-004
358 2.710983782845876E-005 -5.073515396007831E-005
359 4.433138328450104E-004 -8.296469853783820E-004
360 -2.947789434924818E-005 5.516688779476350E-005
361 1.210069551201834E-005 -2.264604908513556E-005
362 -5.025057448513376E-005 9.404227546041981E-005
363 2.675683987263790E-005 -5.007452848738131E-005
364 7.578761615071249E-004 -1.418339826208544E-003
365 -1.148486359402469E-005 2.149350921173432E-005
366 -6.435226926521800E-004 1.204331151827196E-003
367 2.123080604449065E-004 -3.973274169758439E-004
368 6.473420550397371E-004 -1.211478968788921E-003
369 -5.628990087268857E-005 1.053446639591478E-004
370 -4.602732284584309E-006 8.613874721601323E-006
371 3.423426091539367E-005 -6.406830565192647E-005
372 -6.316734224903962E-004 1.182155663345742E-003
373 1.412495747427525E-003 -2.643438421949344E-003
374 7.065919240392851E-006 -1.322367917307664E-005
375 -1.402817244882581E-003 2.625325409641536E-003
376 3.583004218205033E-004 -6.705471999035683E-004
377 -1.111813131473406E-004 2.080720724449153E-004
378 6.808582748332603E-004 -1.274203413027288E-003
379 9.668653426648938E-005 -1.809455924890308E-004
380 -1.467181046715748E-003 2.745780117318233E-003
381 -7.229476703972351E-004 1.352972358675900E-003
382 -2.328631935270189E-005 4.357958353422743E-005
383 -2.009741240198546E-004 3.761163224270894E-004
384 -3.138253487825828E-005 5.873138780807809E-005
385 2.565280584829327E-004 -4.800836315181123E-004
386 3.165979823483704E-005 -5.925026928684696E-005
387 7.021377671618784E-004 -1.314027291701724E-003
388 -2.580113977947421E-005 4.828599772011403E-005
389 9.006195066422665E-006 -1.685479457359650E-005
390 1.534263828260966E-003 -2.871323318835363E-003
391 -1.783451754105093E-005 3.337669458699731E-005
392 -3.433597501230982E-004 6.425862904856655E-004
393 6.836149358123516E-005 -1.279361699149621E-004
394 -4.609299441320121E-004 8.626149445258996E-004
395 -2.844829928192922E-004 5.324003852524658E-004
396 -1.766905339404326E-005 3.306704192931148E-005
397 2.665391347601677E-006 -4.988193597805912E-006
398 1.807846294919042E-004 -3.383323528503098E-004
399 6.713602670933711E-005 -1.256428274257702E-004
400 -1.901634530514217E-005 3.558844729193599E-005
401 8.066417844650888E-007 -1.509596853219707E-006
402 -1.220776833238131E-003 2.284642918193803E-003
403 -2.575072928329017E-005 4.819161765769878E-005
404 3.933281982068893E-004 -7.361005603671055E-004
405 5.152252136534555E-006 -9.642257695787759E-006
406 1.017722522149117E-004 -1.904633405444540E-004
407 2.702106167602418E-004 -5.056900939098666E-004
408 6.369822702736969E-004 -1.192090963792290E-003
409 -1.045436443450070E-005 1.956501054269877E-005
410 1.054556855108567E-005 -1.973568801011814E-005
411 4.347991142358831E-004 -8.137119692003776E-004
412 -1.049080389569111E-003 1.963318757911904E-003
413 1.567419410898754E-004 -2.933372825995118E-004
414 3.036004965851420E-005 -5.681782455736879E-005
415 7.909012740188366E-004 -1.480145233998051E-003
416 1.791410066081242E-006 -3.352568778101295E-006
417 -1.423241828076759E-005 2.663546396390181E-005
418 2.211233553932147E-004 -4.138249443803242E-004
419 -6.146808638514257E-005 1.150354708325189E-004
420 1.854534399200305E-005 -3.470697955223280E-005
421 8.015108035674232E-005 -1.500000550802174E-004
422 -1.047969986879736E-005 1.961239755459509E-005
423 -1.593139547053846E-003 2.981507138706563E-003
424 4.200350517273631E-006 -7.860781766541138E-006
425 -4.760077565215101E-005 8.908326957409910E-005
426 -9.338996209898103E-004 1.747761844718135E-003
427 1.307346565287572E-003 -2.446655274283323E-003
428 -1.576350455199646E-006 2.950081993033806E-006
429 -1.510681351075712E-005 2.827186019198869E-005
430 3.516577532586842E-004 -6.581156908391384E-004
431 -8.039988423278668E-004 1.504656844275340E-003
432 1.768461493594424E-004 -3.309616275601528E-004
433 -3.198070305606999E-005 5.985080353669505E-005
434 -2.009680154182474E-005 3.761049139374057E-005
435 4.162555476035735E-004 -7.790082919643588E-004
436 2.430098411129778E-006 -4.547818553854805E-006
437 1.585213939436959E-005 -2.966674795379705E-005
438 -4.544431521873437E-004 8.504750121273832E-004
439 4.337793674494154E-005 -8.118045185078626E-005
440 -2.564581789191808E-004 4.799528852798802E-004
441 -1.148301677688000E-003 2.149008094822789E-003
442 -1.455780383802101E-003 2.724444175357151E-003
443 7.678245215942920E-005 -1.436957690407034E-004
444 -1.666877189035771E-003 3.119504758985017E-003
445 -2.183428541909895E-004 4.086213413874372E-004
446 -2.798482240936533E-005 5.237266313488032E-005
447 -6.344015989365370E-005 1.187261135978338E-004
448 -1.268916900172879E-003 2.374735429455022E-003
449 4.819201567618244E-004 -9.018974302523799E-004
450 3.697855116319891E-005 -6.920411574789565E-005
451 -2.005252106928414E-004 3.752762096609730E-004
452 3.753502402647079E-007 -7.024528365681645E-007
453 4.443837097281477E-005 -8.316492046602688E-005
454 3.559243362889839E-004 -6.661004627674448E-004
455 5.810012762238472E-005 -1.087324618638446E-004
456 -9.228919543939325E-005 1.727161318417092E-004
457 -3.465362189644833E-005 6.485302055516716E-005
458 1.882263849195131E-004 -3.522593647512436E-004
459 6.956746688191459E-004 -1.301931802419556E-003
460 -1.111510300870010E-003 2.080154277885996E-003
461 -2.021356509577362E-005 3.782906207981148E-005
462 -3.599793167224538E-004 6.736892296752376E-004
463 3.856188382224468E-005 -7.216727872272867E-005
464 8.141980135991713E-004 -1.523744309999008E-003
465 -9.705750881750280E-004 1.816398734964839E-003
466 -5.892661680737557E-005 1.102791700427272E-004
467 1.443840775326086E-005 -2.702097278071482E-005
468 -4.699902954595741E-004 8.795710748247984E-004
469 -4.550839225400667E-005 8.516735546121852E-005
470 2.498891921008525E-004 -4.676592261517076E-004
471 4.229485987735701E-006 -7.915331625592465E-006
472 1.074153250657466E-005 -2.010242030221417E-005
473 -1.818683071832636E-004 3.403604521410696E-004
474 -3.884881062777496E-005 7.270432981246753E-005
475 -5.475034394851531E-004 1.024634326197413E-003
476 -1.901801905547499E-005 3.559157474711418E-005
477 4.981410462577779E-004 -9.322542634527833E-004
478 7.325299773180319E-005 -1.370905759604678E-004
479 9.507448520374062E-005 -1.779287094537158E-004
480 -9.943954739256927E-006 1.860984747193544E-005
481 -3.491339240230223E-006 6.533923966460926E-006
482 -2.183453824430216E-005 4.086264014734720E-005
483 2.579603986945526E-004 -4.827642302609002E-004
484 -6.409017349050448E-004 1.199426111751774E-003
485 2.716048139744848E-004 -5.082992884547499E-004
486 -2.226318968240632E-004 4.166481712805778E-004
487 9.568689560052217E-006 -1.790747962692249E-005
488 -6.556948217414335E-005 1.227110630760744E-004
489 5.479021805145474E-004 -1.025380571038155E-003
490 -5.881313969641801E-005 1.100668756932833E-004
491 3.063121813070742E-005 -5.732528143387813E-005
492 -2.248401598643022E-005 4.207808395736217E-005
493 9.986161939022358E-005 -1.868876686854111E-004
494 4.118682917300857E-004 -7.707977277948465E-004
495 -1.201584120242477E-005 2.248726715267734E-005
496 2.305315673589959E-006 -4.314312555395100E-006
497 5.995259014076555E-004 -1.121992625317026E-003
498 -4.978589250043534E-004 9.317262724608589E-004
499 -1.211345346836463E-005 2.266991045444736E-005
500 6.925100951447536E-006 -1.296013616489290E-005
501 7.463786441849258E-004 -1.396822584864872E-003
502 5.141191788619370E-004 -9.621568532291241E-004
503 -1.170841098675750E-004 2.191188734725984E-004
504 2.254283150145318E-004 -4.218815443387540E-004
505 4.339460905787572E-005 -8.121157869062936E-005
506 -2.151558587241301E-004 4.026569589038105E-004
507 -1.550580265117619E-004 2.901858916191014E-004
508 -1.326982344193248E-003 2.483402982058667E-003
509 7.121881310509987E-005 -1.332837088301270E-004
510 -1.435538575477160E-005 2.686536508185898E-005
511 -5.091233881792191E-004 9.528073611708873E-004
512 1.397289499932239E-003 -2.614980399351474E-003
513 -3.275362288819424E-006 6.129656602807683E-006
514 -1.500271484800177E-005 2.807700841846923E-005
515 5.825149097448840E-004 -1.090157104466721E-003
516 4.462325788328348E-004 -8.351093196365538E-004
517 -7.322119716188044E-006 1.370311456667745E-005
518 -3.048053922362035E-005 5.704338970122884E-005
519 -2.048293919636985E-003 3.833313396021442E-003
520 1.669145089900541E-005 -3.123750928089785E-005
521 -2.520811772532957E-005 4.717591381323014E-005
522 3.237500427605777E-005 -6.058869868206319E-005
523 2.914578672904495E-006 -5.454534862166826E-006
524 1.789781129849867E-004 -3.349515309264130E-004
525 6.281144780545220E-004 -1.175495187944170E-003
526 -2.043613428285919E-004 3.824554115184609E-004
527 9.852339535290492E-004 -1.843832307770267E-003
528 -1.149133270848580E-003 2.150564389312653E-003
529 1.396377765192962E-003 -2.613274173588503E-003
530 -5.364102750279142E-005 1.003873644978266E-004
531 -4.709330661522239E-006 8.813301992768276E-006
532 6.919272665439752E-004 -1.294918681333037E-003
533 2.188617584062895E-005 -4.095919322358941E-005
534 -1.982203396477807E-005 3.709626344927485E-005
535 1.354432009123426E-004 -2.534773927920792E-004
536 -3.120308539829181E-006 5.839471933150255E-006
537 -4.489828373854236E-005 8.402563592712508E-005
538 1.456146833079354E-003 -2.725129991927054E-003
539 -1.533469032330416E-004 2.869836201315540E-004
540 -7.469133552040979E-004 1.397823297725328E-003
541 -1.063346036966318E-004 1.990016775543894E-004
542 -1.056825024109171E-005 1.977804505128620E-005
543 1.230989276782331E-003 -2.303755156618235E-003
544 2.702640285091817E-005 -5.057903206706677E-005
545 2.609091860379772E-006 -4.882755049386045E-006
546 -1.094058250090522E-003 2.047493329821223E-003
547 -2.478051332907858E-005 4.637589552891718E-005
548 -2.528396837840344E-004 4.731809874181909E-004
549 -1.520142631984429E-003 2.844895973049649E-003
550 -3.882367171151113E-005 7.265722037256521E-005
551 -1.399428870426006E-004 2.618984172713253E-004
552 1.443100005881709E-003 -2.700713306855408E-003
553 -3.181979277105173E-004 5.954967194861384E-004
554 1.019474296173007E-003 -1.907911975793093E-003
555 2.401631689021269E-005 -4.494580445315736E-005
556 -2.537162172881064E-005 4.748215985968294E-005
557 1.025305156447280E-005 -1.918824588139352E-005
558 -5.336901739223620E-004 9.987832685022287E-004
559 2.069960972503114E-004 -3.873862663534857E-004
560 1.509737779244405E-004 -2.825423606180530E-004
561 3.224839948422409E-004 -6.035179750249474E-004
562 -1.816897784117069E-005 3.400281248259344E-005
563 2.280383167664991E-004 -4.267660574946560E-004
564 3.274550565470248E-006 -6.128227492934959E-006
565 2.687764392073132E-004 -5.030060966946954E-004
566 -2.400276880805761E-004 4.492037619698737E-004
567 1.172853491888675E-003 -2.194956000039183E-003
568 -1.576805350223956E-003 2.950938358458968E-003
569 4.496832724089952E-004 -8.415671740116249E-004
570 -7.476650654750617E-004 1.399230110736459E-003
571 -2.676804959613205E-004 5.009550437881825E-004
572 5.712826631628316E-004 -1.069136342118172E-003
573 -1.088100695275999E-005 2.036343916589713E-005
574 -7.595763050347249E-004 1.421521562192782E-003
575 -2.497453345483115E-005 4.673895530241602E-005
576 -1.987349906027256E-003 3.719258709390021E-003
577 -7.481181636534025E-005 1.400077552553567E-004
578 1.670206021972346E-005 -3.125745069140860E-005
579 -1.579918462602808E-003 2.956764458832714E-003
580 -8.632617559307289E-006 1.615553707003878E-005
581 1.052281118751416E-003 -1.969308836184879E-003
582 -1.957869800348687E-005 3.664085579533143E-005
583 -1.203048608621436E-003 2.251465155649724E-003
584 -6.461235828443478E-005 1.209198661929058E-004
585 -1.144855354441105E-003 2.142558401632637E-003
586 9.442879092445763E-005 -1.767202709411135E-004
587 -4.945249626282545E-004 9.254869045792341E-004
588 -1.455089633535330E-004 2.723151372509145E-004
589 -5.185672099018936E-004 9.704811547934085E-004
590 5.473574478952268E-005 -1.024361746538800E-004
591 -8.478622510299617E-004 1.586745755041845E-003
592 1.296284791148049E-005 -2.425952791164254E-005
593 -3.699647198112419E-005 6.923765667477634E-005
594 3.807924419632852E-005 -7.126405181574688E-005
595 -3.872178488219211E-004 7.246652207532015E-004
596 6.085229939678492E-005 -1.138830339054415E-004
597 -1.334063586600463E-004 2.496655355011317E-004
598 -2.008086247385541E-005 3.758052518205927E-005
599 -1.722546374371498E-005 3.223688391623327E-005
600 -3.265804281967693E-004 6.111843147186281E-004
601 2.746886788765839E-005 -5.140707737715758E-005
602 -3.262763208386703E-005 6.106156877105700E-005
603 7.686442229683590E-004 -1.438491918414007E-003
604 3.508554051457392E-006 -6.566150481358433E-006
605 -3.482845026864724E-004 6.518027481141240E-004
606 1.446533475474221E-005 -2.707139658622591E-005
607 -1.460057516465420E-005 2.732449876038622E-005
608 1.309869410166225E-004 -2.451376642247357E-004
609 -2.784526115310314E-004 5.211147292006924E-004
610 8.312819786871475E-005 -1.555716303140472E-004
611 -2.226565167702062E-006 4.166969662872905E-006
612 4.309974124090273E-005 -8.065982717137919E-005
613 2.655735035929879E-004 -4.970119112212493E-004
614 -4.417723172596310E-004 8.267620825817671E-004
615 -1.209260004455392E-005 2.263090840076930E-005
616 1.061581041819477E-003 -1.986713284211558E-003
617 4.820072774090457E-004 -9.020604368091183E-004
618 -1.326650247365803E-004 2.482781438535407E-004
619 -2.265947018431578E-005 4.240643829128144E-005
620 2.041942151474013E-005 -3.821427465303974E-005
621 2.689414329477913E-005 -5.033147572813920E-005
622 6.601345950273109E-004 -1.235419757470221E-003
623 -8.140593679695293E-005 1.523484836308651E-004
624 -5.943750073119443E-005 1.112352250873547E-004
625 6.224873229598094E-004 -1.164964142640662E-003
626 -1.303709920716967E-005 2.439846885360256E-005
627 8.932296508293878E-004 -1.671649357679915E-003
628 2.325116168575636E-004 -4.351377452808935E-004
629 3.354710004546571E-005 -6.278225769982774E-005
630 4.626195061200304E-006 -8.657712021195322E-006
631 -1.835463077938427E-004 3.435007353445632E-004
632 5.841592792273824E-004 -1.093234479600843E-003
633 9.242308743103360E-006 -1.729670278869703E-005
634 6.210131012510648E-005 -1.162205518135664E-004
635 -4.204400648819035E-004 7.868394347255441E-004
636 -1.184494604785461E-003 2.216741942773129E-003
637 -1.047664680536399E-004 1.960672091417156E-004
638 7.146102696281375E-004 -1.337369146017088E-003
639 -4.919264022935859E-006 9.206213336699748E-006
640 -1.338893099864816E-004 2.505693551323123E-004
641 3.073148231297102E-005 -5.751287514267103E-005
642 2.863283442386642E-004 -5.358538805962798E-004
643 -1.056358376321169E-004 1.976939055557558E-004
644 -7.855445121271059E-004 1.470120201386986E-003
645 6.535318055463065E-005 -1.223062866664907E-004
646 5.418074571589995E-004 -1.013974508960319E-003
647 -2.828073965344939E-005 5.292614845329731E-005
648 1.254471808475642E-005 -2.347698218713778E-005
649 -4.358854463322962E-004 8.157449042131016E-004
650 -1.296432949369118E-003 2.426230779903974E-003
651 4.428818076307270E-006 -8.288524916217768E-006
652 -3.334926210543616E-004 6.241202974150893E-004
653 1.216801609463910E-005 -2.277191871493566E-005
654 4.083018145555897E-006 -7.641199930631628E-006
655 1.031732517304540E-003 -1.930852881840678E-003
656 -6.730989888606583E-004 1.259682210118905E-003
657 1.229561739035506E-005 -2.301083909120382E-005
658 -1.365130470084771E-005 2.554824905263274E-005
659 -4.036440522116594E-004 7.554063058674885E-004
660 -9.012093587025218E-005 1.686583183992372E-004
661 6.929017025081182E-006 -1.296742296567779E-005
662 9.363021126466183E-007 -1.752269259593623E-006
663 5.001002117076244E-006 -9.359296360404167E-006
664 -2.531974848389728E-005 4.738505695902441E-005
665 -5.731119896853336E-006 1.072559876180210E-005
666 3.346815895155170E-004 -6.263453279311611E-004
667 -4.073168818434058E-005 7.622798394496812E-005
668 -1.262790938447469E-006 2.363259107123815E-006
669 -1.379125719799850E-005 2.580986918122373E-005
670 3.653800145791837E-004 -6.837964769462040E-004
671 -4.765416196070727E-006 8.918330749570932E-006
672 3.367224767112800E-005 -6.301644216146946E-005
673 1.444550368542508E-005 -2.703427194896535E-005
674 -5.030376304697427E-004 9.414181208731532E-004
675 -5.699661323893644E-004 1.066672536461819E-003
676 -2.150499792352132E-005 4.024579085946040E-005
677 1.377099331024311E-003 -2.577195243337113E-003
678 1.927121940687503E-005 -3.606546425167746E-005
679 -2.937824748541023E-005 5.498048325815824E-005
680 -2.638039099344447E-004 4.937001819018904E-004
681 -1.065174184826209E-005 1.993454087908079E-005
682 -2.907231118449967E-007 5.440904288437601E-007
683 -6.950856611862842E-005 1.300829325621546E-004
684 -2.558361293206514E-007 4.787831485241528E-007
685 5.495893089858523E-004 -1.028537902230436E-003
686 1.378735412120245E-005 -2.580257733284489E-005
687 -1.517573586405833E-005 2.840086407836987E-005
688 -1.168490179530176E-006 2.186779866578818E-006
689 1.404292249078658E-004 -2.628085959397946E-004
690 -3.314438304576837E-004 6.202860408764098E-004
691 8.453175319032760E-007 -1.581908835778301E-006
692 4.150865725154794E-006 -7.768199181406016E-006
693 6.130995329432609E-005 -1.147394934922414E-004
694 7.843281988365527E-004 -1.467843848551453E-003
695 -3.859523530548592E-006 7.222994554423477E-006
696 -1.436220571925544E-005 2.687834547466098E-005
697 -6.138762422728358E-005 1.148849602364958E-004
698 1.211777426925359E-004 -2.267800986519199E-004
699 -2.543530793736911E-004 4.760132764808002E-004
700 -1.707235556688541E-005 3.195031917919635E-005
701 6.538140905738741E-005 -1.223591288350651E-004
702 -8.062787068526183E-006 1.508924613708098E-005
703 1.115559962210306E-004 -2.087733102741546E-004
704 -1.949190364508157E-005 3.647840141459540E-005
705 4.444002035260015E-006 -8.316832494413427E-006
706 3.870415438754345E-005 -7.243352517374193E-005
707 -3.895465831393673E-008 7.290175678298189E-008
708 1.268430552003949E-005 -2.373823456882644E-005
709 3.497167048080933E-006 -6.544838294523785E-006
710 -3.099914800445655E-006 5.801421836430926E-006
711 3.162967396445367E-004 -5.919387619497929E-004
712 9.534384752635438E-005 -1.784328177864311E-004
713 -1.046049824290940E-005 1.957646956232024E-005
714 -7.753735223419950E-007 1.451083201626432E-006
715 1.660635931997524E-005 -3.107826053658366E-005
716 -1.220515308563801E-005 2.284154298934951E-005
717 4.632124673250569E-007 -8.668858622188784E-007
718 -2.754994896958986E-004 5.155878582598292E-004
719 -4.054675324973050E-006 7.588185856917606E-006
720 -2.165265114787435E-005 4.052351974872511E-005
721 1.985439303537126E-004 -3.715683642738892E-004
722 -2.671164728159597E-004 4.998995589770524E-004
723 -4.680326260951571E-004 8.759073305984720E-004
724 1.404258755558506E-006 -2.628018413717494E-006
725 -4.710266296179285E-004 8.815104943451539E-004
726 7.397589868521270E-006 -1.384432127679914E-005
727 6.266299945152785E-005 -1.172717256783428E-004
728 4.208689460437925E-006 -7.876413219727304E-006
729 2.000974625755098E-004 -3.744757125837862E-004
730 2.278139196709601E-006 -4.263493445942613E-006
731 3.443605432679446E-004 -6.444591137912578E-004
732 -1.809384004521371E-005 3.386202989372462E-005
733 -3.485720959578050E-004 6.523403817940918E-004
734 2.034408981834893E-004 -3.807331435771103E-004
735 -1.002279940050801E-006 1.875644510304012E-006
736 3.683220277258407E-004 -6.893022055110838E-004
737 -4.966916920842685E-006 9.295399220425393E-006
738 1.311218025809127E-005 -2.453914949130016E-005
739 2.572206380673802E-006 -4.813707052833075E-006
740 1.718066646807995E-004 -3.215304064764244E-004
741 -1.631154841175903E-004 3.052652530667779E-004
742 -5.909241869266750E-006 1.105923181963864E-005
743 2.722303079736408E-005 -5.094695936251197E-005
744 5.701336283868740E-006 -1.066982816732993E-005
745 -6.374338688440909E-005 1.192936274216157E-004
746 -1.429642643526611E-005 2.675519874933646E-005
747 -2.151536376589554E-004 4.026530356310422E-004
748 2.200404811383205E-006 -4.117874793471098E-006
749 -4.867699184307326E-006 9.109718107273146E-006
750 4.999289848737801E-006 -9.356089526598001E-006
751 -2.377550807381613E-004 4.449507297720067E-004
752 -1.237912386745243E-005 2.316692182935472E-005
753 9.395594237317318E-005 -1.758353136527797E-004
754 9.302358690106630E-006 -1.740918927223615E-005
755 -2.470878465753574E-006 4.624120476926278E-006
756 -3.589890683793677E-005 6.718368259750064E-005
757 -6.217608573500030E-005 1.163606643661955E-004
758 -1.731236148726554E-006 3.239943344385078E-006
759 -8.557583136615018E-007 1.601634195474254E-006
760 -3.785140524492746E-004 7.083765999590604E-004
761 1.386013920317956E-004 -2.593879312672640E-004
762 4.422812680926274E-004 -8.277146093398210E-004
763 -4.287782905101151E-005 8.024440168326850E-005
764 -1.190820512056296E-005 2.228570483862915E-005
765 -3.104404700720685E-004 5.809791109409216E-004
766 -5.802775468956272E-007 1.085965314346597E-006
767 -5.836042409761582E-004 1.092195737591967E-003
768 2.869710755789421E-004 -5.370562546366456E-004
769 -5.742075546346613E-006 1.074577377679827E-005
770 -2.706116397020432E-004 5.064405229060948E-004
771 2.743393507902348E-005 -5.134177054864649E-005
772 4.868541964437774E-004 -9.111312840840004E-004
773 8.286885469337333E-006 -1.550860935331435E-005
774 9.658141905677398E-005 -1.807487841576956E-004
775 3.324127855218538E-006 -6.220955742174488E-006
776 -1.089247339674054E-004 2.038488077481142E-004
777 1.475411440630512E-004 -2.761186990425936E-004
778 -3.047541347444259E-004 5.703372122183288E-004
779 -1.181747805838849E-007 2.210488426311968E-007
780 -7.847281446609385E-006 1.468589358707440E-005
781 6.520828116215086E-006 -1.220345320376368E-005
782 -9.479076446145387E-004 1.773977468893939E-003
783 9.553750005562026E-007 -1.787954450984736E-006
784 1.043442539644543E-003 -1.952767527412584E-003
785 -7.039751200139665E-006 1.317460487812856E-005
786 1.556655923395455E-006 -2.913086557607898E-006
787 -8.983070568773036E-006 1.681147823353913E-005
788 9.138943347721399E-004 -1.710322534954932E-003
789 3.115781567169143E-005 -5.831080359435707E-005
790 -6.558505260410052E-004 1.227402012166209E-003
791 -2.291554406573612E-005 4.288576951954294E-005
792 3.653885120901451E-004 -6.838121265448388E-004
793 -7.901539703990379E-006 1.478748595983616E-005
794 4.752510258693611E-005 -8.894167228491480E-005
795 -1.206519476571110E-005 2.257958234187792E-005
796 -1.122668913396245E-004 2.101035889160806E-004
797 -3.585854492416190E-004 6.710806192660613E-004
798 1.477098664556632E-005 -2.764344850598537E-005
799 4.731234502929405E-004 -8.854350089698309E-004
800 1.414295000726530E-005 -2.646802206102966E-005
801 3.454289708533550E-004 -6.464585203864402E-004
802 -5.681053791330431E-005 1.063189974808389E-004
803 -8.012318319115860E-005 1.499477446207239E-004
804 -1.849274596849185E-006 3.461038782773203E-006
805 -1.109469927232855E-003 2.076335796257773E-003
806 2.714164275738185E-006 -5.079228829850041E-006
807 -2.176484664937712E-005 4.073218184251591E-005
808 -2.961471359042710E-004 5.542294855609547E-004
809 -4.496661746830113E-006 8.415348254135175E-006
810 1.735283154888817E-005 -3.247536262824100E-005
811 -1.010212118024195E-005 1.890580460715090E-005
812 1.313043183443516E-003 -2.457316296073188E-003
813 6.867498359572269E-005 -1.285227146090411E-004
814 4.516780991583750E-005 -8.453010888521872E-005
815 -1.410777993097513E-005 2.640232462285260E-005
816 3.867353684078197E-004 -7.237624372675960E-004
817 3.326713801994763E-004 -6.225832002422571E-004
818 3.398119583085310E-004 -6.359465856525880E-004
819 -6.534702109831121E-006 1.222962694700469E-005
820 1.568735395411379E-004 -2.935835409538373E-004
821 -2.579291845223540E-005 4.827053438159575E-005
822 -2.435184108930328E-004 4.557365418636559E-004
823 -7.050354277391331E-004 1.319450138372782E-003
824 -1.016463509137129E-004 1.902277059352803E-004
825 1.558953751099819E-005 -2.917515143207698E-005
826 -3.369578580373032E-004 6.306052626264693E-004
827 2.288010562858971E-005 -4.281976655045291E-005
828 -7.777912279241247E-004 1.455610430928349E-003
829 1.363906028382383E-005 -2.552517599041024E-005
830 3.596576952675537E-006 -6.730930708931670E-006
831 -4.205796057996570E-006 7.870964210862318E-006
832 -1.769977238850399E-004 3.312451807158898E-004
833 -2.288433306498460E-006 4.282630338690463E-006
834 -3.458983941868984E-005 6.473389230384419E-005
835 2.681867392984099E-005 -5.019022096394293E-005
836 5.080750162141722E-006 -9.508894379237198E-006
837 1.564070209107010E-005 -2.927107857639812E-005
838 -9.009577314809854E-006 1.686117904872877E-005
839 2.762801414967471E-004 -5.170491129345941E-004
840 1.740468570575796E-005 -3.257231814802121E-005
841 7.573546196909248E-005 -1.417363272504016E-004
842 5.607935017238808E-004 -1.049506314319974E-003
843 -1.374168195992425E-005 2.571664832326574E-005
844 4.396444451828911E-006 -8.227715441786590E-006
845 5.466018102822698E-005 -1.022943930173305E-004
846 4.921206890868458E-004 -9.209874917670651E-004
847 8.355293457411577E-004 -1.563665512117061E-003
848 2.084257706777017E-006 -3.900634780914069E-006
849 -1.972840426982374E-004 3.692098993292437E-004
850 1.420406901182783E-006 -2.658166977862262E-006
851 -1.131108556296940E-004 2.116832100065081E-004
852 -2.114664135636424E-004 3.957523501599825E-004
853 1.506818797284504E-006 -2.820202734150194E-006
854 -1.416164147146340E-004 2.650302571854382E-004
855 1.057054779369643E-005 -1.978222994943771E-005
856 -8.240995765507821E-004 1.542274776097360E-003
857 -3.797428288026299E-006 7.106701015285129E-006
858 -3.658351100596784E-005 6.846503247228638E-005
859 -2.538973431028220E-004 4.751601503855270E-004
860 -4.328758487894504E-006 8.101137155808054E-006
861 1.218523256472194E-006 -2.280307411058811E-006
862 3.385107277999862E-005 -6.335106258884913E-005
863 4.769701011033081E-007 -8.925751375497435E-007
864 -2.450178789979704E-004 4.585427951944178E-004
865 -1.901968549657278E-005 3.559494923822252E-005
866 -4.743144059010968E-004 8.876635299486803E-004
867 3.792202058053638E-006 -7.096947782286150E-006
868 8.402024095430934E-004 -1.572410948509035E-003
869 1.576731925503325E-004 -2.950802326340607E-004
870 1.775254599431639E-006 -3.322555363293649E-006
871 -6.373691291183193E-006 1.192839803989317E-005
872 1.167955158029934E-004 -2.185788250359528E-004
873 -2.256956654192681E-006 4.223531750439450E-006
874 -1.555100261719180E-004 2.910317007633448E-004
875 6.950053344414747E-007 -1.300713908063121E-006
876 -3.200615669125844E-004 5.989843905862706E-004
877 1.568884013241852E-005 -2.936096265916871E-005
878 -2.185501739542024E-004 4.090093770471973E-004
879 -3.448367502590548E-004 6.453507599778613E-004
880 -1.679972899869558E-006 3.144184641314945E-006
881 -1.707275486229186E-004 3.195109307890044E-004
882 -1.319061117363434E-006 2.468886721352817E-006
883 -1.019234302407528E-005 1.907444389967345E-005
884 -1.829910505260039E-006 3.424417983854239E-006
885 8.881024388432937E-007 -1.662163061303209E-006
886 1.073428704829877E-004 -2.008885197366158E-004
887 -1.364264636671164E-005 2.553175605162458E-005
888 -2.262278345561446E-005 4.233811803013109E-005
889 -2.963876792380438E-004 5.546796385680215E-004
890 -1.490347021632719E-004 2.789136075582600E-004
891 -4.369823537660275E-006 8.177921787031186E-006
892 2.313230689067407E-005 -4.329130978927442E-005
893 2.777800214414953E-004 -5.198559078001633E-004
894 -1.848758581906168E-004 3.459884031739639E-004
895 4.794100024221155E-005 -8.972007377567679E-005
896 1.662837136272466E-004 -3.111945078123970E-004
897 -3.735087269550919E-004 6.990093521110925E-004
898 4.775249414115765E-004 -8.936719158880309E-004
899 7.784751403187727E-006 -1.456886219116077E-005
900 -5.516672631229771E-004 1.032426565211019E-003
901 3.299539182835887E-006 -6.175268472115902E-006
902 -2.419565069389151E-006 4.528095472723404E-006
903 -1.649744921759312E-004 3.087441324138042E-004
904 5.343679850137154E-005 -1.000052694138763E-004
905 -1.064104502803347E-004 1.991435585498045E-004
906 -2.146175435133532E-005 4.016506701087009E-005
907 1.964890189662154E-005 -3.677234198223933E-005
908 5.788871507048013E-004 -1.083367729225695E-003
909 1.496619517653964E-004 -2.800873407931063E-004
910 3.600354097977044E-004 -6.737940381408140E-004
911 2.751641272326276E-005 -5.149610584272624E-005
912 -2.667319201382848E-005 4.991783464341774E-005
913 -2.615104788014427E-005 4.894075653667093E-005
914 1.106039225755427E-005 -2.069907851869720E-005
915 1.291528757169227E-004 -2.417052837195745E-004
916 1.260951888453595E-004 -2.359829851383702E-004
917 5.357080875446222E-004 -1.002559916308555E-003
918 -3.232832385793770E-004 6.050134225210583E-004
919 1.077585745951084E-005 -2.016676159632311E-005
920 4.169557734885707E-004 -7.803189085568721E-004
921 -1.635087808301533E-005 3.060022589874865E-005
922 9.581379920578885E-006 -1.793130862917507E-005
923 4.202914753994647E-006 -7.865784345311488E-006
924 -4.221065790174691E-004 7.899583213027193E-004
925 8.708654608944738E-004 -1.629795907814098E-003
926 -9.708507806759346E-005 1.816912088475049E-004
927 9.041582077822485E-004 -1.692101765729965E-003
928 1.259601295406041E-004 -2.357301333229040E-004
929 -1.036658595921031E-004 1.940072988810270E-004
930 1.913205724053393E-004 -3.580495255931625E-004
931 6.234433045265914E-006 -1.166783460306491E-005
932 -1.695904011688410E-005 3.173850494371302E-005
933 3.817648910173620E-004 -7.144599901746965E-004
934 2.629102336718635E-005 -4.920270740065028E-005
935 3.424646004967499E-004 -6.409112416539310E-004
936 -1.763574630936107E-005 3.300460094473598E-005
937 -6.054547099385340E-004 1.133087889650873E-003
938 1.862871083471566E-005 -3.486309222911724E-005
939 8.376559836619912E-006 -1.567645463442960E-005
940 1.279543920814597E-004 -2.394623765772921E-004
941 -7.251534122692355E-005 1.357099946326816E-004
942 1.560990015727619E-003 -2.921340643110811E-003
943 -2.345362712775261E-005 4.389262030626009E-005
944 4.952917145403174E-005 -9.269213691510471E-005
945 -1.714106767542028E-006 3.207740915888023E-006
946 2.397010386419347E-005 -4.485953561181841E-005
947 2.962165124602092E-004 -5.543590833179115E-004
948 4.564271123046150E-005 -8.541901151796599E-005
949 -2.557151272922916E-006 4.785699663224215E-006
950 3.434056090600063E-005 -6.426719870327008E-005
951 -7.978123204840483E-004 1.493079149708744E-003
952 1.373829475760848E-006 -2.570715594499725E-006
953 -4.826633175449522E-004 9.032880006404858E-004
954 3.971281000443594E-005 -7.432118000886995E-005
955 7.056571928238668E-004 -1.320614004591000E-003
956 -4.291642240967580E-007 8.027815794735740E-007
957 9.662606367338939E-005 -1.808322457892614E-004
958 -4.696030363960012E-006 8.788333288460499E-006
959 6.582171784101523E-004 -1.231831130907701E-003
960 6.536103492227773E-006 -1.223191903551560E-005
961 1.961091767904939E-004 -3.670117758073661E-004
962 -4.919086129902277E-007 9.205644240117538E-007
963 5.340475438551825E-005 -9.994522323959333E-005
964 -1.970161309988216E-006 3.687051866361690E-006
965 -4.523378407859907E-004 8.465351152499969E-004
966 4.112156353251404E-005 -7.695759280328213E-005
967 -2.091122190507792E-004 3.913462761041358E-004
968 1.274233041396331E-005 -2.384689720149177E-005
969 -3.364062859508987E-004 6.295730819277343E-004
970 5.759620531745124E-006 -1.077886674982711E-005
971 -9.274271720710852E-006 1.735647921523336E-005
972 2.777499451167293E-005 -5.197985229480352E-005
973 -1.822061419932668E-005 3.409916409814699E-005
974 2.093788000022334E-005 -3.918494155729548E-005
975 -4.535121192774015E-004 8.487326817449920E-004
976 -9.811649801129798E-006 1.836206162744208E-005
977 -3.144034777128059E-006 5.884220214057194E-006
978 4.300079398035971E-005 -8.047463803879350E-005
979 1.391476719503087E-005 -2.604095784454828E-005
980 2.237968836230124E-004 -4.188283891869409E-004
981 -9.342971240896380E-005 1.748508677691771E-004
982 2.215555360681360E-004 -4.146336043816592E-004
983 5.747978143120599E-006 -1.075742441889519E-005
984 6.108431382093729E-005 -1.143172358197779E-004
985 -2.783532209757869E-004 5.209284809267751E-004
986 6.064571336980890E-006 -1.134974482528498E-005
987 3.044682281077055E-004 -5.698018780321232E-004
988 -3.597703157766642E-005 6.732986374079921E-005
989 -1.900789324990321E-004 3.557261799817468E-004
990 1.363675455024366E-005 -2.552058348617457E-005
991 2.425394710961576E-005 -4.539048752211812E-005
992 2.700156637984570E-007 -5.053160076296761E-007
993 -4.568202525582266E-004 8.549241532893628E-004
994 -2.606132425437948E-005 4.877302605544274E-005
995 6.011791011366936E-006 -1.125067049781249E-005
996 -4.529631905588124E-006 8.477146460535967E-006
997 7.984088648980772E-006 -1.494218422978242E-005
998 -5.973566166007654E-005 1.117932646268799E-004
999 3.232192413693679E-004 -6.048938486855889E-004
1000 -7.154628787135164E-005 1.338964140045871E-004
1001 7.497788776433164E-005 -1.403184899822458E-004
1002 -8.956095377873060E-005 1.676103484737454E-004
1003 -6.119731798839843E-005 1.145289215559686E-004
1004 -2.164235649210339E-006 4.050192028189524E-006
1005 -3.943379660027080E-006 7.379694421708418E-006
1006 -2.959556671427891E-005 5.538718646283822E-005
1007 -1.283027258800892E-004 2.401144873317285E-004
1008 -2.299234479835221E-004 4.302942330889633E-004
1009 -1.120226895871767E-004 2.096467451290701E-004
1010 -1.109614343941321E-004 2.076601193577084E-004
1011 3.540580623372721E-006 -6.626293925706809E-006
1012 2.703906580895006E-006 -5.060335021803613E-006
1013 -1.540282043108932E-004 2.882586492324260E-004
1014 4.493295952363191E-006 -8.409126347186047E-006
1015 3.334521213269540E-005 -6.240448668968536E-005
1016 4.547949145088134E-006 -8.511426247748473E-006
1017 -1.614426761512888E-007 3.021392372931669E-007
1018 -9.727312884525750E-006 1.820437717705639E-005
1019 1.597872234007852E-004 -2.990362612706303E-004
1020 1.079407486859309E-004 -2.020072255941959E-004
1021 -6.814009074403507E-005 1.275219407011084E-004
1022 -5.267014451972017E-006 9.856773058979456E-006
1023 -1.894424879028900E-006 3.545470255817427E-006
1024 8.156647509796135E-005 -1.526490195629645E-004
1025 1.139641346165020E-006 -2.132765367598319E-006
1026 2.229163232503337E-004 -4.171802244879138E-004
1027 1.062314626636242E-007 -1.987653273613438E-007
1028 1.243667647097913E-004 -2.327482840963060E-004
1029 -7.519408352796404E-006 1.407217532415722E-005
1030 -1.290501973034073E-004 2.415130305129813E-004
1031 3.438555767107599E-006 -6.435053782942685E-006
1032 2.737670860778432E-006 -5.123849850918145E-006
1033 4.711435957315127E-006 -8.817269113981408E-006
1034 -2.161547593252535E-004 4.045265900844846E-004
1035 3.618523146222651E-005 -6.771951529012720E-005
1036 2.692963070764137E-005 -5.039804227668524E-005
1037 -1.384694907119836E-006 2.591387608981041E-006
1038 1.533488106686718E-006 -2.869849335622833E-006
1039 1.853178748222675E-004 -3.468161594873391E-004
1040 8.687012996566649E-006 -1.625773020169624E-005
1041 1.493929840471418E-004 -2.795838674003442E-004
1042 -2.230403250811801E-005 4.174120180737056E-005
1043 1.384950881043695E-004 -2.591892974419372E-004
1044 2.332953420705263E-006 -4.366060376330658E-006
1045 -1.906000282387962E-004 3.567015459703244E-004
1046 4.086007026596508E-005 -7.646803224328289E-005
1047 3.664111353437117E-006 -6.857479604411139E-006
1048 5.422757380215325E-007 -1.014837122279957E-006
1049 -1.283670078866883E-004 2.402346116139902E-004
1050 1.744222204127020E-004 -3.264251617716411E-004
1051 4.591121649700982E-006 -8.592283288161433E-006
1052 -3.541725926232809E-005 6.628222126530401E-005
1053 4.984532467702886E-006 -9.328428325635776E-006
1054 6.484123705022399E-007 -1.213639517094753E-006
1055 -5.107587387857706E-005 9.558668130470135E-005
1056 6.440734415320586E-005 -1.205363104184340E-004
1057 1.259974442379787E-004 -2.358001003676334E-004
1058 5.888129006860121E-005 -1.101944990457573E-004
1059 3.796548474173380E-006 -7.105283446485419E-006
1060 5.575777074075774E-005 -1.043490498104596E-004
1061 -5.902602340440176E-005 1.104651820302994E-004
1062 -1.155320972382523E-004 2.162147813979730E-004
1063 7.441458328955103E-006 -1.392661891446742E-005
1064 -6.961633050773935E-005 1.302847326458104E-004
1065 -3.859381433871684E-005 7.222703294621132E-005
1066 8.948563184629073E-005 -1.674694656194639E-004
1067 -4.745287246455096E-007 8.881471983276902E-007
1068 -6.239391416235631E-007 1.167740730902891E-006
1069 -2.498160569928173E-005 4.675225377321837E-005
1070 -8.260014706541334E-005 1.545833012269980E-004
1071 3.464576148074045E-006 -6.483493480567744E-006
1072 -3.105571782395459E-006 5.812302559912955E-006
1073 -2.212063894869000E-006 4.139503461010300E-006
1074 1.909832283022040E-006 -3.574059018720321E-006
1075 -1.616007602104845E-006 3.024229301249396E-006
1076 5.391249417532776E-005 -1.008955649951011E-004
1077 5.790820324534594E-005 -1.083733087157295E-004
1078 -1.074166643114050E-006 2.010250971609237E-006
1079 5.638106670324699E-005 -1.055152643119862E-004
1080 -1.076646203561309E-006 2.014902156535699E-006
1081 -1.546283287711894E-004 2.893820042716839E-004
1082 -7.908827510083763E-006 1.480109769837157E-005
1083 -6.191467455293858E-006 1.158700503334370E-005
1084 -1.514355324763023E-004 2.834065055380664E-004
1085 -2.186846441982778E-005 4.092617932414679E-005
1086 2.311795900296810E-006 -4.326824971186006E-006
1087 -6.817510809164293E-006 1.275868750292798E-005
1088 -5.984040187375123E-006 1.119886140935490E-005
1089 1.565805302423461E-004 -2.930352087036324E-004
1090 -4.722564138188254E-005 8.838109203799712E-005
1091 -9.089516047846046E-007 1.700646487234056E-006
1092 -9.340262487118612E-007 1.748356428901056E-006
1093 -6.539126778902985E-006 1.223767463415500E-005
1094 1.160316805741879E-007 -2.168170552797263E-007
1095 3.474656967043038E-005 -6.502714642799168E-005
1096 -1.417147956535654E-006 2.652255312962712E-006
1097 1.920649485677920E-005 -3.594417842699233E-005
1098 3.846465553893396E-005 -7.198500716998751E-005
1099 -1.035618098856407E-006 1.938047024753287E-006
1100 -2.431778332461683E-005 4.550983795559392E-005
1101 -2.731225986080745E-006 5.111429581298034E-006
1102 6.661382751335136E-005 -1.246651973981244E-004
1103 -5.889036119379095E-008 1.100791075164222E-007
1104 9.049248816803843E-006 -1.693538112185508E-005
1105 2.288782465493466E-006 -4.283444873621322E-006
1106 -1.219088732441442E-004 2.281482340816114E-004
1107 6.847136699342656E-005 -1.281421117225000E-004
1108 2.047720032613324E-006 -3.832229522776874E-006
1109 -1.159571726533893E-007 2.170183836394813E-007
1110 9.178658794080241E-005 -1.717754577310482E-004
1111 1.368291668345387E-005 -2.560709576142449E-005
1112 1.262331380164213E-004 -2.362407248742856E-004
1113 -3.986838137194317E-006 7.461287173885607E-006
1114 -2.335259432356222E-006 4.370223996171811E-006
1115 -1.916563981997306E-005 3.586765553312335E-005
1116 1.468473246303830E-006 -2.748185334201889E-006
1117 -6.660465627449687E-005 1.246484048625815E-004
1118 4.236194384987100E-006 -7.927994468265380E-006
1119 3.255057267854861E-005 -6.091716684296064E-005
1120 -2.159559918529884E-006 4.041385951495080E-006
1121 -2.966520988957143E-005 5.551738737805332E-005
1122 8.681961699080256E-005 -1.624798999571494E-004
1123 -1.688869272842776E-007 3.156812686949491E-007
1124 7.239143532530041E-007 -1.354883273415923E-006
1125 1.337510227319181E-006 -2.503016009206652E-006
1126 -1.883869704035822E-006 3.525368858977246E-006
1127 -2.565440561242524E-005 4.801156888857646E-005
1128 1.274100213607836E-006 -2.384329725153735E-006
1129 5.618950005764882E-006 -1.051575394503526E-005
1130 -1.320013375716982E-005 2.470384907914930E-005
1131 -4.933938311978682E-007 9.232532845855489E-007
1132 -3.301343479049516E-005 6.178332571559493E-005
1133 6.760381874540490E-005 -1.265182514314992E-004
1134 2.971488485091750E-008 -5.541418285954654E-008
1135 6.808109379731762E-006 -1.274103482551184E-005
1136 -5.035945380039213E-005 9.424595464244886E-005
1137 -4.498839994215968E-005 8.419436071882258E-005
1138 9.482907485705280E-005 -1.774693481938342E-004
1139 1.222999944478055E-006 -2.288807561532786E-006
1140 -4.425216068617039E-005 8.281650565096504E-005
1141 -3.135754094747988E-006 5.868201973889493E-006
1142 -6.550222118455462E-005 1.225851668468343E-004
1143 -6.045050999939132E-007 1.131387022471201E-006
1144 3.325448035294888E-005 -6.223457502077951E-005
1145 -7.490633426580760E-005 1.401845834851148E-004
1146 -4.828321435019202E-005 9.036049803014907E-005
1147 -1.304374888438538E-005 2.441053468350358E-005
1148 2.660664028991913E-006 -4.979474484354225E-006
1149 1.109390228756724E-005 -2.076218434777792E-005
1150 4.072949507062995E-006 -7.622616654409666E-006
1151 -2.403359577261356E-005 4.497825571970822E-005
1152 2.534249216661271E-006 -4.742777764170646E-006
1153 -1.736601230743759E-004 3.249990321257413E-004
1154 -8.553667403918294E-005 1.600789380411722E-004
1155 -4.697960324364204E-006 8.792016495063978E-006
1156 7.089212885740549E-006 -1.326718066786065E-005
1157 -6.260318788406613E-006 1.171599680759555E-005
1158 -6.256692160063946E-005 1.170915325817430E-004
1159 -4.845777450054074E-006 9.068542867698943E-006
1160 -1.170620066735693E-004 2.190775481164643E-004
1161 1.561063970368515E-004 -2.921478055750128E-004
1162 -2.721367337358814E-005 5.092949346056546E-005
1163 2.457534574396772E-004 -4.599195149089196E-004
1164 -7.479432640872908E-005 1.399749628952342E-004
1165 2.695734945983203E-006 -5.044611171636855E-006
1166 -4.605088989039473E-006 8.618384993925326E-006
1167 -6.920402709749238E-005 1.295131563919881E-004
1168 3.505245808075560E-006 -6.560072716641229E-006
1169 -1.877648681715430E-005 3.513968756338554E-005
1170 1.044516322811563E-004 -1.954777746650532E-004
1171 -5.249868804745460E-006 9.824884871615986E-006
1172 5.119530613485152E-006 -9.581160921226331E-006
1173 1.466467311065770E-006 -2.744528550156503E-006
1174 -1.131028284899713E-006 2.116642133993233E-006
1175 3.788939396249032E-006 -7.090895149270033E-006
1176 1.763916339378047E-005 -3.301119010932459E-005
1177 -2.943374790212002E-006 5.508454588144709E-006
1178 -1.724659231341316E-005 3.227642005888506E-005
1179 1.055097720812830E-004 -1.974579906247102E-004
1180 -3.748016008112031E-006 7.014329261523201E-006
1181 -1.127215116238162E-005 2.109546010476182E-005
1182 6.816749320832131E-005 -1.275732636368998E-004
1183 -3.842063283423485E-006 7.190237948328498E-006
1184 -5.754285619322478E-005 1.076896034144721E-004
1185 -2.896499637917833E-005 5.420697272500323E-005
1186 -9.306466338166908E-005 1.741674097970776E-004
1187 3.800351318746855E-005 -7.112251834772293E-005
1188 -8.197877608224932E-006 1.534211122852815E-005
1189 6.482534003499061E-006 -1.213184864729225E-005
1190 -6.864322211530080E-007 1.284573482619310E-006
1191 8.540363539630508E-008 -1.597487171275485E-007
1192 -4.034536926058333E-006 7.550444347912286E-006
1193 -1.442619728712538E-004 2.699813208492555E-004
1194 6.700122457981839E-006 -1.253888371479169E-005
1195 1.138358208543699E-006 -2.130204511454662E-006
1196 -1.481142225832485E-004 2.771909722000353E-004
1197 -7.474780002940169E-005 1.398880687141145E-004
1198 8.682628499133348E-006 -1.624919321084647E-005
1199 1.464782619803864E-006 -2.741333948310239E-006
1200 2.424421705945004E-006 -4.536767446473484E-006
1201 -6.935202882146881E-005 1.297898745506603E-004
1202 1.457963179682548E-005 -2.728535941995493E-005
1203 2.286058125180959E-004 -4.278279852599751E-004
1204 6.545511040605616E-006 -1.224958414222090E-005
1205 2.130984655746785E-005 -3.988077974024535E-005
1206 1.593744197588722E-006 -2.982588416870386E-006
1207 1.793270168780454E-005 -3.356044703279605E-005
1208 2.492392099307379E-006 -4.664561148230187E-006
1209 -4.580421606697622E-006 8.572216820116044E-006
1210 2.077394322207090E-004 -3.887772724916146E-004
1211 -4.724008453254314E-005 8.840833681075917E-005
1212 -2.016941534584963E-006 3.774630046270508E-006
1213 4.924538859167301E-006 -9.216192146828179E-006
1214 -1.291559605979454E-005 2.417066864532261E-005
1215 6.625372885439709E-006 -1.239895218301479E-005
1216 2.632622104395307E-006 -4.926777173794155E-006
1217 6.161842084115571E-005 -1.153167764424081E-004
1218 2.783871912472677E-005 -5.209923800840229E-005
1219 -1.088112707617117E-004 2.036366953931959E-004
1220 -2.534131693183901E-005 4.742536214358093E-005
1221 -2.235859167638594E-004 4.184335479951481E-004
1222 -4.819233042353503E-006 9.019020180747486E-006
1223 4.884521933851006E-006 -9.141108597920154E-006
1224 -1.665669016278321E-004 3.117244671209028E-004
1225 -1.593010875867168E-004 2.981266374381361E-004
1226 5.903339393431247E-006 -1.104792946668601E-005
1227 -3.935268017587839E-006 7.364767428235802E-006
1228 3.366222970473737E-006 -6.299615315360226E-006
1229 -1.285097373589657E-005 2.404983575748783E-005
1230 7.259835801856577E-005 -1.358654795395649E-004
1231 2.280778767881131E-005 -4.268416817054533E-005
1232 7.541519745228297E-006 -1.411356977532032E-005
1233 -5.610973390035423E-005 1.050072827912687E-004
1234 -5.030147968951954E-007 9.414357424292007E-007
1235 1.785909365804911E-006 -3.342286902537270E-006
1236 3.947769830225549E-005 -7.388108438953232E-005
1237 1.469691869600720E-005 -2.750488947895512E-005
1238 -8.841669916402673E-006 1.654684928225267E-005
1239 -9.961320536082554E-007 1.864216439569587E-006
1240 -3.829938946533319E-005 7.167599290651144E-005
1241 1.090880172745594E-007 -2.042630195355524E-007
1242 -3.205839997484238E-006 5.999533429527222E-006
1243 -3.522618313105075E-005 6.592487393452738E-005
1244 -3.788346887852755E-005 7.089762666049851E-005
