 # The norm of the isolated state is   3456000.01006277     
 # I think there should be     3456000 i.e.    100.000000291168      %
1 2.840509113169821E-006 -5.316690369655782E-006
2 -4.065558679411900E-005 7.608607168284198E-005
3 -2.912631709692166E-007 5.452763521695986E-007
4 3.828359218068028E-003 -7.164647019925455E-003
5 5.372316718880483E-006 -1.005503167377882E-005
6 2.784823055447335E-005 -5.211573638821748E-005
7 1.494882555673512E-005 -2.797621088139810E-005
8 -1.421031226266219E-002 2.659412223550238E-002
9 -1.294550292746075E-004 2.422739511423022E-004
10 1.667463649336217E-004 -3.120599718702071E-004
11 1.066862548734207E-006 -1.996588397402511E-006
12 1.943728242605379E-004 -3.637631218282417E-004
13 1.627974596020017E-004 -3.046699874643648E-004
14 7.712863437327723E-006 -1.443434995156170E-005
15 -3.517611703524257E-005 6.583092230594022E-005
16 -1.461884809369415E-004 2.735868393958987E-004
17 -3.194119773521258E-005 5.977687232411041E-005
18 -9.376854608121974E-004 1.754846901718648E-003
19 3.538728505636446E-004 -6.622612007862245E-004
20 1.470334727397632E-006 -2.751690540657190E-006
21 -1.250785388016490E-003 2.340802871627244E-003
22 -6.969311045225469E-003 1.304283282565739E-002
23 -6.015643271578709E-003 1.125807472136536E-002
24 -2.350529237406644E-005 4.398935776380726E-005
25 1.324328854291084E-004 -2.478437779981036E-004
26 -0.433581295696549 0.811432859323146
27 7.699225351096949E-004 -1.440884309416441E-003
28 2.013029625720057E-002 -3.767317456141351E-002
29 1.205756990300206E-002 -2.256533780329685E-002
30 -4.077159564140884E-003 7.630267480314336E-003
31 6.470156796009339E-003 -1.210868155762618E-002
32 -2.331878508790979E-002 4.364032425501005E-002
33 -1.485995894469484E-003 2.780991538628126E-003
34 -8.661199119018377E-002 0.162091437557937
35 -3.538268083368148E-003 6.621750105396809E-003
36 -0.127444596335811 0.238508288296550
37 1.003984622827003E-002 -1.878923553146972E-002
38 -3.614691130277649E-002 6.764773244071232E-002
39 8.380860877218040E-002 -0.156845001417728
40 1.275648717801515E-003 -2.387333799495567E-003
41 -1.436426268860501E-002 2.688223614602163E-002
42 2.318098243567071E-004 -4.338246722132738E-004
43 -6.941883903259971E-005 1.299151192630972E-004
44 2.108533051607530E-004 -3.946048893828690E-004
45 1.025762335340381E-004 -1.919679788968516E-004
46 -6.025278942356151E-005 1.127611348442744E-004
47 5.704425830405622E-004 -1.067564101858473E-003
48 -6.091591062573460E-004 1.140020839359133E-003
49 -3.036341861689862E-005 5.682460933599918E-005
50 -9.564775720494407E-005 1.790018306555798E-004
51 1.135903575660233E-003 -2.125805284322852E-003
52 -4.790522402836092E-005 8.965291731844422E-005
53 -6.836600743231318E-004 1.279446772973490E-003
54 -5.593624756442357E-005 1.046827119956995E-004
55 6.077839912161705E-005 -1.137447451937796E-004
56 -5.848257399048160E-004 1.094481753302264E-003
57 5.581602479787689E-006 -1.044579101244920E-005
58 2.601065857322086E-005 -4.867831349596698E-005
59 6.804506567129436E-004 -1.273440584384338E-003
60 -5.351883598284579E-004 1.001587062173516E-003
61 2.495365363441581E-006 -4.670209282598010E-006
62 -1.300158681573884E-003 2.433203388526429E-003
63 -4.504380391612438E-006 8.429749766512625E-006
64 3.418937423359735E-004 -6.398426821763974E-004
65 1.000615317251460E-003 -1.872618019456377E-003
66 1.304534133626795E-005 -2.441392271129062E-005
67 1.433073077357419E-004 -2.681948290745128E-004
68 9.428047968829707E-004 -1.764427593075531E-003
69 1.516316561044177E-005 -2.837736691734586E-005
70 8.910099448061054E-006 -1.667547508742530E-005
71 -2.450461385589487E-004 4.585956505390069E-004
72 6.330040850308202E-004 -1.184645923849459E-003
73 -3.632011182034917E-005 6.797193887373152E-005
74 -2.170378246791522E-005 4.061799317457575E-005
75 -1.969604708394552E-004 3.686049000539117E-004
76 -1.586295718028852E-005 2.968700998942629E-005
77 9.990043261769688E-004 -1.869603069947105E-003
78 -8.783439134472674E-005 1.643792826063553E-004
79 3.479927075238327E-004 -6.512566578897278E-004
80 1.046594976179783E-003 -1.958667411832093E-003
81 -6.538916462891879E-006 1.223714523307114E-005
82 2.203288066631433E-004 -4.123381104208474E-004
83 1.103122416648004E-003 -2.064456571311828E-003
84 -7.587572153218333E-005 1.419988925142550E-004
85 -1.257266482784027E-003 2.352932066666296E-003
86 4.849515770044408E-006 -9.075599154288560E-006
87 1.419574772523520E-005 -2.656687073518997E-005
88 5.871859827235105E-004 -1.098898840446410E-003
89 -2.908916044938156E-004 5.443938970747782E-004
90 1.789372804004145E-005 -3.348754660212902E-005
91 -5.662717438311382E-006 1.059783180526772E-005
92 3.961985855022414E-006 -7.414740653003378E-006
93 6.370330216366317E-006 -1.192189573119928E-005
94 4.854345261397342E-005 -9.084743378237385E-005
95 9.829569268833506E-006 -1.839572081518004E-005
96 -2.709203171393956E-006 5.070208192485686E-006
97 2.162892050247717E-004 -4.047779841724966E-004
98 7.066405465646743E-004 -1.322453977980878E-003
99 1.626929625343925E-003 -3.044744237497953E-003
100 -3.178528011714005E-004 5.948508575926428E-004
101 -7.959728481810963E-005 1.489636968352212E-004
102 -1.309978798610152E-005 2.451596076169185E-005
103 -3.925692876323692E-005 7.346801535510804E-005
104 5.090235642076967E-005 -9.526203384395777E-005
105 -1.469203290792107E-005 2.749568144932437E-005
106 1.756453123965157E-005 -3.287170810566267E-005
107 -7.245400375625525E-004 1.355952299310519E-003
108 4.195299309344480E-004 -7.851362126481813E-004
109 7.158343079099584E-006 -1.339654249887539E-005
110 5.571141560738699E-004 -1.042620476375641E-003
111 1.150677416741114E-004 -2.153454183330362E-004
112 8.659467119789777E-006 -1.620587443737101E-005
113 -6.820633360479986E-006 1.276477034143554E-005
114 7.301674100082112E-005 -1.366483739321495E-004
115 4.512919606454418E-004 -8.445777319058063E-004
116 -4.219269944670186E-006 7.896202291869293E-006
117 -1.791253506172028E-004 3.352271081118622E-004
118 2.307678266433174E-005 -4.318744517706740E-005
119 1.085194068491445E-003 -2.030904276138662E-003
120 -1.798598670695976E-003 3.366017087795340E-003
121 2.017962199949181E-005 -3.776536926828755E-005
122 -7.555014444466171E-004 1.413895667690907E-003
123 -6.126375895407428E-005 1.146530798515833E-004
124 -7.999457096883797E-004 1.497071599524494E-003
125 -1.894015937966390E-005 3.544585273040981E-005
126 -5.064754369653847E-004 9.478517895058446E-004
127 1.477484877314314E-003 -2.765063352599679E-003
128 -8.803606823919048E-005 1.647565420075390E-004
129 -5.483948806678993E-006 1.026300232001880E-005
130 -8.416943044127990E-005 1.575202756016462E-004
131 -1.225103412809319E-005 2.292740097183307E-005
132 4.818269445015895E-005 -9.017229445481225E-005
133 7.463972896607339E-004 -1.396857487211881E-003
134 -1.999888713813125E-006 3.742717585561676E-006
135 -8.782058000564546E-004 1.643532702492418E-003
136 -6.797909847315323E-006 1.272206164626794E-005
137 -5.210204351528646E-006 9.750714037101032E-006
138 -3.674029650479541E-004 6.875822976800151E-004
139 -1.212780380889320E-003 2.269677832259491E-003
140 5.957299102037247E-005 -1.114888313128202E-004
141 5.837412821795156E-004 -1.092452241384212E-003
142 -7.543211351425615E-007 1.411617287865454E-006
143 -6.764448292964321E-005 1.265943749858217E-004
144 -2.901048634191498E-005 5.429222000312348E-005
145 -6.391011086654838E-005 1.196056094252773E-004
146 -1.392043658734863E-003 2.605163016539768E-003
147 1.007846166895711E-005 -1.886154300627966E-005
148 9.654773025341592E-004 -1.806858442264624E-003
149 -1.537686331117646E-005 2.877720443206038E-005
150 -4.821214164997320E-004 9.022740324121634E-004
151 -3.062092248053292E-004 5.730602890856252E-004
152 3.558492337145394E-005 -6.659597355543972E-005
153 -2.306935366781332E-005 4.317353112720550E-005
154 6.205235422985983E-004 -1.161289030237156E-003
155 4.047090272532330E-005 -7.573995092682126E-005
156 -4.764122734341696E-004 8.915895770689625E-004
157 1.505853841021614E-003 -2.818154980770412E-003
158 5.013286972291038E-005 -9.382199559665969E-005
159 -1.857859476323116E-005 3.476929297261477E-005
160 -5.220344841815434E-005 9.769699509933688E-005
161 -1.108442696893160E-003 2.074413334155569E-003
162 1.183448331246871E-004 -2.214783878307216E-004
163 2.776067126091388E-005 -5.195320265622636E-005
164 1.067774618639454E-005 -1.998302867398298E-005
165 3.609660096498012E-005 -6.755360437004839E-005
166 1.078491437341505E-003 -2.018360570535467E-003
167 2.704387652326721E-005 -5.061172883432984E-005
168 -1.660804694786637E-003 3.108140266523127E-003
169 -3.371259155299694E-004 6.309198599759669E-004
170 1.008248947573199E-005 -1.886892156052967E-005
171 2.614760664182514E-004 -4.893437054238559E-004
172 5.181290686810031E-004 -9.696611878788289E-004
173 -3.841773360515968E-006 7.189761584452193E-006
174 3.795471015812222E-005 -7.103094150866438E-005
175 -3.650808911790864E-004 6.832366202094047E-004
176 -9.490537361841456E-006 1.776123378732767E-005
177 4.673633951756452E-004 -8.746549314814386E-004
178 1.403280214693121E-004 -2.626192024563585E-004
179 9.783099679222065E-006 -1.830871218464807E-005
180 5.458886288158689E-004 -1.021612236772595E-003
181 3.661365729596001E-005 -6.852124697703048E-005
182 -3.367387235767466E-004 6.301952297095923E-004
183 -4.520069789306474E-004 8.459158301666739E-004
184 2.030157135495381E-005 -3.799370616303251E-005
185 1.919379852718771E-004 -3.592055231788928E-004
186 -8.703123346303453E-006 1.628761210955369E-005
187 -1.512896484389009E-005 2.831332738697997E-005
188 4.778887801936529E-004 -8.943528524308215E-004
189 2.532517217804443E-005 -4.739515922429718E-005
190 -3.873482707576746E-005 7.249089735752971E-005
191 -1.673217817509929E-004 3.131371145280043E-004
192 -1.231255120608380E-003 2.304252694696496E-003
193 1.138410388932635E-004 -2.130497101007705E-004
194 5.658114659688474E-004 -1.058897154927282E-003
195 6.364441152961719E-005 -1.191083680440519E-004
196 5.416250988474149E-005 -1.013635802244909E-004
197 6.547557951229196E-006 -1.225356846212934E-005
198 -5.002069161770630E-006 9.361209650858217E-006
199 -6.350138300448993E-004 1.188407051620473E-003
200 -9.803322635140407E-005 1.834651172230544E-004
201 -1.374503823874031E-004 2.572337477006521E-004
202 4.007565219529769E-004 -7.500023537649093E-004
203 1.337127384563151E-004 -2.502389362705565E-004
204 -1.268853221198209E-005 2.374593996371522E-005
205 1.986233945997826E-004 -3.717170445562490E-004
206 -6.103420363750122E-005 1.142237279429530E-004
207 -1.867814238447756E-004 3.495551931922335E-004
208 2.139271595558318E-005 -4.003547797986259E-005
209 -2.057202414196123E-005 3.849983190512547E-005
210 1.052533078560755E-003 -1.969780307283382E-003
211 7.231647336141426E-009 -1.352921174198595E-008
212 3.399468842437991E-004 -6.361992210864926E-004
213 8.867038934979625E-005 -1.659437379311985E-004
214 5.718958479277087E-004 -1.070283865314098E-003
215 1.772842275450209E-004 -3.317814585965107E-004
216 1.052214119340160E-003 -1.969183483853479E-003
217 -1.716128997962278E-003 3.211677881184483E-003
218 2.105614035850235E-005 -3.940582820402012E-005
219 -1.781421211297927E-004 3.333869992636807E-004
220 8.225172890445817E-004 -1.539313523130443E-003
221 3.128348585397973E-005 -5.854602708101162E-005
222 1.500129653607044E-004 -2.807442961309369E-004
223 6.318670381568837E-004 -1.182517970947187E-003
224 1.427363877574833E-005 -2.671265322984255E-005
225 -1.140874687481520E-003 2.135108723006033E-003
226 9.764874195672215E-005 -1.827463395492383E-004
227 -8.050347620827935E-005 1.506595144948610E-004
228 -2.336343024416829E-005 4.372392247326996E-005
229 1.038571894731576E-003 -1.943652466244933E-003
230 6.723743020940221E-005 -1.258325269680948E-004
231 -1.312968102291557E-003 2.457175859609659E-003
232 1.119962985026777E-003 -2.095973155847376E-003
233 9.736243046858209E-006 -1.822105267912136E-005
234 5.919668366246986E-005 -1.107846368100796E-004
235 7.793778313419890E-004 -1.458579441052094E-003
236 1.159782093579591E-005 -2.170495320569975E-005
237 1.555739708220047E-004 -2.911514720960625E-004
238 -5.063192401179543E-005 9.475598453822662E-005
239 -8.080406785500188E-004 1.512221041984951E-003
240 -6.827738864660895E-006 1.277786184595190E-005
241 9.717425972054401E-004 -1.818583698773552E-003
242 -8.420007164444262E-005 1.575776117832922E-004
243 1.659243081063515E-004 -3.105217541103710E-004
244 -1.154440205015083E-005 2.160492174834831E-005
245 -8.605948137670271E-004 1.610574328717277E-003
246 8.761916992247690E-004 -1.639763422516718E-003
247 -5.478419755044890E-005 1.025267854148558E-004
248 8.489075596645803E-004 -1.588701995630739E-003
249 8.613502954824948E-005 -1.611988261661847E-004
250 5.533528467548393E-004 -1.035581294460293E-003
251 6.909916890492631E-005 -1.293167597896843E-004
252 2.957241842656231E-005 -5.534375186720883E-005
253 -1.517796303722567E-003 2.840504942657203E-003
254 7.101467666449936E-005 -1.329015788145686E-004
255 -3.341680307175803E-005 6.253841388878740E-005
256 -3.199434379505577E-005 5.987633791711167E-005
257 2.632579807045012E-004 -4.926784845245397E-004
258 -2.984839500460318E-004 5.586027149765097E-004
259 -2.185150253529752E-005 4.089440838380767E-005
260 -3.712569298666281E-004 6.947949292290220E-004
261 -7.548181953286220E-005 1.412617212927247E-004
262 5.314745179092553E-004 -9.946367418306348E-004
263 1.088774028024520E-003 -2.037604092344783E-003
264 -9.101602559129375E-004 1.703334438905621E-003
265 2.301022721841020E-005 -4.306285925382384E-005
266 1.520463056508317E-004 -2.845495854140048E-004
267 3.989389366731890E-004 -7.466008685895909E-004
268 1.239807953354715E-003 -2.320259117376837E-003
269 -5.200247698972624E-004 9.732089606572839E-004
270 -1.025197104266016E-003 1.918622018966298E-003
271 -1.105481800805592E-004 2.068872245385397E-004
272 -3.916821610014214E-005 7.330201214616237E-005
273 -4.297398265952825E-004 8.042436846274052E-004
274 -8.852713596483581E-006 1.656757423986975E-005
275 -7.004262293348437E-004 1.310824222015906E-003
276 -1.444335762511809E-004 2.703026101690610E-004
277 3.403882904716753E-005 -6.370253230196792E-005
278 -2.945088385096382E-004 5.511634191239365E-004
279 -1.910878129571600E-005 3.576144997163544E-005
280 2.507341055244331E-004 -4.692405767866204E-004
281 -7.889835519893590E-004 1.476556429711328E-003
282 2.109581101317586E-004 -3.948009993280163E-004
283 -1.265290203275653E-003 2.367948213390391E-003
284 8.660696870982084E-004 -1.620820374525877E-003
285 1.523557880399473E-005 -2.851290125706822E-005
286 -1.983572405967372E-004 3.712188964222337E-004
287 1.070070499946649E-003 -2.002601047169153E-003
288 7.589070419755239E-004 -1.420269090314632E-003
289 -1.689304930615109E-004 3.161477506881490E-004
290 -8.260597424813769E-004 1.545943094152969E-003
291 1.583292351872887E-004 -2.963078702765019E-004
292 1.550242400050052E-003 -2.901226695596594E-003
293 -9.855409874539758E-005 1.844407026276279E-004
294 -2.754829511291028E-005 5.155570775149659E-005
295 -5.318406553391138E-004 9.953219585947994E-004
296 1.094069299527282E-003 -2.047514025978170E-003
297 -8.029352191963509E-004 1.502666375826590E-003
298 -2.548769524747704E-005 4.769935154829327E-005
299 -9.968497051913076E-004 1.865570814894263E-003
300 4.526018219875424E-004 -8.470291411238716E-004
301 7.062990430884165E-005 -1.321814848098960E-004
302 7.601415084237567E-004 -1.422579351260581E-003
303 -8.498029564835229E-004 1.590377842262577E-003
304 -1.060504631928480E-006 1.984682852868888E-006
305 4.966204932560590E-005 -9.294083235967163E-005
306 -3.731560369958240E-004 6.983490540077189E-004
307 2.010501010395979E-004 -3.762585628738336E-004
308 -6.149901493618958E-004 1.150933452588000E-003
309 -1.341510983717837E-004 2.510593084785563E-004
310 6.380092890676215E-004 -1.194012982829623E-003
311 -1.242029525455192E-003 2.324416665027016E-003
312 1.685728512180430E-005 -3.154786167808170E-005
313 -2.352305757104835E-004 4.402261397619219E-004
314 -2.899727887598010E-005 5.426739888136177E-005
315 2.990015899402158E-006 -5.595729688310461E-006
316 -5.395226654396122E-004 1.009698527036070E-003
317 -1.234700383761951E-003 2.310700445072538E-003
318 -8.498836796251149E-005 1.590529086103130E-004
319 1.132717499413423E-003 -2.119842832781842E-003
320 4.799150130146552E-004 -8.981448695872634E-004
321 -8.166047832148987E-005 1.528248404488284E-004
322 1.080809253894979E-004 -2.022697752409688E-004
323 -1.097066434638906E-003 2.053123078526229E-003
324 -3.057024669020514E-005 5.721119884417294E-005
325 9.238259468946226E-006 -1.728908214293413E-005
326 -5.417232915468142E-004 1.013816978995711E-003
327 -2.600884790503836E-005 4.867466865972688E-005
328 1.039412831044994E-004 -1.945226232496163E-004
329 8.644429193672935E-004 -1.617775968798729E-003
330 1.945548008207890E-003 -3.641027875553398E-003
331 -1.073797994790617E-004 2.009576993122995E-004
332 8.671382582269205E-004 -1.622820169499065E-003
333 8.686735658284452E-004 -1.625693394705155E-003
334 1.415245637295448E-004 -2.648584672763093E-004
335 8.137573660579884E-005 -1.522919797507275E-004
336 -5.580852472606927E-004 1.044437829963184E-003
337 -7.126390854698390E-005 1.333680215902218E-004
338 -5.769854782415990E-004 1.079808940827814E-003
339 3.517444123152426E-005 -6.582778876803153E-005
340 -1.055217256333647E-003 1.974803707904157E-003
341 -1.567997290504472E-004 2.934454424639619E-004
342 -2.037839248426498E-004 3.813747974209487E-004
343 1.232915282031801E-003 -2.307359645865821E-003
344 9.224894518078542E-004 -1.726407973907293E-003
345 -4.078644857272010E-004 7.633047333045286E-004
346 3.269620656326727E-005 -6.118986266100234E-005
347 8.150676371744440E-005 -1.525371698151497E-004
348 1.388687706036530E-004 -2.598882419542283E-004
349 -1.769160308015816E-005 3.310926057599756E-005
350 -2.105098046077896E-003 3.939620401197205E-003
351 -1.469248412612046E-004 2.749649185681679E-004
352 2.762694350601549E-004 -5.170289986173817E-004
353 -5.496848407096395E-005 1.028716429391099E-004
354 9.308081939490711E-004 -1.741976313888582E-003
355 3.879253352198188E-004 -7.259892186508278E-004
356 9.418811688790390E-005 -1.762699244983202E-004
357 2.112938591491127E-003 -3.954293744330418E-003
358 -2.077686709447326E-006 3.888323928844506E-006
359 1.683776065296026E-004 -3.151130481901687E-004
360 -4.078384458397976E-006 7.632580338931078E-006
361 9.196333463315436E-005 -1.721062736030110E-004
362 1.810693448873301E-003 -3.388652107661205E-003
363 -7.822944759404779E-004 1.464037919357411E-003
364 -9.965967881304419E-005 1.865097357307122E-004
365 -1.473881116109092E-005 2.758318509214108E-005
366 -1.063174708088060E-003 1.989695835256345E-003
367 1.558627483057503E-003 -2.916919051817299E-003
368 -1.149346011262473E-004 2.150962322594546E-004
369 -3.575629779655102E-005 6.691672068158260E-005
370 5.366948700730028E-005 -1.004406470303713E-004
371 -1.101777764501426E-005 2.061940200495456E-005
372 -4.498107812535990E-005 8.418056653447093E-005
373 -4.324876587833333E-004 8.093860973017630E-004
374 1.463146456732041E-005 -2.738226165107814E-005
375 6.082213790024966E-004 -1.138265944208772E-003
376 -1.428113557097698E-004 2.672666459849422E-004
377 -1.355904135855338E-004 2.537529285891303E-004
378 6.042696362682927E-004 -1.130870373236137E-003
379 2.125472055346819E-005 -3.977747885525249E-005
380 -1.877628251235623E-004 3.513918437036585E-004
381 7.982958023505001E-004 -1.493983840711137E-003
382 5.279503706846062E-005 -9.880415370708055E-005
383 9.230744372853538E-004 -1.727502846093137E-003
384 -5.308359740779986E-005 9.934413801270088E-005
385 1.024391238443432E-003 -1.917113839974182E-003
386 5.286423308925572E-005 -9.893366192378287E-005
387 -3.893922487500101E-004 7.287345414698179E-004
388 3.252647984018461E-005 -6.087224797592485E-005
389 -1.312873956024862E-005 2.457001301457643E-005
390 -1.033737383678308E-003 1.934604863125614E-003
391 -2.185521305330829E-005 4.090129903041459E-005
392 -1.293398434039918E-004 2.420551778161420E-004
393 3.268246423043934E-005 -6.116413954573007E-005
394 1.694121097439538E-004 -3.170490915492857E-004
395 -6.685811305291989E-004 1.251227156420238E-003
396 -4.478798586111243E-005 8.381921398367168E-005
397 -3.542679147389934E-006 6.629999088929807E-006
398 -9.170625650566585E-004 1.716251873942824E-003
399 -4.342382196335759E-004 8.126622826439890E-004
400 9.187415567694057E-005 -1.719393975480489E-004
401 7.452620406259246E-006 -1.394734717155739E-005
402 -8.033314097321405E-004 1.503407817845325E-003
403 -5.447046822263790E-005 1.019396608022490E-004
404 4.298819065537054E-004 -8.045095800698418E-004
405 3.137084260109086E-005 -5.870948272367878E-005
406 -1.301910568447902E-003 2.436481914530213E-003
407 -5.328594237384744E-004 9.972285723155098E-004
408 1.673436984255339E-003 -3.131781213152954E-003
409 1.437317334016521E-005 -2.689892501670390E-005
410 -3.273081917858263E-005 6.125462020641779E-005
411 6.060800174788347E-004 -1.134258428820885E-003
412 -1.366945495557773E-003 2.558192654088176E-003
413 -2.375186036951151E-004 4.445080928822195E-004
414 -1.230056659289354E-005 2.302010018704216E-005
415 -1.793488221898069E-003 3.356453101082531E-003
416 2.068709849713643E-005 -3.871518403317892E-005
417 4.766417855785756E-005 -8.920191580792728E-005
418 -2.882829667249477E-004 5.395119000899291E-004
419 2.501728681214371E-004 -4.681901145620796E-004
420 -5.361531464702172E-005 1.003392678536189E-004
421 -7.449434775205110E-004 1.394136746945213E-003
422 1.403263038672485E-005 -2.626160016883735E-005
423 6.669289461406763E-004 -1.248135138230465E-003
424 2.846811552338771E-005 -5.327716011482692E-005
425 -4.353903957304489E-005 8.148184281940556E-005
426 -1.624263074906006E-003 3.039753896469332E-003
427 3.992084492042574E-004 -7.471052295462427E-004
428 -4.808279612945802E-006 8.998540109828936E-006
429 7.875627231082126E-006 -1.473897615748827E-005
430 -2.813726125362404E-004 5.265794017955491E-004
431 5.447436736595078E-004 -1.019469485560062E-003
432 -1.022376669137435E-004 1.913343725792182E-004
433 3.011680371027241E-005 -5.636259142441004E-005
434 3.607063327785647E-005 -6.750498434933197E-005
435 -8.013391009355238E-004 1.499679261923901E-003
436 2.062627907286247E-005 -3.860136377006704E-005
437 1.308713361070357E-004 -2.449213304500554E-004
438 -1.525572515864578E-003 2.855057815711434E-003
439 1.641899607957691E-005 -3.072762075247003E-005
440 1.744670423913073E-003 -3.265092206555182E-003
441 -6.389584052516502E-005 1.195789172093334E-004
442 -8.365282087726869E-004 1.565534495251675E-003
443 4.136208878264233E-005 -7.740773862043276E-005
444 -5.415326988169515E-004 1.013460289947443E-003
445 5.147086503011472E-004 -9.632600086016877E-004
446 -2.847093920329633E-005 5.328241428530320E-005
447 -1.482271751907435E-005 2.774019270534832E-005
448 -2.411198927492658E-004 4.512477963589147E-004
449 2.954111054667108E-004 -5.528519683703929E-004
450 5.035808460883029E-005 -9.424346274010108E-005
451 -3.202963857247073E-004 5.994239486636457E-004
452 1.116518901818317E-005 -2.089529221320319E-005
453 1.582606863211442E-005 -2.961795709396124E-005
454 4.658032275286990E-004 -8.717351178405675E-004
455 -1.141507576125617E-005 2.136292596689530E-005
456 1.681026619861104E-004 -3.145984799286514E-004
457 -5.298013156195857E-004 9.915054365619532E-004
458 -6.383161425239927E-006 1.194586842704537E-005
459 1.682277672000318E-005 -3.148327333981242E-005
460 1.886509131585415E-003 -3.530538590744663E-003
461 8.597856732811698E-005 -1.609060120492382E-004
462 3.874792439458150E-004 -7.251544407930515E-004
463 6.926965756947132E-005 -1.296358475318184E-004
464 5.039245130474475E-004 -9.430778208753027E-004
465 -1.367125489142219E-003 2.558529524618603E-003
466 -1.004749048049437E-004 1.880354159202926E-004
467 -2.233679330065007E-005 4.180248362339605E-005
468 1.516706997555111E-003 -2.838466294363720E-003
469 2.437641521378456E-005 -4.561957015230137E-005
470 -3.875255680834745E-005 7.252410989812590E-005
471 8.203992086604895E-006 -1.535350318738477E-005
472 -1.402301361711467E-005 2.624359738704023E-005
473 -1.906577386744594E-004 3.568095932126663E-004
474 4.581080547858776E-005 -8.573336295084227E-005
475 5.371829804308206E-004 -1.005319939702474E-003
476 1.236504308819619E-005 -2.314076120822326E-005
477 -7.707162932611627E-004 1.442369707912253E-003
478 -1.101977327618240E-004 2.062313139421586E-004
479 -2.067797699327967E-004 3.869814053267048E-004
480 4.572082771551587E-006 -8.556621005331238E-006
481 6.841989685059865E-006 -1.280455279518532E-005
482 4.163315201913722E-005 -7.791506435339700E-005
483 -8.493202202707791E-004 1.589474327811672E-003
484 1.212090403947764E-003 -2.268386574768098E-003
485 -4.682189853618871E-004 8.762561562227353E-004
486 2.230868976158453E-004 -4.174996132974509E-004
487 -6.182305315724757E-005 1.156997657350175E-004
488 1.853274047202662E-004 -3.468340518393154E-004
489 -1.926504751662801E-003 3.605389075644053E-003
490 1.702328670065053E-004 -3.185851821367853E-004
491 8.040906325786452E-004 -1.504828666084121E-003
492 -4.743689795914255E-005 8.877650432612344E-005
493 -6.468760414952374E-004 1.210606830826562E-003
494 8.180469455234008E-004 -1.530947412665284E-003
495 3.283428934956087E-006 -6.144840518247543E-006
496 4.479227921519225E-005 -8.382726462172354E-005
497 -1.483242430150436E-003 2.775838471818055E-003
498 -6.717936793608480E-004 1.257239342557619E-003
499 5.611765495681583E-005 -1.050223067256301E-004
500 2.125006621191592E-005 -3.976885209423233E-005
501 7.668898795331887E-004 -1.435208659593464E-003
502 -1.223556238068535E-003 2.289844436091789E-003
503 2.748211730371776E-004 -5.143188086026081E-004
504 6.180482604996727E-004 -1.156656603766718E-003
505 5.483964445750175E-005 -1.026305465678808E-004
506 4.808363549682714E-005 -8.998690569526078E-005
507 3.014163256075818E-004 -5.640905426411928E-004
508 -7.358061270853632E-004 1.377036480745075E-003
509 3.881891084859911E-005 -7.264834580500572E-005
510 -1.235368784633751E-005 2.311927090242445E-005
511 -2.711586591286939E-004 5.074643380374765E-004
512 1.351808717131140E-004 -2.529864947999859E-004
513 2.641550165135500E-005 -4.943581358406293E-005
514 -3.988316735438148E-006 7.463839606605041E-006
515 -1.105663107395431E-003 2.069211493529811E-003
516 -2.318486529830803E-003 4.338969859839816E-003
517 3.417420931100207E-005 -6.395591741301973E-005
518 -3.050234000487729E-007 5.707952982120196E-007
519 -8.274466456464326E-004 1.548538650145886E-003
520 1.337627603012084E-005 -2.503324397910307E-005
521 -1.281343965251488E-004 2.397993432973839E-004
522 5.935552548215974E-004 -1.110818769982603E-003
523 2.098025142078759E-004 -3.926384312252955E-004
524 -1.432660862956302E-003 2.681176767404566E-003
525 -9.857843658582467E-004 1.844862384634071E-003
526 2.522258387773338E-004 -4.720321524822182E-004
527 -1.193302387659235E-003 2.233225411499824E-003
528 1.223976255141107E-003 -2.290630519223933E-003
529 1.889587102626012E-003 -3.536298918170615E-003
530 -7.471543775434600E-005 1.398274209892290E-004
531 1.498477817654275E-006 -2.804314328277858E-006
532 -7.182138842979810E-004 1.344113208959985E-003
533 1.561570286096960E-006 -2.922422959344720E-006
534 -1.426583485531491E-005 2.669804897249369E-005
535 7.286427704558953E-004 -1.363630509247512E-003
536 -8.787409594744188E-005 1.644534803959489E-004
537 1.545185203114207E-005 -2.891758462675254E-005
538 4.315069321244015E-005 -8.075508942657566E-005
539 -1.617667508382916E-005 3.027413877937122E-005
540 -9.645763080066306E-005 1.805172385780590E-004
541 -2.692122362088534E-005 5.038218285173844E-005
542 -1.006012635017521E-005 1.882706634029274E-005
543 5.750277086319005E-004 -1.076145075961612E-003
544 2.523897933725022E-005 -4.723390518026463E-005
545 6.102263531010027E-006 -1.142013132936807E-005
546 -2.486031392843546E-004 4.652524548263272E-004
547 4.752940198004358E-006 -8.894999724109657E-006
548 3.738728578973295E-004 -6.996905080065658E-004
549 6.856225787325946E-004 -1.283119663144591E-003
550 2.975781120124015E-005 -5.569073780852917E-005
551 -7.023072135257130E-005 1.314344520515724E-004
552 -1.804609929731894E-003 3.377267003358150E-003
553 -7.675222698736987E-005 1.436392612838882E-004
554 7.221819446397782E-004 -1.351539305859329E-003
555 -3.810321744645200E-005 7.130866763378642E-005
556 -2.562376340298079E-005 4.795401647659362E-005
557 1.420862480999563E-005 -2.659105355563620E-005
558 -7.101279728773548E-004 1.328980726660087E-003
559 5.664917476686157E-004 -1.060170283024385E-003
560 3.116336413067416E-004 -5.832118564460925E-004
561 3.821159666970418E-004 -7.151172045285562E-004
562 -1.307194716566737E-004 2.446372270863669E-004
563 1.483019618675272E-003 -2.775421461167309E-003
564 1.540473211269584E-005 -2.882942562089736E-005
565 1.006454619873540E-003 -1.883546090484905E-003
566 7.450403461599951E-005 -1.394318316928671E-004
567 -1.157442054628459E-004 2.166113952654084E-004
568 3.133765536042571E-004 -5.864737075573291E-004
569 -7.684900123705996E-005 1.438204186603510E-004
570 8.866182391672482E-004 -1.659276313094322E-003
571 1.194519075118733E-004 -2.235502377352907E-004
572 -2.826715931326599E-004 5.290104395868465E-004
573 -2.088182249019373E-005 3.907964976283615E-005
574 -7.033522136611444E-004 1.316300029321005E-003
575 2.718711581416078E-005 -5.087979781132376E-005
576 6.739011339720163E-004 -1.261183381474922E-003
577 1.666229754837657E-003 -3.118293160547146E-003
578 -1.242011108264152E-003 2.324382181472972E-003
579 -4.685242829558760E-004 8.768275008127662E-004
580 -2.588021096602187E-005 4.843403548568074E-005
581 -7.523433354670704E-004 1.407985326749333E-003
582 -2.834586732153892E-005 5.304834815588633E-005
583 -1.130361200415858E-003 2.115433117224743E-003
584 -8.751048749810244E-005 1.637728590669040E-004
585 -1.110282419189938E-003 2.077856292323918E-003
586 2.478975221190290E-005 -4.639315874620063E-005
587 1.405986098752706E-005 -2.631251865269606E-005
588 2.072123897984888E-004 -3.877910481510993E-004
589 5.800917921252970E-004 -1.085622336367917E-003
590 -9.805518847962719E-006 1.835075393888305E-005
591 1.658421457707549E-004 -3.103680222962266E-004
592 8.327763958302342E-006 -1.558513336396176E-005
593 -1.437083567034248E-005 2.689453789845234E-005
594 1.792915883078897E-005 -3.355385389508772E-005
595 -3.691766468636303E-004 6.909017212195139E-004
596 4.874296109099079E-005 -9.122081354110561E-005
597 -5.100401275443890E-004 9.545229916114736E-004
598 -5.790884423123349E-005 1.083744540964755E-004
599 1.091473917347721E-004 -2.042656830635654E-004
600 1.149898442983098E-003 -2.151996378291171E-003
601 -6.529909511339401E-005 1.222051148215850E-004
602 2.377003901963056E-006 -4.448481977861323E-006
603 -2.049544336819867E-004 3.835653464086624E-004
604 -1.005910279460845E-005 1.882528663226903E-005
605 -8.487316904441749E-005 1.588372966610263E-004
606 8.310158556942964E-006 -1.555217755930226E-005
607 8.382388086274663E-006 -1.568737225034512E-005
608 1.545129100595753E-004 -2.891657401029476E-004
609 -3.894662333947779E-004 7.288730077924686E-004
610 2.280636465726656E-004 -4.268134771127096E-004
611 5.752747985255152E-006 -1.076606365036478E-005
612 -1.460116099336536E-006 2.732461636458458E-006
613 -2.982941771843712E-005 5.582475306871846E-005
614 1.763043091295988E-004 -3.299476067930508E-004
615 1.608421025037260E-006 -3.010119602658953E-006
616 -1.680844658000312E-004 3.145644544724385E-004
617 -5.171322168710299E-005 9.677956699290916E-005
618 -9.120914300095153E-005 1.706948523854298E-004
619 -2.914724141500164E-005 5.454810047749696E-005
620 -2.448355592853021E-005 4.582017913536277E-005
621 -4.416421010795498E-005 8.265182011515650E-005
622 -6.293397565041477E-004 1.177788244309551E-003
623 -5.941589322888164E-005 1.111948574264406E-004
624 2.269067296702249E-005 -4.246482071614163E-005
625 -3.339222627327430E-004 6.249243601106649E-004
626 2.694754718262617E-006 -5.043106365814139E-006
627 2.281227742937032E-004 -4.269242266722993E-004
628 2.713235728499079E-004 -5.077729707928779E-004
629 4.606148936307821E-006 -8.620265691345839E-006
630 -1.340135678911178E-006 2.508018231828841E-006
631 7.226999152425278E-005 -1.352508483412124E-004
632 5.548114071387954E-005 -1.038311100083034E-004
633 5.493917795938120E-009 -1.025305010617289E-008
634 2.467220623102327E-005 -4.617318523540641E-005
635 6.502373267168414E-004 -1.216897370934113E-003
636 -5.845300897194689E-004 1.093928458786729E-003
637 -2.657069558558347E-005 4.972602000192532E-005
638 3.415485534372160E-004 -6.391966309990857E-004
639 3.965809737383204E-006 -7.421895773009484E-006
640 4.002442668987904E-005 -7.490436603869447E-005
641 -1.197357207228826E-005 2.240814925686349E-005
642 -3.650082933650347E-004 6.831007932839848E-004
643 -9.143330763062393E-006 1.711144016999496E-005
644 -1.303065327835196E-004 2.438643028949274E-004
645 1.236445102066468E-005 -2.313963257262074E-005
646 -1.106686253698242E-003 2.071126313385900E-003
647 3.186272313537336E-006 -5.962697529663131E-006
648 1.168282229900744E-006 -2.186390501231817E-006
649 -1.673996716771140E-004 3.132828754895670E-004
650 5.777148290606637E-004 -1.081174008786414E-003
651 6.671071583206172E-006 -1.248474832855122E-005
652 7.133932735148660E-004 -1.335091556692004E-003
653 2.347720573482096E-006 -4.393527018025648E-006
654 7.160914209262902E-007 -1.340199867511416E-006
655 -2.516236601459399E-004 4.709052793149061E-004
656 -8.588618909151283E-004 1.607331255209508E-003
657 5.499944847618563E-007 -1.029706008627791E-006
658 -1.226511067184111E-005 2.295377971666938E-005
659 -6.061234115175743E-004 1.134339625999172E-003
660 -1.285971154081468E-004 2.406651987638504E-004
661 9.569673259767840E-005 -1.790932270739993E-004
662 -1.038451140511020E-006 1.943427928652545E-006
663 -4.805708201698862E-006 8.993641872924874E-006
664 -3.035387236383570E-004 5.680625625144048E-004
665 4.825005342237436E-006 -9.029823095832389E-006
666 -1.035654404251931E-004 1.938192427213204E-004
667 -7.225515730202438E-004 1.352231018455380E-003
668 3.807194586859978E-005 -7.125037404993646E-005
669 3.396246083148258E-006 -6.355972691291424E-006
670 -2.141568173129016E-004 4.007872594582262E-004
671 -4.214193696628006E-007 7.886971399377310E-007
672 4.013146510618880E-005 -7.510466968996879E-005
673 -5.108693154420337E-006 9.560753122172546E-006
674 4.203995075423798E-004 -7.867636642382505E-004
675 4.580706727026444E-004 -8.572639314703091E-004
676 1.930280775053835E-005 -3.612455195943209E-005
677 -1.318656431944885E-004 2.467821004147611E-004
678 3.024656522680673E-007 -5.660433417021071E-007
679 -1.300306424456225E-004 2.433479947374188E-004
680 -3.110084124902904E-004 5.820417793108297E-004
681 -2.729549949199363E-006 5.108282659490578E-006
682 -5.037093298470611E-007 9.426667351436483E-007
683 -1.053609944027911E-005 1.971795458073291E-005
684 -1.118306674839338E-006 2.092894850352826E-006
685 -1.961844307332270E-005 3.671524833358646E-005
686 1.444681431695575E-005 -2.703671929112851E-005
687 2.469934825871875E-004 -4.622400424772125E-004
688 -1.446357160288616E-006 2.706785353070571E-006
689 -2.546779427492527E-005 4.766214720465813E-005
690 2.824641520237310E-004 -5.286222070230616E-004
691 -1.613603893868666E-007 3.020230732882903E-007
692 9.863015268514679E-008 -1.845532448399244E-007
693 8.590304836733159E-005 -1.607646388948307E-004
694 -1.709901004231570E-004 3.200022546875002E-004
695 -1.502886174976588E-007 2.812441265638360E-007
696 -3.716060757698450E-006 6.954488323499861E-006
697 7.718186274238146E-005 -1.444432357507036E-004
698 -1.352936603719567E-004 2.531975521523746E-004
699 -1.755965782763413E-004 3.286231222451961E-004
700 -2.152122642523597E-005 4.027624897105204E-005
701 -3.394389116099562E-004 6.352485589532535E-004
702 -8.305638371132950E-006 1.554372150746648E-005
703 -3.612134848499416E-005 6.759989820858456E-005
704 4.850654388730640E-006 -9.077864354507771E-006
705 -1.863092907992250E-006 3.486731682567781E-006
706 -2.394092949215813E-005 4.480464185567413E-005
707 -1.934368543578245E-005 3.620106369736643E-005
708 1.628523323477199E-004 -3.047727051323976E-004
709 3.083200405710672E-006 -5.770092778261156E-006
710 5.593829754664569E-007 -1.046880946867342E-006
711 2.208623189513146E-004 -4.133364173855491E-004
712 -4.610568257250043E-004 8.628524368978150E-004
713 -3.719860545899594E-007 6.961307310925817E-007
714 7.250637100060288E-006 -1.356931378037224E-005
715 2.189338066074215E-004 -4.097272642383279E-004
716 -7.196863204315567E-005 1.346868734292634E-004
717 -5.835960316689131E-006 1.092180056322489E-005
718 -3.057112592924778E-004 5.721284631859302E-004
719 -2.361118952343530E-006 4.418784491997708E-006
720 -7.240714213976433E-004 1.355074203171540E-003
721 -3.800168988612815E-004 7.111890248812976E-004
722 6.812031770517860E-005 -1.274851502156513E-004
723 1.193037568974349E-005 -2.232737884621767E-005
724 1.377435154479639E-006 -2.577831827012227E-006
725 -1.510860599964799E-004 2.827523642509887E-004
726 -1.176956579368124E-006 2.202641996601527E-006
727 -5.649681345936554E-005 1.057320047711852E-004
728 3.841234118892848E-007 -7.188919782962098E-007
729 8.484651234168026E-006 -1.587873719788284E-005
730 -4.949624067304513E-007 9.263045777093293E-007
731 -7.314188776732037E-006 1.368834327572340E-005
732 -8.570780362502388E-006 1.603997237529320E-005
733 -1.824670959101234E-004 3.414813302898101E-004
734 -2.137031311284469E-004 3.999384435016123E-004
735 7.298816078575830E-006 -1.365958510523880E-005
736 -1.964601236741822E-004 3.676685299935952E-004
737 -2.809759004218839E-007 5.258161524417578E-007
738 -1.697926442292870E-006 3.177622568700539E-006
739 -8.831909053726443E-006 1.652864686859604E-005
740 5.509083399555941E-004 -1.031006423895403E-003
741 3.324469907702327E-005 -6.221647280263159E-005
742 -4.589730582609978E-006 8.589533094189367E-006
743 -1.263213824392525E-004 2.364062076127799E-004
744 -1.527840415536698E-006 2.859320562651644E-006
745 2.125353440071576E-004 -3.977527669946810E-004
746 1.336096338161334E-005 -2.500463120486761E-005
747 5.860841334824699E-005 -1.096835712493232E-004
748 -2.262319621420621E-006 4.233781717608621E-006
749 -3.103899428387624E-006 5.808791973882489E-006
750 -5.318862757613303E-006 9.954026327797132E-006
751 4.055461105864804E-004 -7.589659374071467E-004
752 -9.845810242026294E-007 1.842678015685274E-006
753 -7.736735711929278E-004 1.447904195140439E-003
754 2.651798332640549E-006 -4.962675504859712E-006
755 -8.254634563276500E-006 1.544820398272728E-005
756 6.038099884937788E-004 -1.130009613713288E-003
757 2.018719608031927E-003 -3.777966105085981E-003
758 2.273655171260980E-005 -4.255074030525618E-005
759 -1.156883847702096E-005 2.165087927439133E-005
760 -1.097704472812200E-003 2.054316838304776E-003
761 -5.132573641250612E-004 9.605439967249902E-004
762 -5.670108643837778E-004 1.061141826946290E-003
763 4.906959210065160E-005 -9.183213442979005E-005
764 1.160018224076638E-005 -2.170927116834657E-005
765 -7.230744208965534E-005 1.353210737201803E-004
766 -5.374107806259469E-006 1.005755204826997E-005
767 4.313267825597304E-004 -8.072137470819988E-004
768 1.874869321079722E-003 -3.508754912181717E-003
769 -1.066565718350429E-006 1.995890144411952E-006
770 -1.059439049678830E-003 1.982704697336323E-003
771 4.602554957356805E-005 -8.613505788102682E-005
772 9.074746565962471E-004 -1.698308272226390E-003
773 2.263561310626472E-005 -4.236175467530976E-005
774 -1.259929448510706E-003 2.357915701542590E-003
775 -3.178783947698143E-005 5.949007349653965E-005
776 3.597960404643194E-004 -6.733461744579829E-004
777 -5.308018463671215E-004 9.933778978161842E-004
778 8.985138775709162E-005 -1.681538501394204E-004
779 7.514571806257906E-006 -1.406342308302889E-005
780 5.992708642783037E-004 -1.121515339040504E-003
781 -9.445470507704778E-004 1.767688055565908E-003
782 6.605218367255746E-004 -1.236144645785349E-003
783 1.293142374674818E-005 -2.420075305060137E-005
784 -6.735961302095477E-004 1.260612412883916E-003
785 -6.753975665957040E-005 1.263984395391915E-004
786 1.781644615719945E-003 -3.334288197058626E-003
787 2.265941685844168E-005 -4.240643144667011E-005
788 5.708525259010354E-004 -1.068331375342183E-003
789 2.231690983841195E-005 -4.176532668403532E-005
790 -7.624379952103951E-004 1.426876880105569E-003
791 -2.662882928646618E-005 4.983506536590231E-005
792 4.811187442344407E-004 -9.003974624992596E-004
793 6.269917133757572E-006 -1.173388238690537E-005
794 -2.259130982922775E-004 4.227887833718817E-004
795 -1.360841992876407E-005 2.546767269434434E-005
796 -4.104221414999166E-004 7.680913216248707E-004
797 -1.057549785544736E-004 1.979169217218699E-004
798 -9.150209525030219E-006 1.712406359623599E-005
799 -4.734002740070910E-004 8.859527029801585E-004
800 1.358850696338601E-005 -2.542991911841030E-005
801 7.845909682898752E-004 -1.468335842584409E-003
802 -1.228874743145852E-004 2.299797835401433E-004
803 -4.030015073508166E-004 7.542038150671056E-004
804 -1.148830254611495E-005 2.149980396867251E-005
805 2.927808026791208E-004 -5.479298710326616E-004
806 -2.500046848463701E-007 4.678248646661178E-007
807 5.755399782762984E-006 -1.077115820411666E-005
808 1.888885694069705E-004 -3.534985915541193E-004
809 -7.152819464075797E-006 1.338649751533113E-005
810 -1.888015500686531E-004 3.533354776027488E-004
811 8.783573316997093E-006 -1.643813471731524E-005
812 -3.967619950139162E-004 7.425266188501999E-004
813 -7.919877233160421E-007 1.482513522998095E-006
814 1.036318433746374E-003 -1.939435526620839E-003
815 5.355239211236232E-006 -1.002237727365485E-005
816 4.994147944905271E-004 -9.346380275283891E-004
817 6.721486279675872E-004 -1.257903519451535E-003
818 6.694210133801685E-004 -1.252798935329552E-003
819 -6.629102275640492E-006 1.240591776306533E-005
820 -6.372065473441142E-004 1.192510708217123E-003
821 -3.207901168335819E-005 6.003529228533780E-005
822 -1.114586645899505E-004 2.085910418541447E-004
823 -5.438005523974029E-004 1.017704538617825E-003
824 -6.231359955348177E-005 1.166177626856918E-004
825 1.083467902617579E-005 -2.027669555832683E-005
826 6.452998677392762E-004 -1.207656998013921E-003
827 -2.563647112540471E-005 4.797833763202949E-005
828 4.503035968972068E-004 -8.427282179173167E-004
829 -8.487900220811400E-006 1.588464284809723E-005
830 -6.061113809181245E-006 1.134311862507522E-005
831 -2.638372873175232E-006 4.937348872283556E-006
832 -3.416258400171375E-004 6.393412325766598E-004
833 -4.490348789284565E-007 8.401659793734497E-007
834 -7.621435114757895E-005 1.426326473696049E-004
835 -3.619810457701654E-004 6.774353301502707E-004
836 6.363614936245887E-006 -1.190950344625182E-005
837 -2.578979307012439E-005 4.826497149012424E-005
838 6.559864493279552E-006 -1.227633253907126E-005
839 -2.107322890853094E-004 3.943783998050248E-004
840 -8.998584853383133E-006 1.684039637772314E-005
841 -1.453180521119444E-006 2.719267079853679E-006
842 -7.984422024232003E-005 1.494257061948880E-004
843 -1.604403609710425E-006 3.003008311465700E-006
844 5.674316871805207E-006 -1.061960284750987E-005
845 1.611438443226835E-004 -3.015752931317185E-004
846 -1.323718298650519E-004 2.477291664319572E-004
847 2.079477919971047E-004 -3.891678021774862E-004
848 1.257777240349094E-007 -2.354209648575158E-007
849 2.354425022930624E-004 -4.406225618853938E-004
850 -5.606667061344973E-007 1.049222575098809E-006
851 6.226020731203862E-005 -1.165179431443262E-004
852 -3.463588701047517E-004 6.481991520618275E-004
853 -8.830931556131874E-006 1.652677305776637E-005
854 1.331025496980103E-005 -2.491018600189902E-005
855 -4.520150528217235E-006 8.459404289796783E-006
856 -5.848506943349280E-005 1.094527307737304E-004
857 -9.144982311169143E-006 1.711467698976244E-005
858 1.594349707601320E-004 -2.983772199849796E-004
859 -1.157029278739835E-004 2.165342540913032E-004
860 -5.148760240302942E-006 9.635651528517999E-006
861 1.124611232198193E-006 -2.104572934556342E-006
862 1.874533324483610E-004 -3.508127005288659E-004
863 1.150271623610431E-005 -2.152698470561971E-005
864 -4.568757660864125E-005 8.550275487894194E-005
865 -4.220130682547216E-006 7.897668525520870E-006
866 -4.693801965814958E-005 8.784294079048534E-005
867 -2.210780065157582E-006 4.137389011255309E-006
868 -4.014539828163647E-004 7.513074061248940E-004
869 6.270154751250207E-006 -1.173463066321311E-005
870 -6.220824063194808E-006 1.164224597074525E-005
871 -1.090138040675903E-006 2.040155167826065E-006
872 -3.710528303745677E-004 6.944130744711280E-004
873 -4.318111042222187E-006 8.081035623791770E-006
874 -2.439854217786262E-005 4.566096323669111E-005
875 -4.231634250674599E-007 7.918836243707984E-007
876 -2.431010069742060E-004 4.549554340244536E-004
877 -6.647865171472382E-006 1.244122024406416E-005
878 4.942458894754455E-004 -9.249645917152061E-004
879 -6.785062758746945E-004 1.269802108778205E-003
880 -1.921005214705927E-005 3.595109533758687E-005
881 6.527839376151667E-004 -1.221663088003596E-003
882 1.391710329248184E-005 -2.604570981182155E-005
883 5.392460008454507E-005 -1.009180936339529E-004
884 -9.747680365697004E-007 1.824145910499836E-006
885 8.719095610022476E-007 -1.631947329310585E-006
886 1.077616773839364E-004 -2.016722452769689E-004
887 -1.454863679754546E-006 2.722450940988506E-006
888 4.644985055111479E-006 -8.693102026721728E-006
889 -6.386946046242482E-005 1.195295638709791E-004
890 1.456324403268479E-004 -2.725461216268669E-004
891 -1.105031831005404E-005 2.068048260813456E-005
892 3.040892218124652E-006 -5.690588679774974E-006
893 1.385706862086832E-004 -2.593301935392992E-004
894 -9.140321613637658E-005 1.710577613147618E-004
895 -3.959444595495567E-005 7.409978678459887E-005
896 -2.051934781118040E-004 3.840127439720049E-004
897 -2.311260182235305E-004 4.325445646795347E-004
898 5.627261313660774E-004 -1.053123152708042E-003
899 -1.194907726212231E-006 2.236312821188185E-006
900 3.275082093619152E-004 -6.129204120534112E-004
901 6.968175055671737E-006 -1.304059564607130E-005
902 -3.518042881779502E-006 6.584177557142510E-006
903 -1.946990678182336E-005 3.643718279718680E-005
904 1.143530084308310E-005 -2.140096226774429E-005
905 -1.375140548035494E-005 2.573540284434427E-005
906 -9.651606444652689E-007 1.806264625216023E-006
907 -5.552105779952324E-006 1.039058277514278E-005
908 -7.025329080193825E-005 1.314767647076210E-004
909 -2.761928077243738E-005 5.168854940944206E-005
910 6.481284913788051E-005 -1.212953146005456E-004
911 3.905204091544331E-005 -7.308475268836383E-005
912 -1.580526432390860E-005 2.957882277041873E-005
913 -1.040319763215027E-004 1.946922485582624E-004
914 1.020134771029922E-005 -1.909164110039043E-005
915 -1.665536745562114E-004 3.116995283963366E-004
916 -1.314075473304968E-004 2.459248495414714E-004
917 2.821070580733726E-005 -5.279556174230234E-005
918 -1.045640662699187E-004 1.956880759779773E-004
919 3.856647133158861E-006 -7.217296724185635E-006
920 -1.344744267470589E-005 2.516653808791454E-005
921 7.601121783730027E-006 -1.422515903378639E-005
922 -1.950423895044553E-006 3.649976820923928E-006
923 9.135680834487905E-006 -1.709713120643111E-005
924 2.329789326391650E-004 -4.360123194407574E-004
925 -7.204788660559594E-005 1.348353854237791E-004
926 5.493309593615442E-006 -1.028039224581732E-005
927 -4.635602963769466E-005 8.675394544840495E-005
928 1.416699245162500E-006 -2.651140857183733E-006
929 1.140936884345356E-005 -2.135210701661427E-005
930 2.053772549987676E-004 -3.843568368570470E-004
931 4.571720312991559E-006 -8.556017432369375E-006
932 1.388510343967592E-006 -2.598710410827882E-006
933 -6.962004259494556E-005 1.302915231655259E-004
934 9.142976372627601E-007 -1.711674877373377E-006
935 1.283141111169681E-004 -2.401353613616422E-004
936 -1.197637125366673E-006 2.241372235469169E-006
937 -1.693017896529056E-005 3.168422858835029E-005
938 -1.741436866794117E-006 3.259156317352471E-006
939 2.223777235817691E-006 -4.161732635136071E-006
940 2.045677652370076E-005 -3.828419051953385E-005
941 4.050021807434048E-006 -7.579502448961982E-006
942 -9.135848537174544E-005 1.709742297427711E-004
943 1.560724279234526E-006 -2.920945009793110E-006
944 2.478728611143532E-004 -4.638858159858827E-004
945 1.855676878707868E-006 -3.472705551438189E-006
946 -1.436680573534542E-004 2.688702105674887E-004
947 -3.796596401446600E-005 7.105196305054763E-005
948 7.293008371663370E-006 -1.364859353840144E-005
949 -1.913008627770772E-005 3.580120172146368E-005
950 1.777242582441998E-004 -3.326050882746092E-004
951 8.979956738925475E-006 -1.680559867364891E-005
952 -6.368990037475748E-007 1.192009469395375E-006
953 -5.842576216777799E-005 1.093419337435239E-004
954 7.697760558738230E-006 -1.440616569776023E-005
955 -9.911005769460267E-005 1.854809954129720E-004
956 -2.439757096791390E-005 4.565961591063259E-005
957 -1.366997905726438E-004 2.558292218863961E-004
958 1.325478297105075E-006 -2.480847538451861E-006
959 1.808698178119982E-004 -3.384918741249881E-004
960 -2.373499475349533E-007 4.441281220776547E-007
961 2.060962407473038E-005 -3.857019040357758E-005
962 6.817542761031604E-006 -1.275876828594616E-005
963 -1.246490838766142E-004 2.332765474376720E-004
964 -2.997177689204731E-005 5.609111164459591E-005
965 1.240614488854827E-004 -2.321768817424691E-004
966 -3.725312378359743E-006 6.971955918418345E-006
967 -1.483918659054841E-004 2.777104464053447E-004
968 -3.763350181478006E-006 7.043071108964462E-006
969 -8.686049986332061E-005 1.625565390710707E-004
970 -8.387073323387831E-006 1.569615662582242E-005
971 -2.919780042097540E-005 5.464270721216734E-005
972 -5.144612056829852E-005 9.627984628083778E-005
973 8.650776718872490E-006 -1.618980220596603E-005
974 -2.833650624623941E-006 5.302929247046557E-006
975 -3.185734586264034E-005 5.962012556473298E-005
976 -2.923579531235409E-006 5.471007942777850E-006
977 6.500968402725613E-007 -1.216637261742746E-006
978 3.473039458194420E-004 -6.499679112110693E-004
979 1.105642272674693E-005 -2.069181808747447E-005
980 -1.404160408408493E-004 2.627839747270884E-004
981 5.665563806759294E-005 -1.060289718524008E-004
982 -1.263825576777183E-004 2.365207313175602E-004
983 -7.244903596479174E-006 1.355822441497850E-005
984 1.906925931891904E-004 -3.568747245466273E-004
985 -7.430681365584262E-007 1.390441712839150E-006
986 2.842547338209946E-006 -5.319804699772972E-006
987 -1.151718743711185E-005 2.155386393223785E-005
988 7.111421631437425E-006 -1.330917489880591E-005
989 1.378727954383223E-004 -2.580241929859335E-004
990 -1.687776942839076E-005 3.158657768777776E-005
991 3.148354852576086E-004 -5.892041509549973E-004
992 -6.241814481433290E-006 1.168123726403927E-005
993 8.638805551953949E-005 -1.616723593610601E-004
994 1.359885235864277E-004 -2.544978901211632E-004
995 -1.306831388580870E-005 2.445718030235322E-005
996 -2.253159784920365E-007 4.214883009861750E-007
997 2.879976997475311E-006 -5.389621470381940E-006
998 3.194379417822898E-005 -5.978172397124776E-005
999 1.024227402718957E-004 -1.916806399310215E-004
1000 -2.677241050286330E-004 5.010364218427101E-004
1001 5.797211203186885E-005 -1.084927896015200E-004
1002 -8.138328737495162E-005 1.523062437557796E-004
1003 -2.299560292847384E-004 4.303552244753696E-004
1004 -1.279088144295833E-006 2.393610267749328E-006
1005 -1.548220849848654E-006 2.897360761762458E-006
1006 1.182212031425921E-004 -2.212470048695293E-004
1007 4.686522808683156E-004 -8.770673291189622E-004
1008 -1.861616378715495E-004 3.483954277612141E-004
1009 1.274939712165085E-004 -2.386008783879327E-004
1010 1.427379530804217E-004 -2.671291466362086E-004
1011 3.189864874556498E-007 -5.968980691509540E-007
1012 -8.562926737668822E-007 1.602861795835038E-006
1013 -1.499027009114617E-004 2.805379093606609E-004
1014 1.496757677975185E-005 -2.801131316217697E-005
1015 1.428661351869157E-004 -2.673690425300779E-004
1016 -2.834674986014775E-006 5.305193644036192E-006
1017 -4.530799448514262E-006 8.479248524669090E-006
1018 -3.816737659312722E-007 7.144110551558016E-007
1019 1.544401951172083E-005 -2.890292740539491E-005
1020 4.236371536426748E-004 -7.928224422316993E-004
1021 -5.769850302802978E-005 1.079806407330116E-004
1022 1.793414273373191E-006 -3.356149263265147E-006
1023 -3.269362038325484E-006 6.118682864030265E-006
1024 4.023668571270544E-004 -7.530162131424101E-004
1025 -9.006956211509721E-006 1.685595579727044E-005
1026 -1.256531679392010E-004 2.351555879151247E-004
1027 8.085602461138292E-006 -1.513197219142734E-005
1028 1.151693263864297E-004 -2.155357363497016E-004
1029 -9.789452118621357E-006 1.832055329302117E-005
1030 -6.793616696129954E-005 1.271403849092818E-004
1031 -2.786989779046973E-006 5.216051130580645E-006
1032 1.361721627755549E-006 -2.548614488388640E-006
1033 -4.461680793886278E-006 8.349913590220388E-006
1034 1.087657993198198E-004 -2.035514242325335E-004
1035 1.024669136270447E-004 -1.917632035396609E-004
1036 6.044813878808501E-005 -1.131267676332846E-004
1037 -1.258186667917112E-005 2.354630350208635E-005
1038 -2.732074477727385E-006 5.113278643835724E-006
1039 -4.154909566644698E-004 7.775774760546094E-004
1040 -1.065044167866752E-005 1.993196105902392E-005
1041 2.285709212136327E-004 -4.277627881022851E-004
1042 -6.912793687138327E-005 1.293704510921409E-004
1043 4.183918631454745E-004 -7.830060284374955E-004
1044 -1.012650270202257E-005 1.895125109744553E-005
1045 -1.019020975999760E-004 1.907064945095481E-004
1046 -4.410678437817115E-004 8.254436742088977E-004
1047 -2.143658460714942E-005 4.011783775809044E-005
1048 -4.001424888226300E-006 7.488809739169740E-006
1049 3.494325670660890E-005 -6.539499047530264E-005
1050 1.729611247986262E-005 -3.236914390525973E-005
1051 3.119567110494861E-007 -5.838264154661238E-007
1052 -9.440528929822227E-005 1.766762845205916E-004
1053 5.616371651092083E-006 -1.051066570710026E-005
1054 6.210112724073262E-007 -1.162024951107139E-006
1055 -9.858917838068299E-005 1.845063385839819E-004
1056 1.098798142617603E-004 -2.056364129507982E-004
1057 -1.211286916136020E-004 2.266883816240747E-004
1058 -4.702813872616385E-004 8.801158225308078E-004
1059 -1.424171574246638E-005 2.665298290861374E-005
1060 -7.194645844802017E-005 1.346452789916672E-004
1061 1.443059061903369E-004 -2.700635113494291E-004
1062 -1.466565179666755E-004 2.744627873738140E-004
1063 4.924306632894700E-006 -9.215961388432089E-006
1064 1.546074469135663E-004 -2.893427427020189E-004
1065 2.345509944086033E-004 -4.389542794682591E-004
1066 -1.378023520514036E-004 2.578925288893521E-004
1067 -1.997249021811161E-006 3.737525081650166E-006
1068 -7.354926314153765E-007 1.376480919190720E-006
1069 7.752285033038465E-006 -1.450812615722699E-005
1070 1.014920719232978E-004 -1.899390971602903E-004
1071 -6.561455911647958E-006 1.227943290124892E-005
1072 1.420168995858778E-004 -2.657799985511611E-004
1073 5.881608587427842E-006 -1.100738472285274E-005
1074 -1.218731600206770E-006 2.280808662605040E-006
1075 8.597933779980370E-006 -1.609070613724111E-005
1076 1.764842192500537E-005 -3.302840588558847E-005
1077 -4.026153242990404E-004 7.534811214220623E-004
1078 -1.414474698357442E-005 2.647138785292653E-005
1079 -2.633084016070835E-004 4.927728436144915E-004
1080 -1.222403560939327E-006 2.287718860789185E-006
1081 1.546847971404372E-004 -2.894871938862717E-004
1082 -7.762440000264428E-005 1.452714748976634E-004
1083 6.186535163462952E-006 -1.157763733247362E-005
1084 -2.892083080371134E-004 5.412437362968702E-004
1085 -5.258326583268245E-005 9.840785533865167E-005
1086 3.695663015029499E-006 -6.916421231479801E-006
1087 7.998215687189807E-006 -1.496833246658842E-005
1088 2.801259571389389E-005 -5.242441235237131E-005
1089 -4.170816277145317E-004 7.805545887245624E-004
1090 1.249909554394423E-004 -2.339164194271695E-004
1091 3.615038589234674E-006 -6.765354235559676E-006
1092 3.882445483809674E-006 -7.265831666980601E-006
1093 2.296022514773954E-004 -4.296927586914808E-004
1094 1.578875908793063E-006 -2.954815210981169E-006
1095 5.786751219520517E-005 -1.082971590317487E-004
1096 2.081513931031876E-006 -3.895576858678672E-006
1097 4.712594303084164E-005 -8.819467091230040E-005
1098 7.534791182518015E-005 -1.410113457657908E-004
1099 -5.792479799430914E-005 1.084044617678701E-004
1100 -3.280229362102519E-004 6.138837728869330E-004
1101 -3.205868846439197E-006 5.999763596451184E-006
1102 9.871301031297831E-005 -1.847380707786297E-004
1103 -4.219780786926700E-006 7.897218558723231E-006
1104 2.051023765603776E-004 -3.838420106982816E-004
1105 -8.702107908956725E-007 1.628424105099368E-006
1106 1.228672577406103E-004 -2.299418702374140E-004
1107 -1.965314666625038E-004 3.678023072506490E-004
1108 -1.318126288971931E-005 2.466844352359254E-005
1109 1.247351043396703E-005 -2.334391050217959E-005
1110 2.286631788264349E-004 -4.279355856608399E-004
1111 2.771949165927289E-005 -5.187611115449940E-005
1112 -6.164187303191694E-005 1.153605574326359E-004
1113 2.179124982560126E-007 -4.075145792400772E-007
1114 4.041921380452388E-006 -7.564413636521623E-006
1115 -2.252880361275938E-004 4.216191154063202E-004
1116 1.602673012949550E-006 -2.999342995433697E-006
1117 6.548043600189478E-006 -1.225431669770401E-005
1118 1.454701229672902E-005 -2.722422142610357E-005
1119 1.421554446398004E-004 -2.660391489037818E-004
1120 2.155178857808903E-006 -4.033303093969812E-006
1121 -1.195383848052874E-004 2.237122047238728E-004
1122 -2.377327586925143E-004 4.449086245507624E-004
1123 -3.273987794493328E-006 6.126857748655321E-006
1124 2.287181460603022E-005 -4.280375587826217E-005
1125 -2.051672317952267E-006 3.839300203025308E-006
1126 -2.522774761924950E-006 4.720760615648523E-006
1127 4.318150533068776E-005 -8.081300980945841E-005
1128 1.080912366203329E-006 -2.023004382136786E-006
1129 7.198151768689783E-006 -1.347111156172362E-005
1130 -1.103814044472666E-005 2.065757274681496E-005
1131 -1.421095512340367E-007 2.657406235537551E-007
1132 -1.078342449059016E-004 2.018081206813915E-004
1133 -2.355428621074492E-004 4.408106258214475E-004
1134 4.010311134587694E-006 -7.504883735130503E-006
1135 -2.456497206879372E-006 4.597023036498415E-006
1136 -5.357099211928946E-005 1.002562996569522E-004
1137 -5.215174655740744E-005 9.759989890665460E-005
1138 1.482432764430898E-004 -2.774323679949506E-004
1139 -1.569064840917347E-005 2.936454221852287E-005
1140 2.554502011333437E-004 -4.780663477461634E-004
1141 -6.884846697591844E-007 1.288229842160961E-006
1142 1.468691463790327E-004 -2.748607395359186E-004
1143 -1.134956565701863E-006 2.123782012340801E-006
1144 1.027110261007006E-004 -1.922200814556231E-004
1145 -2.272936131730860E-004 4.253722859914877E-004
1146 -4.796086542455809E-005 8.975730892361882E-005
1147 -1.181739073406189E-005 2.211547825918731E-005
1148 -1.364234311710258E-005 2.553114318124794E-005
1149 2.551532239315043E-004 -4.775104265559641E-004
1150 -2.517045293829319E-006 4.710742347322828E-006
1151 -6.502472228075586E-006 1.216915993018864E-005
1152 4.029299219269651E-006 -7.540663539146511E-006
1153 -8.839889825274576E-005 1.654354921282292E-004
1154 5.297049628295588E-005 -9.913278194551157E-005
1155 6.000952443008316E-006 -1.123038383937148E-005
1156 -1.384517570654109E-004 2.591079842352531E-004
1157 7.449276269639684E-006 -1.394104942635373E-005
1158 -5.732203459473888E-005 1.072760554473700E-004
1159 -3.495398368279725E-006 6.541546104103044E-006
1160 -1.938865425547032E-005 3.628529241159825E-005
1161 1.396871037853321E-004 -2.614195877706992E-004
1162 -1.867652202344301E-005 3.495240779927701E-005
1163 1.327242010820969E-004 -2.483889284002373E-004
1164 1.441159955775105E-004 -2.697083098499318E-004
1165 1.061547317405468E-006 -1.986309354054839E-006
1166 -7.733688416473497E-006 1.447348731757842E-005
1167 -1.851396255766008E-004 3.464828155955379E-004
1168 4.002707762091977E-007 -7.488989121704457E-007
1169 2.568612215969053E-004 -4.807073211139891E-004
1170 -1.491300456033910E-004 2.790918981234921E-004
1171 1.009499038051923E-005 -1.889273077293424E-005
1172 -1.159396214060799E-005 2.169807011169306E-005
1173 -7.314985146899804E-005 1.368975157433289E-004
1174 2.048529672858087E-004 -3.833755810733802E-004
1175 -6.115812190608034E-006 1.144558549136577E-005
1176 -5.477616201051403E-006 1.025138607539050E-005
1177 -1.592706581504878E-005 2.980675604836049E-005
1178 -1.389060281688915E-004 2.599578699750130E-004
1179 -1.633890363137395E-004 3.057771452852966E-004
1180 3.861808261966174E-006 -7.227310252502965E-006
1181 -1.519297035488043E-005 2.843340812877351E-005
1182 1.272095443447139E-004 -2.380681213411050E-004
1183 -7.701128978124933E-006 1.441241025228282E-005
1184 -2.501918440994327E-005 4.682258033847636E-005
1185 -6.882040549286692E-006 1.287963281315357E-005
1186 1.177615133401955E-004 -2.203864918328522E-004
1187 -1.122136250326015E-005 2.100047322259336E-005
1188 5.231569406155247E-006 -9.790508720617453E-006
1189 -6.857097301183747E-005 1.283284650937859E-004
1190 -3.007142920995202E-006 5.627970609817043E-006
1191 -9.408302123776325E-006 1.760740624820982E-005
1192 9.165453560297532E-005 -1.715284474483457E-004
1193 -8.639945348158107E-005 1.616937625038503E-004
1194 3.759063528518780E-006 -7.034902072502276E-006
1195 -9.710239665574412E-008 1.816946163860605E-007
1196 -1.677315096828112E-004 3.139040189386703E-004
1197 -5.993806471301986E-005 1.121720967963735E-004
1198 8.988377571511501E-006 -1.682135546728982E-005
1199 -1.636917689562967E-006 3.063562405108104E-006
1200 7.037113359837378E-006 -1.316989266053712E-005
1201 -1.307630412114535E-004 2.447187475742205E-004
1202 1.216929386782626E-006 -2.277318422571472E-006
1203 1.911540336108990E-004 -3.577382189942161E-004
1204 -3.403119571050934E-005 6.368846711287823E-005
1205 -1.798446700412363E-004 3.365733840148347E-004
1206 2.582066961410923E-005 -4.832240940654265E-005
1207 1.816646755598309E-004 -3.399791935126172E-004
1208 6.598295303185168E-007 -1.234760903556842E-006
1209 3.400741488854812E-006 -6.364206482997403E-006
1210 -4.537674229313306E-005 8.492096635342104E-005
1211 6.936968594199241E-005 -1.298228976772321E-004
1212 -1.115048297232608E-006 2.086820935597364E-006
1213 -4.434632733494458E-005 8.299260523376933E-005
1214 7.723574991837091E-005 -1.445441439115437E-004
1215 -2.097611045894936E-005 3.925626806678436E-005
1216 -3.784030219251276E-006 7.081543368142075E-006
1217 -2.848674628340986E-005 5.331219658204354E-005
1218 -1.749202178082370E-005 3.273551039065504E-005
1219 -1.280352714709520E-004 2.396135141573797E-004
1220 -2.950956630104663E-005 5.522623991594602E-005
1221 1.035968250577382E-004 -1.938778705433364E-004
1222 -3.087050036807579E-006 5.777073344531808E-006
1223 4.829182317555538E-006 -9.037544121936166E-006
1224 -6.772329512856400E-006 1.267412989903166E-005
1225 4.621442349315356E-005 -8.648887459760352E-005
1226 3.810351064974424E-005 -7.130951019565676E-005
1227 4.670548001062938E-006 -8.740729756601845E-006
1228 -1.150239038253848E-005 2.152612258656503E-005
1229 6.137634591123531E-005 -1.148638052991168E-004
1230 -1.176725020123621E-004 2.202200498234007E-004
1231 -2.896170420071667E-005 5.420092823500241E-005
1232 -1.155110453547278E-005 2.161753685289642E-005
1233 9.998239024375915E-005 -1.871139019402572E-004
1234 -3.929640921501886E-006 7.353937611582949E-006
1235 -1.806021942284599E-007 3.381413321891746E-007
1236 -7.218880124026766E-005 1.350989337206898E-004
1237 3.484146024126426E-006 -6.520491007352524E-006
1238 -1.513294194710269E-005 2.832066460610114E-005
1239 4.495930279417581E-006 -8.413990843170793E-006
1240 5.063834146200070E-005 -9.476814853430843E-005
1241 -4.315940225952472E-007 8.077340590105040E-007
1242 -8.222909227957335E-005 1.538890633151351E-004
1243 3.158075176087559E-005 -5.910245784549442E-005
1244 -2.186541856424457E-005 4.092041715888869E-005
