 # The norm of the isolated state is   3455999.99495209     
 # I think there should be     3456000 i.e.    99.9999998539377      %
1 1.779997394159927E-004 -3.331196353288165E-004
2 -1.001722188272897E-002 1.874689320946192E-002
3 2.893945657533002E-005 -5.415925101974689E-005
4 8.687861601487347E-005 -1.625905552271682E-004
5 -9.933452307403813E-003 1.859012465035918E-002
6 -1.849938277905415E-006 3.461865721023191E-006
7 -1.104685848886453E-005 2.067348209619738E-005
8 9.745887316845280E-004 -1.823909206310798E-003
9 -2.340605600954415E-005 4.380390694461177E-005
10 7.684086566380749E-003 -1.438051168210997E-002
11 -1.643510102824462E-005 3.075775417044231E-005
12 -2.551732723571087E-005 4.775475590153915E-005
13 -5.946255134161619E-003 1.112821702949669E-002
14 -1.326623695704545E-004 2.482731516470171E-004
15 9.333974679452915E-004 -1.746822076156933E-003
16 3.912998922974129E-003 -7.323046355311513E-003
17 4.827432062378097E-005 -9.034377619276920E-005
18 -4.290871147474535E-003 8.030221519695322E-003
19 2.765466779630897E-002 -5.175478353051750E-002
20 -8.341367777638251E-005 1.561058764152152E-004
21 9.980829705600420E-003 -1.867878817763899E-002
22 -1.641206333264464E-002 3.071462643139630E-002
23 1.350314925182954E-002 -2.527069117314555E-002
24 -2.109690132014474E-004 3.948214848564702E-004
25 -6.783338831890199E-004 1.269479007828126E-003
26 -5.051944491950336E-003 9.454544327322734E-003
27 -2.804541267784537E-003 5.248605007260272E-003
28 -6.407149547437339E-002 0.119907655831121
29 -3.453725417153990E-002 6.463531326478573E-002
30 1.132898313706383E-002 -2.120181223121159E-002
31 -1.443491519382599E-002 2.701445974652064E-002
32 6.732089469005393E-003 -1.259887971541217E-002
33 1.480889512468971E-003 -2.771435137148020E-003
34 6.353603554769993E-002 -0.118905560624140
35 1.092103330094176E-003 -2.043834785810289E-003
36 7.814065177105889E-004 -1.462376378680170E-003
37 1.532633778652128E-003 -2.868272739913687E-003
38 -5.417594504025625E-003 1.013884644587207E-002
39 4.996054168236751E-002 -9.349947919777747E-002
40 7.224859828966303E-004 -1.352107936292475E-003
41 -7.548933195294188E-002 0.141275753923291
42 1.285172400405625E-003 -2.405158671249609E-003
43 -2.828947450616735E-004 5.294281552872261E-004
44 2.384479198711732E-003 -4.462472851858973E-003
45 1.507112698951393E-004 -2.820510878311848E-004
46 -8.323733941846445E-004 1.557758961619398E-003
47 1.661755267531411E-002 -3.109919221589550E-002
48 -8.357546656643729E-004 1.564086856071188E-003
49 -7.100982796582288E-005 1.328926847956524E-004
50 -5.226488568644291E-004 9.781198576581402E-004
51 1.245045868855589E-002 -2.330061598269368E-002
52 -2.535802295137560E-004 4.745667137801958E-004
53 -1.015961537866601E-002 1.901337917795156E-002
54 3.434026461256534E-004 -6.426670599557994E-004
55 4.651187746373988E-005 -8.704545666585344E-005
56 -3.472386889530659E-004 6.498455820293884E-004
57 -9.984834901792862E-005 1.868630759042168E-004
58 -1.788286877175040E-004 3.346719241471323E-004
59 8.591700376854613E-004 -1.607907908127042E-003
60 1.398794988382253E-004 -2.617797763570792E-004
61 -1.494252075359359E-004 2.796439150174951E-004
62 7.521956718782683E-004 -1.407709002669898E-003
63 1.101478876860141E-004 -2.061379342139576E-004
64 3.081427574996818E-004 -5.766788233432471E-004
65 1.356804952532176E-004 -2.539214884579082E-004
66 -3.297069172764349E-005 6.170353859495778E-005
67 1.879086760618047E-004 -3.516648145210599E-004
68 1.068514382689384E-003 -1.999688890767930E-003
69 4.873803116372170E-005 -9.121159246165944E-005
70 -3.058467811800623E-004 5.723822502186783E-004
71 4.546091704115780E-003 -8.507858043393202E-003
72 -2.179724862850265E-004 4.079282181289139E-004
73 2.238439785452603E-004 -4.189163856308386E-004
74 1.962574570093628E-004 -3.672892955843594E-004
75 1.278553835815683E-003 -2.392770690105182E-003
76 1.491490148908200E-004 -2.791273907595783E-004
77 -8.479282946758310E-003 1.586869397257108E-002
78 3.174230634424844E-004 -5.940467273330240E-004
79 -3.428390353867903E-003 6.416117635528061E-003
80 1.246972700916732E-003 -2.333667610376782E-003
81 -1.210787450637025E-004 2.265947663648615E-004
82 -1.583458064539795E-004 2.963388391614772E-004
83 -1.687703305576128E-003 3.158480111110477E-003
84 4.112000587739359E-005 -7.695478312763924E-005
85 1.830196894540962E-003 -3.425152152707061E-003
86 1.447778650079104E-004 -2.709468166965039E-004
87 -2.374121830004613E-004 4.443089182196829E-004
88 -4.457012599192288E-003 8.341149692636688E-003
89 -2.900944601547641E-003 5.429020549402977E-003
90 2.427285882071120E-005 -4.542588339433797E-005
91 1.563613922176193E-004 -2.926251728834503E-004
92 1.135082703800953E-004 -2.124269185738516E-004
93 4.915953408469779E-003 -9.200041962208800E-003
94 -8.380007016229447E-003 1.568290214994609E-002
95 -2.194923365217636E-004 4.107727446318979E-004
96 2.902843930891393E-004 -5.432576453656634E-004
97 9.626851062812795E-003 -1.801632906641461E-002
98 -1.161065600223786E-002 2.172895344194742E-002
99 -7.178111135496163E-003 1.343359437878742E-002
100 1.352265958865138E-003 -2.530720410236892E-003
101 -2.685292780623906E-003 5.025435437309305E-003
102 -9.274601933089711E-004 1.735710827368566E-003
103 1.223481256721520E-004 -2.289703774900055E-004
104 -3.821801943258989E-003 7.152374207751993E-003
105 8.578349559575301E-005 -1.605409397936937E-004
106 -1.613566863596348E-004 3.019734951643705E-004
107 4.905139507444513E-003 -9.179804135188884E-003
108 -1.251910233782405E-002 2.342908035107214E-002
109 3.421398117472198E-005 -6.403039093507333E-005
110 6.608747318829043E-003 -1.236804905944284E-002
111 -1.775663923802690E-003 3.323095497072273E-003
112 -1.290583461838710E-004 2.415281452760895E-004
113 -6.972213964060868E-005 1.304829425396029E-004
114 -1.085512573461167E-003 2.031500377126824E-003
115 -8.687268092238350E-003 1.625793102613605E-002
116 3.933912825781965E-005 -7.362183625974403E-005
117 3.186919745635292E-003 -5.964213447419328E-003
118 -2.008420627589808E-004 3.758692240605942E-004
119 -1.030727082383291E-002 1.928971182062838E-002
120 1.968428810839114E-002 -3.683848522190300E-002
121 -4.793379780316720E-004 8.970650248162816E-004
122 -9.703604138093623E-003 1.815996981735872E-002
123 7.035310626352236E-004 -1.316634839097269E-003
124 5.729545420012318E-003 -1.072265214316651E-002
125 -9.398834455697629E-005 1.758960051839077E-004
126 -1.329050771231597E-003 2.487273955796172E-003
127 -1.281240071852567E-002 2.397797840558382E-002
128 7.192035027067150E-004 -1.345965157757890E-003
129 1.088055467990838E-004 -2.036259574026223E-004
130 -7.503502750043785E-003 1.404255386596551E-002
131 2.141254818046810E-004 -4.007286796577612E-004
132 -1.851279300055421E-003 3.464607140056125E-003
133 -2.235707419948182E-002 4.184051478305618E-002
134 -1.822392397465737E-004 3.410546321170865E-004
135 2.689587576360240E-002 -5.033472979754888E-002
136 1.134089093972162E-004 -2.122409492623062E-004
137 2.387000262800720E-004 -4.467191060331890E-004
138 4.127780947017163E-003 -7.725003677768692E-003
139 4.930938660648191E-003 -9.228086369522843E-003
140 -1.402528034298263E-004 2.624784549142511E-004
141 -1.720489425503984E-002 3.219838275608013E-002
142 -1.175874324610779E-004 2.200610590310107E-004
143 -1.580320810827620E-002 2.957517414049238E-002
144 -2.783240638672647E-004 5.208742031281447E-004
145 1.923171256374505E-004 -3.599149777882558E-004
146 5.645189661790970E-003 -1.056478320663889E-002
147 -6.206148217336379E-005 1.161459580263776E-004
148 1.993788993625784E-002 -3.731309261508709E-002
149 -3.071117029369361E-004 5.747490581259968E-004
150 1.923064220021816E-002 -3.598950212587919E-002
151 1.680393379405854E-002 -3.144799875239277E-002
152 -2.555913701866242E-003 4.783306842149046E-003
153 -1.032145027846653E-003 1.931624836722761E-003
154 2.090036489363387E-002 -3.911433228049081E-002
155 2.626741523667497E-005 -4.915863808837026E-005
156 9.613792847252381E-003 -1.799189102014314E-002
157 -7.092937652789401E-003 1.327419499591231E-002
158 -1.484950515429616E-004 2.779034364723168E-004
159 3.990534956839966E-005 -7.468183466012490E-005
160 9.328317844383840E-004 -1.745763373314156E-003
161 2.219220048689657E-002 -4.153195924963723E-002
162 2.538458137693805E-003 -4.750639302656619E-003
163 -1.141403765741121E-003 2.136098919874525E-003
164 -6.425085817044835E-003 1.202433270291622E-002
165 1.738974234422001E-002 -3.254431976515824E-002
166 -1.197311823816137E-002 2.240728939478084E-002
167 -1.396912279221077E-004 2.614275059601056E-004
168 -4.163679587512684E-002 7.792186776781972E-002
169 1.162739422586297E-002 -2.176027847184221E-002
170 2.093279263732379E-004 -3.917503402357749E-004
171 -9.392687692792353E-003 1.757810006819623E-002
172 1.550837115543564E-002 -2.902339672070933E-002
173 -4.036648139132944E-005 7.554442095333617E-005
174 1.052177928248523E-003 -1.969115762003832E-003
175 -1.538560616847993E-002 2.879364609751484E-002
176 -5.916729494800690E-004 1.107296065954022E-003
177 5.409619033020196E-005 -1.012392000623815E-004
178 -2.385792464567764E-004 4.464930581344720E-004
179 -3.942415941759391E-004 7.378099164394515E-004
180 1.265166106680674E-002 -2.367715952955783E-002
181 5.206070714758298E-004 -9.742986366078557E-004
182 -2.850975017953791E-003 5.335504170801282E-003
183 5.396268484704109E-002 -0.100989355383877
184 -1.391403101979241E-003 2.603964279908198E-003
185 3.033626353236596E-002 -5.677330019605682E-002
186 2.251247873154413E-004 -4.213134412700853E-004
187 -2.543011672496397E-004 4.759161168644572E-004
188 2.300413328513964E-002 -4.305146417411731E-002
189 8.781668085853839E-004 -1.643459712113220E-003
190 -1.691916269635233E-002 3.166364573389990E-002
191 -8.432791988926399E-004 1.578168865596970E-003
192 -2.147950467996692E-003 4.019817311961031E-003
193 9.569580319929099E-006 -1.790915093846258E-005
194 -2.323836863928381E-002 4.348982793880798E-002
195 -1.604360346151772E-002 3.002506603676931E-002
196 1.944931947739297E-003 -3.639874962861345E-003
197 2.513782716544797E-004 -4.704459964736619E-004
198 -2.275068244663829E-004 4.257712945592127E-004
199 1.033344819058535E-002 -1.933870190447704E-002
200 -5.767026682352111E-004 1.079280068126298E-003
201 -3.386981444742186E-002 6.338622215330834E-002
202 -9.550827739152607E-003 1.787405394127961E-002
203 -2.373528253473289E-003 4.441978700117975E-003
204 -5.758108876579138E-004 1.077610759885753E-003
205 1.761351852601902E-002 -3.296310942713934E-002
206 -2.940330717233333E-004 5.502728974147911E-004
207 -1.872961759741567E-002 3.505185147016469E-002
208 -7.409295887761290E-004 1.386624881631284E-003
209 1.318283050389898E-003 -2.467122485024854E-003
210 -2.119059724543208E-002 3.965749226362347E-002
211 -2.670164909014914E-004 4.997124177834139E-004
212 1.929457356175748E-002 -3.610914753562951E-002
213 1.091097028607516E-003 -2.041951508949639E-003
214 1.437864721060568E-002 -2.690915624191702E-002
215 -5.493989913414403E-003 1.028181788735861E-002
216 -3.452428110577377E-002 6.461103464314394E-002
217 -2.518694302636412E-003 4.713651975083793E-003
218 3.338757852396076E-003 -6.248373626787635E-003
219 3.036371196141148E-002 -5.682466898613463E-002
220 2.974667857502441E-002 -5.566991160844063E-002
221 1.493664431509485E-003 -2.795342794036667E-003
222 1.456642768372218E-002 -2.726058101965658E-002
223 6.131071839483568E-002 -0.114740954191468
224 -1.204771850117951E-003 2.254690114584931E-003
225 2.058854078336478E-002 -3.853076380015403E-002
226 -3.170771235862035E-002 5.933992088937490E-002
227 2.824343606107479E-002 -5.285664363488182E-002
228 4.833984578078663E-004 -9.046639401795323E-004
229 3.926222304383557E-002 -7.347793388140192E-002
230 1.895569634670166E-003 -3.547494981664341E-003
231 -3.398355603567618E-002 6.359908593766975E-002
232 4.001505501731394E-002 -7.488683424258631E-002
233 6.445942530730801E-004 -1.206336482179366E-003
234 2.491642985133069E-003 -4.663026285436621E-003
235 3.149751443910357E-002 -5.894654220560083E-002
236 -7.100152234863456E-004 1.328769656290825E-003
237 -2.631345084445702E-002 4.924474096865453E-002
238 4.518338611438364E-003 -8.455919218550415E-003
239 2.439724037616582E-002 -4.565861736983922E-002
240 -1.403871974228810E-003 2.627299355762169E-003
241 2.134698253348364E-003 -3.995016202461949E-003
242 5.843809477531070E-004 -1.093649347380333E-003
243 -3.423081829856355E-002 6.406182890163872E-002
244 7.004686161451043E-003 -1.310903528058527E-002
245 2.106755099348825E-002 -3.942721528464965E-002
246 7.225803537205849E-002 -0.135228490834448
247 -2.006515041261399E-004 3.755125814149108E-004
248 4.306842606107170E-002 -8.060111539206255E-002
249 1.260735474745036E-003 -2.359424157759888E-003
250 1.071013474567247E-003 -2.004365820293123E-003
251 -2.776443033260450E-003 5.196020144106675E-003
252 -8.710607143039258E-004 1.630160926766017E-003
253 4.644494176514643E-002 -8.692015160119806E-002
254 -2.371233426008782E-003 4.437683884379020E-003
255 1.944769984286918E-003 -3.639571806895012E-003
256 4.306905033578543E-004 -8.060228414791329E-004
257 -7.220880620232203E-003 1.351363600197916E-002
258 5.458019596758529E-002 -0.102145006933399
259 -2.280789385864566E-004 4.268420778137877E-004
260 -3.590301630309002E-002 6.719129116570004E-002
261 -2.721635502357283E-004 5.093449796610570E-004
262 5.718142976468736E-003 -1.070131284773051E-002
263 1.208763563449409E-002 -2.262160472872581E-002
264 -5.019444789314718E-002 9.393722656047451E-002
265 1.808234966852702E-003 -3.384051083945747E-003
266 7.830963317628482E-003 -1.465538528396778E-002
267 2.983844521999421E-002 -5.584164977307444E-002
268 5.417640421446296E-002 -0.101389324141756
269 -2.373601342502100E-002 4.442115341620829E-002
270 -1.445834426945639E-002 2.705830651102971E-002
271 -3.934436545559646E-003 7.363166072096743E-003
272 -5.636050796524872E-004 1.054768020643440E-003
273 -6.847035969622162E-002 0.128139982690438
274 2.729854051969662E-004 -5.108830453468849E-004
275 -4.305577586495327E-002 8.057744100341740E-002
276 -9.515957730509403E-003 1.780879587593434E-002
277 -1.842797489578095E-003 3.448733711226693E-003
278 1.406173365479702E-002 -2.631606308699069E-002
279 -1.991558144996513E-003 3.727134279279136E-003
280 3.255551786055304E-002 -6.092656009877257E-002
281 -0.104949958937207 0.196410330108658
282 1.316080974255992E-002 -2.463001422472722E-002
283 -7.241256297660430E-002 0.135517683786100
284 -1.287930430798230E-003 2.410318607019821E-003
285 1.929849345954265E-004 -3.611647820315224E-004
286 -1.750082110281877E-003 3.275220021970983E-003
287 8.780639486480524E-003 -1.643267244749776E-002
288 1.485113596358657E-003 -2.779340323080057E-003
289 -2.852664150395698E-003 5.338665318348089E-003
290 -1.410149926747007E-002 2.639048302862494E-002
291 -8.439596152711795E-004 1.579442154130620E-003
292 -1.717861418362264E-002 3.214920052414276E-002
293 1.546683239921649E-003 -2.894565770073583E-003
294 1.061932899803704E-003 -1.987371824554141E-003
295 -3.254352383525882E-003 6.090411378926817E-003
296 -2.835333063320719E-002 5.306230784183161E-002
297 -9.879248838734055E-003 1.848868302130048E-002
298 6.045943986386831E-004 -1.131478124481524E-003
299 -1.925878799433072E-002 3.604217617031166E-002
300 9.375830639313115E-003 -1.754655267559629E-002
301 -5.894821330470773E-004 1.103196069676133E-003
302 -1.076094949888679E-003 2.013875612443150E-003
303 6.054562522261140E-002 -0.113309107443241
304 -1.511562228019710E-003 2.828838168164802E-003
305 -2.533296350752859E-003 4.740979074230370E-003
306 1.305023895560935E-002 -2.442308471915359E-002
307 -6.213899276930369E-003 1.162910417417759E-002
308 -1.194653285901338E-002 2.235753575253631E-002
309 1.026667330561432E-002 -1.921373490406781E-002
310 -4.705649318857525E-002 8.806464948307047E-002
311 1.562650205442956E-002 -2.924447474701994E-002
312 -3.856392940033219E-003 7.217110138422088E-003
313 -7.804675884501487E-002 0.146061892350786
314 8.550955827417065E-004 -1.600282744563326E-003
315 6.702117474781302E-003 -1.254278808417236E-002
316 1.637902078257049E-002 -3.065278821735006E-002
317 5.008730491599545E-002 -9.373671217677935E-002
318 7.194130524513488E-003 -1.346357412496264E-002
319 -2.438656642013757E-002 4.563864145125848E-002
320 -0.109927383380309 0.205725412857152
321 2.951950928203171E-004 -5.524477381696945E-004
322 1.421774689660492E-003 -2.660803644826055E-003
323 -2.713359976017239E-002 5.077962208959400E-002
324 7.772676298122743E-004 -1.454630362019887E-003
325 4.674508245208227E-004 -8.748185575524362E-004
326 -3.475644459204524E-003 6.504552057092213E-003
327 8.433775101616115E-005 -1.578352462944714E-004
328 -5.661431444944363E-003 1.059517918916359E-002
329 -2.134733602403619E-002 3.995082366476725E-002
330 2.358674940830837E-002 -4.414181071181444E-002
331 4.791072325884532E-003 -8.966331201683221E-003
332 -5.532547358936443E-002 0.103539769206968
333 -0.107574532755149 0.201322130912084
334 -7.211985783984743E-003 1.349698962856877E-002
335 1.383625535209064E-004 -2.589408341425332E-004
336 3.548960535902465E-002 -6.641760647155880E-002
337 1.841672503372734E-003 -3.446628371487387E-003
338 1.066690571925707E-002 -1.996275634886188E-002
339 1.223853053949009E-003 -2.290399981055247E-003
340 -3.883485481933675E-002 7.267812885023033E-002
341 -8.405005829688688E-003 1.572968666317429E-002
342 1.117933862080132E-002 -2.092175738109742E-002
343 -7.147253322792052E-002 0.133758449760260
344 -7.011653955527872E-002 0.131220753156668
345 1.436204779455577E-002 -2.687809094315107E-002
346 1.354309242181965E-003 -2.534544323221500E-003
347 -1.378472006244668E-003 2.579764132039281E-003
348 -1.025443405036243E-002 1.919082945511179E-002
349 -8.413183367538345E-005 1.574499309787716E-004
350 -1.284903942496124E-002 2.404654644453080E-002
351 -1.549885525536381E-003 2.900558801846555E-003
352 1.732540967100909E-003 -3.242392316050886E-003
353 -4.320052151870543E-004 8.084832973378613E-004
354 1.231727010470738E-002 -2.305135807285528E-002
355 -2.744682897577551E-002 5.136582025829850E-002
356 2.368923865798663E-003 -4.433361596625041E-003
357 -1.131900727075011E-002 2.118314262759918E-002
358 -2.128445230720546E-004 3.983313835741315E-004
359 1.582442668856492E-002 -2.961488392998664E-002
360 6.957916381098976E-004 -1.302150688377223E-003
361 1.934433271611904E-003 -3.620227010534027E-003
362 2.067468999242164E-002 -3.869198918603032E-002
363 -9.398362801757475E-003 1.758872094902874E-002
364 -2.610582653431538E-002 4.885617910867669E-002
365 9.414750749333321E-004 -1.761939058487880E-003
366 1.048998999578949E-003 -1.963166446712893E-003
367 6.637127953691800E-003 -1.242116243498042E-002
368 1.068639295476063E-002 -1.999922613645391E-002
369 -1.472308942304637E-004 2.755376721619240E-004
370 1.814913782413064E-003 -3.396550274157248E-003
371 -1.107218515263965E-003 2.072122364414081E-003
372 -2.027249429379635E-002 3.793929344302754E-002
373 -6.458082555439147E-002 0.120860849680498
374 -2.574462394541808E-004 4.818020305376796E-004
375 -2.453422311233485E-002 4.591497613550161E-002
376 6.774037136620012E-003 -1.267738344413294E-002
377 7.366390447528110E-003 -1.378595272599381E-002
378 -3.221399783379886E-002 6.028741704023075E-002
379 -2.008391488825403E-003 3.758637286973298E-003
380 -6.160463306909197E-003 1.152910059348355E-002
381 2.148301471448355E-002 -4.020474183107482E-002
382 -3.462591292675763E-004 6.480123847092468E-004
383 -8.407949469603123E-003 1.573519550309588E-002
384 -1.291056783750646E-004 2.416169513056844E-004
385 1.755696747349127E-002 -3.285727602540336E-002
386 4.657909974725951E-004 -8.717122083093485E-004
387 5.074670640517202E-003 -9.497075966784944E-003
388 -5.919167723650931E-004 1.107752392982355E-003
389 8.427637290313794E-004 -1.577204145061725E-003
390 1.049014512370408E-002 -1.963195488840951E-002
391 3.375826721373525E-003 -6.317746494460676E-003
392 3.370759297603191E-002 -6.308262996817654E-002
393 -3.247022069321983E-003 6.076692945780704E-003
394 4.322864378023391E-003 -8.090095739390428E-003
395 9.114703087353246E-003 -1.705786119090167E-002
396 5.038515791278577E-004 -9.429413236677842E-004
397 -5.738770890929996E-004 1.073991747185609E-003
398 -1.943109968125598E-002 3.636465174961684E-002
399 1.790054347441241E-002 -3.350026695231660E-002
400 -4.180336247718484E-003 7.823359153864446E-003
401 4.777100813758158E-004 -8.940184112421878E-004
402 -3.217317890085806E-003 6.021102576825512E-003
403 6.350262853979093E-004 -1.188430345035689E-003
404 -1.257158990390052E-002 2.352730906128625E-002
405 -4.913513504973501E-004 9.195475694460596E-004
406 2.571184285211112E-002 -4.811885190618845E-002
407 3.530229467398373E-002 -6.606706083070470E-002
408 1.038417629488939E-002 -1.943363776810216E-002
409 2.831179475428257E-004 -5.298457565026209E-004
410 -6.158069070010305E-004 1.152461990362120E-003
411 -9.487315121832400E-004 1.775519236562702E-003
412 5.420137418434522E-003 -1.014360547969258E-002
413 1.429542282871280E-002 -2.675340456192951E-002
414 1.327322697926477E-003 -2.484039914295534E-003
415 -3.094749113523987E-002 5.791719192463313E-002
416 -1.917925553539960E-004 3.589333362721683E-004
417 1.953276671150309E-004 -3.655491785830911E-004
418 1.599049863121425E-003 -2.992568179714765E-003
419 -1.173045652769143E-002 2.195315611628807E-002
420 6.136804337804245E-004 -1.148482351110852E-003
421 -1.549658458755207E-003 2.900133838904164E-003
422 6.619515257673825E-004 -1.238820126686378E-003
423 4.142891089235162E-002 -7.753281812137909E-002
424 -1.841779621244532E-004 3.446828815533322E-004
425 1.653170369497824E-004 -3.093853000244516E-004
426 5.451612566487028E-003 -1.020251017250659E-002
427 -2.353279478434295E-002 4.404083655663295E-002
428 1.900336926895900E-004 -3.556417267921257E-004
429 8.884574289489054E-005 -1.662718528412203E-004
430 3.240385825146136E-003 -6.064273418510544E-003
431 8.815422032751785E-003 -1.649776681286120E-002
432 -2.016719410617898E-003 3.774222779435812E-003
433 7.405917597143956E-004 -1.385992688725549E-003
434 3.808686560258013E-004 -7.127829147209437E-004
435 -3.038656370970494E-003 5.686743554570596E-003
436 4.055851145739020E-004 -7.590388740649778E-004
437 -3.091729533640491E-003 5.786068163694080E-003
438 3.146844151162039E-002 -5.889213315857705E-002
439 -5.932802975665433E-004 1.110304157131580E-003
440 -6.822163459711353E-004 1.276745012282080E-003
441 -3.049130243765690E-003 5.706345080611802E-003
442 3.883746924664584E-003 -7.268302204901398E-003
443 -5.857083599436133E-004 1.096133602490587E-003
444 1.590002780898540E-002 -2.975636899445429E-002
445 9.583578776798777E-003 -1.793534641577961E-002
446 2.184904542263205E-004 -4.088975845104573E-004
447 -3.669613654123282E-004 6.867559059817310E-004
448 1.026475201880160E-003 -1.921013943007228E-003
449 -1.603372469660231E-002 3.000657817695068E-002
450 4.389903695783547E-004 -8.215557473798238E-004
451 -5.411187642359642E-003 1.012685622024792E-002
452 3.271186909665957E-004 -6.121917276763740E-004
453 9.637037454835771E-004 -1.803539254274374E-003
454 -4.127727685895936E-003 7.724903944801958E-003
455 8.369786331545092E-004 -1.566377434129508E-003
456 -1.360736566841339E-002 2.546572864808428E-002
457 2.912644245000740E-002 -5.450916068829832E-002
458 1.663076042434229E-003 -3.112391055128157E-003
459 8.096193308715688E-003 -1.515175435618552E-002
460 -9.291200835391819E-003 1.738817089438739E-002
461 -3.397023676382484E-004 6.357415635696559E-004
462 -6.190132244841043E-003 1.158462500831932E-002
463 1.093065845464797E-003 -2.045636089369523E-003
464 1.926155380820209E-002 -3.604735232943773E-002
465 -2.208967796464198E-002 4.134009173706992E-002
466 -7.024757706218783E-004 1.314659857386900E-003
467 -4.349639610596568E-004 8.140204923736394E-004
468 -3.772492735114722E-003 7.060093669867219E-003
469 1.024836061305072E-002 -1.917946328891090E-002
470 -3.867826181576872E-002 7.238507018976952E-002
471 -1.368364073373245E-003 2.560847439078817E-003
472 -2.284268157728837E-003 4.274931264923402E-003
473 1.464574383697485E-002 -2.740901860436408E-002
474 -1.513257216353383E-004 2.832010804144654E-004
475 2.534928177601437E-003 -4.744033108581379E-003
476 -1.852724177596010E-004 3.467311114554658E-004
477 -8.039334239825712E-003 1.504534451980276E-002
478 -1.333248800478905E-003 2.495130430540331E-003
479 2.918273817660792E-003 -5.461451621585444E-003
480 3.128253073166133E-004 -5.854420451505226E-004
481 1.298473811146884E-004 -2.430050049360935E-004
482 7.524959970665266E-004 -1.408271014982732E-003
483 -7.657161252279826E-003 1.433012058813339E-002
484 1.116585525402316E-002 -2.089652379304640E-002
485 -3.883390096300256E-003 7.267634430163670E-003
486 -3.673565410920444E-002 6.874954503134949E-002
487 -2.693002577586724E-003 5.039863991896138E-003
488 8.670144719534852E-004 -1.622588547740812E-003
489 -5.506598527053715E-003 1.030541450319409E-002
490 -8.328329776252286E-004 1.558619028012646E-003
491 -2.245697420617943E-002 4.202747421443495E-002
492 1.722863394093934E-004 -3.224281060275132E-004
493 2.789782113037476E-002 -5.220983700891335E-002
494 -1.478595258611854E-002 2.767141446482273E-002
495 1.030330875636492E-004 -1.928230031279958E-004
496 5.722729356375181E-004 -1.070989590919173E-003
497 -1.544917055458761E-002 2.891260477615485E-002
498 -1.621676825755443E-002 3.034913790507994E-002
499 6.860632174828191E-004 -1.283944310036736E-003
500 1.167149436930375E-004 -2.184280382051749E-004
501 -1.360909844126244E-002 2.546897143899671E-002
502 2.278134850671308E-003 -4.263453017619529E-003
503 -4.902451311547927E-004 9.174771320259183E-004
504 -1.004724163144691E-002 1.880307586795939E-002
505 -1.084109868801885E-003 2.028875327995787E-003
506 -1.435311125186739E-002 2.686136644540501E-002
507 -5.525380991350278E-003 1.034056522009352E-002
508 2.431374405681716E-003 -4.550235670455655E-003
509 -4.945478952350304E-004 9.255298320804782E-004
510 -3.592239981611335E-004 6.722765806452930E-004
511 7.045172148150285E-003 -1.318480346925749E-002
512 2.253578178650893E-002 -4.217495996301993E-002
513 5.003365295331953E-004 -9.363630384995635E-004
514 -5.957401918921950E-005 1.114906163241288E-004
515 -1.975978526710428E-002 3.697977570528876E-002
516 -2.534991657915358E-002 4.744151892800339E-002
517 2.885620579624614E-004 -5.400341934866625E-004
518 -2.478460889477161E-004 4.638356327729416E-004
519 -2.670540499707122E-002 4.997827062909735E-002
520 1.654688788029956E-004 -3.096694606948065E-004
521 -4.296234232280953E-003 8.040258332286557E-003
522 1.820292493212058E-002 -3.406616375193736E-002
523 1.264368284027629E-003 -2.366222930955495E-003
524 -5.097909130050208E-003 9.540566065813700E-003
525 1.402504795806194E-002 -2.624740698316175E-002
526 -2.344213463182475E-003 4.387116888462376E-003
527 1.312433410614293E-002 -2.456175134569585E-002
528 -6.424772990547375E-003 1.202374723404608E-002
529 -1.829757551974552E-002 3.424329910562564E-002
530 3.509720232578868E-004 -6.568323984795267E-004
531 4.716889557619702E-004 -8.827499856196386E-004
532 3.451429077002937E-003 -6.459233840656151E-003
533 -3.373928292318102E-005 6.314196451988373E-005
534 1.542632007137783E-004 -2.886984066032990E-004
535 1.080980796057928E-002 -2.023019316868399E-002
536 -1.052557775245611E-003 1.969826639016165E-003
537 1.014343363060308E-003 -1.898309586094621E-003
538 -9.775137256120144E-003 1.829384172145248E-002
539 -9.668827390402158E-005 1.809488996108155E-004
540 -2.696035389551977E-004 5.045539805637603E-004
541 5.495010815981041E-004 -1.028372781222219E-003
542 -4.955838230192099E-004 9.274685688535926E-004
543 -4.786854118459347E-003 8.958436995713829E-003
544 -1.459763707138122E-004 2.731899083259147E-004
545 -2.716110293003899E-006 5.083038892532073E-006
546 1.010002181244446E-003 -1.890185215623200E-003
547 -2.590455594038109E-004 4.847951141121970E-004
548 -3.946341322844890E-003 7.385445469383729E-003
549 -7.668738217490897E-003 1.435178642004111E-002
550 -2.268124689946239E-003 4.244719371060517E-003
551 -3.176671329074884E-002 5.945033848320882E-002
552 5.320272401332188E-003 -9.956711430368095E-003
553 6.294119071526923E-004 -1.177923260238306E-003
554 -1.127414793419512E-002 2.109918986741106E-002
555 1.780595641813404E-005 -3.332308004430528E-005
556 2.440330092636950E-004 -4.566996111491821E-004
557 -3.816442722637940E-004 7.142345310840036E-004
558 2.730100975684062E-002 -5.109292435548488E-002
559 -4.362749195328446E-003 8.164738906049867E-003
560 -2.261890638460472E-003 4.233052507198289E-003
561 -6.828441140834306E-003 1.277919860920872E-002
562 8.300684947810666E-004 -1.553445400400728E-003
563 -1.738032103190352E-002 3.252668794444993E-002
564 -3.245789297607308E-004 6.074385834908498E-004
565 -1.323600023854535E-002 2.477073061477025E-002
566 1.103185890918004E-003 -2.064575445638344E-003
567 -7.856504332999484E-003 1.470318447262142E-002
568 6.484742459504147E-004 -1.213597809321111E-003
569 -4.953367248429492E-004 9.270061118808345E-004
570 1.795367760973180E-003 -3.359970568958383E-003
571 -9.398577796136852E-004 1.758912374564683E-003
572 1.509029360967037E-003 -2.824097833732153E-003
573 -9.491538467271863E-005 1.776309343473592E-004
574 -1.986890653688813E-002 3.718399227778091E-002
575 -5.717693267273208E-004 1.070047273307928E-003
576 -1.006505162414615E-003 1.883640615872417E-003
577 -4.078337261920848E-003 7.632471460507671E-003
578 2.172937734688354E-003 -4.066580191846034E-003
579 1.475136177472658E-002 -2.760667900410510E-002
580 6.696946815544427E-004 -1.253311147540767E-003
581 -1.507574878398223E-003 2.821375813086646E-003
582 3.764371943128333E-004 -7.044895491657298E-004
583 1.905259877716868E-002 -3.565629996659268E-002
584 2.663074435110113E-003 -4.983854290235159E-003
585 3.137394319783491E-002 -5.871528288180619E-002
586 6.967593921577309E-004 -1.303961874941032E-003
587 -2.830796711727185E-005 5.297744153121179E-005
588 -2.389793155106488E-004 4.472418043575827E-004
589 2.233851613621530E-003 -4.180578385117249E-003
590 -1.583752233298802E-003 2.963939166079494E-003
591 2.456717245172269E-002 -4.597663956038552E-002
592 -1.934611677841944E-004 3.620560956236254E-004
593 7.324976065479479E-004 -1.370844710918677E-003
594 1.081491693408517E-004 -2.023975345195818E-004
595 -3.989007472665321E-003 7.465293744525941E-003
596 6.918968008598127E-004 -1.294861643625507E-003
597 -1.437890250683815E-002 2.690963404078907E-002
598 -1.282044619806690E-003 2.399303436089553E-003
599 3.021578036019784E-003 -5.654782003313325E-003
600 7.236956815832736E-003 -1.354372205573941E-002
601 -2.844581753734935E-004 5.323540001016556E-004
602 5.156899436053342E-004 -9.650963728894718E-004
603 -1.598907347587263E-002 2.992301509746129E-002
604 -1.087699765308615E-004 2.035593815491388E-004
605 8.342648723170641E-003 -1.561298739738610E-002
606 -2.193205630799247E-004 4.104510506374104E-004
607 4.121126772605154E-004 -7.712550562202603E-004
608 1.510493013643408E-003 -2.826837044071399E-003
609 -4.783134640787404E-003 8.951476092951424E-003
610 -3.726822243035104E-003 6.974622901219105E-003
611 1.795003167552298E-004 -3.359287899332034E-004
612 -5.206940416910208E-004 9.744614141332734E-004
613 -2.081121809578243E-003 3.894749700699882E-003
614 6.358176890820025E-003 -1.189911485159901E-002
615 1.764357631141242E-004 -3.301936452407398E-004
616 -1.344209673178921E-002 2.515643338576418E-002
617 3.297502306935746E-002 -6.171164999846395E-002
618 -3.404052875845199E-003 6.370570837173507E-003
619 4.588380498876718E-004 -8.587000464012511E-004
620 -9.498576284609495E-004 1.777626698337264E-003
621 -1.708322403239394E-003 3.197068041437436E-003
622 -2.986457478657422E-002 5.589055039892812E-002
623 5.188446850197088E-003 -9.710004340499760E-003
624 1.265123846665786E-003 -2.367636912920481E-003
625 -1.854162884487644E-002 3.470003673121325E-002
626 6.903207012168278E-004 -1.291912034290075E-003
627 -2.306060136782283E-002 4.315714235720108E-002
628 3.319526645627523E-002 -6.212382849654494E-002
629 9.122150733718257E-005 -1.707178859675150E-004
630 1.551817037534403E-004 -2.904173535004098E-004
631 1.692723858203745E-002 -3.167875948464893E-002
632 -2.107289325723358E-002 3.943721313151725E-002
633 -1.762483609967483E-004 3.298428964617076E-004
634 -5.691026066892760E-004 1.065056491167472E-003
635 1.204200700629132E-002 -2.253621263526043E-002
636 7.713832124228575E-003 -1.443617820380212E-002
637 6.209892235448239E-004 -1.162160319546227E-003
638 -1.014660545433845E-002 1.898903193332979E-002
639 2.913976938609099E-005 -5.453408300754180E-005
640 3.554491624000386E-003 -6.652111919104802E-003
641 -7.499026155746915E-004 1.403417623527369E-003
642 -9.115009370601683E-003 1.705843446868287E-002
643 -8.010335725513912E-004 1.499107483882222E-003
644 -6.872520662159178E-003 1.286169197934309E-002
645 6.234425714064017E-004 -1.166751872642044E-003
646 5.234338363326538E-002 -9.795888780421969E-002
647 -5.473736023144732E-004 1.024391254860796E-003
648 -2.776367018184537E-004 5.195877682398997E-004
649 5.614784148185004E-002 -0.105078802693901
650 5.282666421978265E-002 -9.886333089480617E-002
651 -1.893156357420922E-005 3.542971323601418E-005
652 1.805420012342443E-002 -3.378783011668091E-002
653 -1.011475259476709E-004 1.892943148486479E-004
654 -7.076003439197734E-005 1.324250547357977E-004
655 1.949545972335895E-002 -3.648509923807917E-002
656 6.797906601892076E-003 -1.272205430265228E-002
657 -2.295401682479259E-004 4.295763599320847E-004
658 7.466253521203567E-004 -1.397284140672466E-003
659 3.342447482195184E-002 -6.255278423132518E-002
660 7.161304510485082E-003 -1.340214119065065E-002
661 -2.051107888953304E-003 3.838579682638516E-003
662 2.222939930573655E-005 -4.160169343674709E-005
663 7.649624182526541E-005 -1.431603502120398E-004
664 6.742136148084919E-003 -1.261768172647694E-002
665 1.355018039916494E-004 -2.535871016666473E-004
666 -1.452265859951665E-002 2.717866870724063E-002
667 -1.625579568689190E-002 3.042217665202676E-002
668 1.008839812974014E-003 -1.888009913564508E-003
669 3.920851317212646E-004 -7.337741768290141E-004
670 -1.460690300055261E-002 2.733632915048033E-002
671 -7.302479436584914E-005 1.366635452318539E-004
672 1.745465546530344E-002 -3.266580247388268E-002
673 -2.702100892287812E-004 5.056891160887527E-004
674 2.520744326382747E-002 -4.717488513338179E-002
675 -7.074371311350932E-003 1.323944874446923E-002
676 -4.579412677009532E-004 8.570218289002135E-004
677 -6.581460166690786E-003 1.231698193573805E-002
678 2.489681099270657E-004 -4.659354944159577E-004
679 -3.346947315161770E-002 6.263699714319985E-002
680 -9.963915284520390E-003 1.864713341616263E-002
681 -1.746099791194057E-004 3.267765034937130E-004
682 7.784425454586782E-005 -1.456829335355696E-004
683 -5.600705542184377E-003 1.048153264773759E-002
684 2.913129871786511E-005 -5.451825522690705E-005
685 9.822530208954390E-003 -1.838253594405943E-002
686 -3.737521055720046E-004 6.994645334056223E-004
687 -1.207926090551763E-002 2.260593186219350E-002
688 7.494089807865586E-006 -1.402495695176218E-005
689 1.020760293373872E-002 -1.910318673700775E-002
690 -5.661566588602333E-003 1.059543202663108E-002
691 1.022291256193380E-004 -1.913183535462541E-004
692 3.104108065244351E-004 -5.809236689092011E-004
693 -5.226887657107393E-003 9.781945000274515E-003
694 1.207849117628261E-002 -2.260449133592088E-002
695 -1.561824517119465E-004 2.922902329813124E-004
696 1.964657755157893E-004 -3.676791433625930E-004
697 -2.461887385342035E-003 4.607339866749499E-003
698 4.285201502305263E-003 -8.019610781568171E-003
699 7.066989181680973E-003 -1.322563335548534E-002
700 9.205667940370073E-005 -1.722809893974665E-004
701 -5.175774292140444E-003 9.686288053826800E-003
702 -5.487657448196501E-005 1.026996595474538E-004
703 1.256233829653167E-003 -2.350999471675913E-003
704 -5.841106247927020E-005 1.093140101382552E-004
705 -2.204327500410238E-005 4.125324335811395E-005
706 -2.045134745172247E-004 3.827400966678336E-004
707 -2.285150185044992E-004 4.276581802080977E-004
708 1.603173499354605E-003 -3.000285428458272E-003
709 -7.547280960471588E-005 1.412448024738174E-004
710 5.997429283524569E-005 -1.122397208789927E-004
711 -2.743310032683477E-003 5.134012730157179E-003
712 1.699466823860037E-002 -3.180495179341262E-002
713 1.452706245029244E-004 -2.718688908354597E-004
714 -7.389462043664086E-005 1.382912963442178E-004
715 -7.465447824290518E-003 1.397133531078593E-002
716 8.301983999100936E-004 -1.553688473798489E-003
717 3.794065097458978E-004 -7.100465465163189E-004
718 -3.796897648015349E-002 7.105766667689367E-002
719 -2.314232576722060E-004 4.331009793586942E-004
720 -8.538123095580162E-004 1.597881585334314E-003
721 4.371941618492894E-003 -8.181942136793741E-003
722 1.288090707855018E-002 -2.410618545667456E-002
723 -2.919551713469281E-003 5.463843316038899E-003
724 3.262910747172576E-005 -6.106428496540430E-005
725 -6.837679753580505E-004 1.279648712638204E-003
726 6.877915242579009E-005 -1.287177778091790E-004
727 7.822587246612781E-003 -1.463970977958160E-002
728 -9.246789691848574E-005 1.730505402694018E-004
729 -2.529820873613071E-003 4.734474961266572E-003
730 1.447475701522832E-005 -2.708910241857611E-005
731 5.338989001185177E-003 -9.991738574366398E-003
732 5.445121236791811E-004 -1.019036230120058E-003
733 1.249379571122127E-002 -2.338172049771516E-002
734 -5.425342789305388E-003 1.015334684829668E-002
735 2.790125008782796E-004 -5.221625335460514E-004
736 1.315671897342746E-005 -2.462213943796535E-005
737 5.254203137982289E-005 -9.833056895479833E-005
738 -5.950606363203832E-005 1.113635117149393E-004
739 -1.222622974198172E-004 2.288097091592192E-004
740 5.200309930461927E-003 -9.732205703996624E-003
741 5.755745027374319E-003 -1.077168365229620E-002
742 2.416257599439584E-004 -4.521942694257116E-004
743 -7.088696333960923E-003 1.326625747260104E-002
744 6.426959984174674E-005 -1.202784521819751E-004
745 -2.552900003141759E-003 4.777666781861329E-003
746 -1.947268989286033E-004 3.644249994134254E-004
747 7.444444332088555E-003 -1.393202750018015E-002
748 -2.941019832887281E-004 5.504017581846956E-004
749 6.432598182667812E-005 -1.203840544478266E-004
750 5.026270757347490E-005 -9.406516658631289E-005
751 2.123390948474070E-003 -3.973854957165839E-003
752 -6.565775167955212E-005 1.228760829964091E-004
753 3.967756182804271E-003 -7.425522605553081E-003
754 8.418939687559102E-006 -1.575553326739380E-005
755 7.263984073836525E-005 -1.359431212105729E-004
756 -3.275183270430589E-003 6.129395532476913E-003
757 -3.807922632814830E-003 7.126399263639345E-003
758 -8.568046520142419E-006 1.603482904107822E-005
759 -5.127541738975462E-005 9.596015914719147E-005
760 -7.051113133355794E-003 1.319592198331851E-002
761 -1.892473960847243E-003 3.541701502541212E-003
762 4.583475654041144E-004 -8.577822578198975E-004
763 -5.562717351287075E-005 1.041043780361286E-004
764 -7.876594955461279E-005 1.474076076066255E-004
765 -3.514787082995634E-003 6.577806198180550E-003
766 -2.963457926508426E-006 5.545675388498793E-006
767 -5.533336568943716E-003 1.035545410734555E-002
768 4.374282503968134E-003 -8.186322990441242E-003
769 -3.325209155244279E-006 6.223306935586933E-006
770 -4.416273337986747E-005 8.264914450480340E-005
771 -3.648660948484382E-005 6.828330637033119E-005
772 -2.362743686900802E-003 4.421795456841983E-003
773 -8.686849295134155E-005 1.625715818975276E-004
774 2.876660195454086E-004 -5.383573962451313E-004
775 2.634206238509531E-005 -4.929828829453473E-005
776 -1.439295033457253E-003 2.693592616354649E-003
777 1.766738641629687E-003 -3.306392103762220E-003
778 -5.122631730107619E-003 9.586833455679861E-003
779 9.745275315852418E-005 -1.823794814685856E-004
780 2.793824538325205E-003 -5.228548861210960E-003
781 -4.549133814563080E-003 8.513551141561554E-003
782 -6.235932001697464E-003 1.167033755938622E-002
783 8.761678464284975E-006 -1.639736565675362E-005
784 9.037400567617863E-003 -1.691319201723399E-002
785 -6.371531175440624E-005 1.192412476107229E-004
786 1.688176376219869E-003 -3.159365486117683E-003
787 1.229359927474005E-004 -2.300709566761440E-004
788 -6.031279476759965E-003 1.128733711069998E-002
789 -2.760494173164710E-004 5.166172426452416E-004
790 -3.795586078827219E-003 7.103312156075579E-003
791 -5.773129715032461E-005 1.080423289745951E-004
792 9.126375388905039E-004 -1.707970541720437E-003
793 -3.676252879882082E-005 6.879990384389799E-005
794 -8.046337870065833E-004 1.505845131823193E-003
795 2.004845085072013E-005 -3.752004745256708E-005
796 -5.723471602255695E-004 1.071128421526334E-003
797 -5.133558411039663E-004 9.607282671851397E-004
798 -6.392764363898865E-005 1.196383886202300E-004
799 -2.293158835692512E-003 4.291569861818311E-003
800 -6.337476850964257E-005 1.186037284581676E-004
801 -4.096559401003450E-003 7.666573666345113E-003
802 6.866796053145848E-004 -1.285097853367110E-003
803 1.977365755698601E-003 -3.700573781125241E-003
804 7.986514383981499E-005 -1.494651176341924E-004
805 1.448807621172216E-003 -2.711394741184190E-003
806 -8.306216695080692E-006 1.554464253689371E-005
807 1.628318382891341E-005 -3.047386698757987E-005
808 -1.363633337453832E-003 2.551994238650392E-003
809 1.010273389984314E-005 -1.890710238636985E-005
810 -3.727025377932886E-003 6.975003362492418E-003
811 2.587204951035135E-005 -4.841867878156332E-005
812 1.384218363502475E-005 -2.590491977472413E-005
813 -3.692999691651105E-005 6.911346933366205E-005
814 -9.819947715474583E-008 1.836642071885578E-007
815 2.183041234136201E-005 -4.085499131566855E-005
816 -1.160031092639870E-003 2.170959261584889E-003
817 -3.290663542394773E-004 6.158368776932162E-004
818 -2.964367940045258E-004 5.547717699757245E-004
819 2.967291214179993E-005 -5.553206784089743E-005
820 -7.963809998434249E-004 1.490399979883401E-003
821 1.272740469666019E-004 -2.381890454515409E-004
822 -2.337898112799401E-003 4.375297902046257E-003
823 5.839066303556749E-003 -1.092761687019449E-002
824 8.450973080418147E-004 -1.581571277922216E-003
825 -1.017258370233890E-004 1.903762029889437E-004
826 4.095091309684001E-003 -7.663826526644026E-003
827 -1.811802049776087E-004 3.390725283121029E-004
828 4.672877834386130E-003 -8.745134118549895E-003
829 -7.029318088354084E-005 1.315513656267601E-004
830 -3.317038068873824E-005 6.207757499395829E-005
831 7.842297633717642E-005 -1.467664351583197E-004
832 -4.307132686207677E-003 8.060654672174551E-003
833 1.049924023671205E-005 -1.964885848457205E-005
834 -1.764001217745387E-003 3.301269371224679E-003
835 -4.341920959565104E-004 8.125759521699610E-004
836 -3.092718046585092E-006 5.788038606422905E-006
837 1.843060033165747E-003 -3.449225164174616E-003
838 -2.018209458831207E-004 3.777014533834669E-004
839 2.506348064945406E-003 -4.690546376428077E-003
840 6.030471008302732E-005 -1.128582441200029E-004
841 2.356904209554849E-004 -4.410869488989709E-004
842 1.675886641067352E-003 -3.136365608174313E-003
843 -1.426828864682187E-005 2.670250762735470E-005
844 -5.322505978303114E-005 9.960913148937912E-005
845 2.277341120932707E-003 -4.261967548627236E-003
846 2.291928758431168E-003 -4.289267715049480E-003
847 -3.521565220787600E-003 6.590490788140686E-003
848 -1.763712770389144E-005 3.300734206204967E-005
849 -5.923263446656904E-003 1.108518918663724E-002
850 1.044452559220734E-004 -1.954657274559546E-004
851 1.233459719826820E-003 -2.308378570729016E-003
852 -7.019803334623099E-004 1.313732482874645E-003
853 -5.107939353637815E-005 9.559335345528618E-005
854 4.744040118626521E-004 -8.878309045986731E-004
855 4.918935147667987E-005 -9.205597725419514E-005
856 -1.392694599116852E-004 2.606379846772815E-004
857 -1.687510144799886E-004 3.158118606077765E-004
858 3.532823990147655E-003 -6.611561804030782E-003
859 1.358624174452086E-003 -2.542619470287765E-003
860 5.536528370306813E-005 -1.036139991143998E-004
861 1.039212785243856E-005 -1.944856006006678E-005
862 -1.362503039411861E-003 2.549878493918516E-003
863 -5.692474325137414E-005 1.065327537651584E-004
864 3.792046810933024E-004 -7.096689230194573E-004
865 6.234892049441252E-005 -1.166838691738045E-004
866 4.016845712386237E-003 -7.517391772866947E-003
867 3.594653752510479E-005 -6.727287392291344E-005
868 4.832181693869829E-003 -9.043266245621540E-003
869 3.094087333350917E-003 -5.790480667272210E-003
870 5.779958792940485E-006 -1.081716486757244E-005
871 -2.891091370348784E-005 5.410586192372500E-005
872 -2.211905605386286E-003 4.139507427979403E-003
873 -6.790584737103314E-005 1.270834766148958E-004
874 1.645072006487223E-003 -3.078697261351568E-003
875 -2.649114295564637E-005 4.957713618994448E-005
876 -6.339994543430929E-004 1.186508723151062E-003
877 1.535889320888041E-005 -2.874364461324118E-005
878 -6.868599549850994E-004 1.285435325812936E-003
879 2.065432903237747E-003 -3.865388374565219E-003
880 -1.779968627340346E-005 3.331153469049866E-005
881 1.841663456345400E-003 -3.446611446277187E-003
882 2.719382626651556E-005 -5.089233459840345E-005
883 2.798414855316854E-004 -5.237138138579437E-004
884 1.758447072997383E-005 -3.290854937562473E-005
885 1.496817414815442E-005 -2.801239289910143E-005
886 -3.036338270573388E-003 5.682405322031986E-003
887 -1.578825705659041E-005 2.954702996762627E-005
888 -5.062042446287644E-005 9.473456902913965E-005
889 -2.997013443529518E-004 5.608810875893263E-004
890 -1.613518853654544E-004 3.019645944771180E-004
891 -5.900967979015839E-006 1.104312714482370E-005
892 4.524809102387966E-005 -8.468022681796645E-005
893 6.392844332705213E-004 -1.196399489026593E-003
894 -3.950742952300085E-004 7.393683599321380E-004
895 -6.141593217362395E-004 1.149378530892463E-003
896 -3.029783187767541E-003 5.670137599866515E-003
897 9.352530220507789E-004 -1.750294575520947E-003
898 4.614260926363112E-003 -8.635434483246463E-003
899 3.401133624631720E-005 -6.365096841438762E-005
900 -1.849185779266410E-003 3.460689346178019E-003
901 -4.895679081996410E-005 9.162092473704792E-005
902 -1.214988738522750E-005 2.273727815756452E-005
903 4.292052796970569E-004 -8.032431617711785E-004
904 -1.324035545034525E-004 2.477889010529933E-004
905 -4.668223371358178E-005 8.736420402841692E-005
906 6.277150691240159E-005 -1.174749918244281E-004
907 -2.751492888234317E-005 5.149319202059329E-005
908 -1.289960753444264E-003 2.414118046488325E-003
909 -3.117172600888356E-004 5.833683734916484E-004
910 -4.788215539192655E-004 8.960984359717547E-004
911 -7.915190561409806E-004 1.481301576385879E-003
912 4.235575167306930E-004 -7.926735471738564E-004
913 1.798284398081971E-003 -3.365429022855215E-003
914 -4.030178312982096E-004 7.542344391904389E-004
915 -2.406472698256964E-004 4.503634284989059E-004
916 -1.551201914530134E-004 2.903023644496010E-004
917 -2.894952087866554E-003 5.417806062017369E-003
918 -1.765097934256512E-003 3.303321493070702E-003
919 -1.523728255623434E-005 2.851603175841952E-005
920 -8.808881334221845E-004 1.648552566428989E-003
921 8.821513910017988E-005 -1.650917262122734E-004
922 -5.088321805179106E-005 9.522627632002006E-005
923 -1.761807717966902E-004 3.297164809302798E-004
924 -2.463064499201715E-003 4.609542621332527E-003
925 -2.351711191582394E-004 4.401149925075962E-004
926 -4.155004175324724E-005 7.775916306593574E-005
927 2.088387575853365E-003 -3.908347136794341E-003
928 2.449684498880016E-004 -4.584501467766358E-004
929 -2.881331182055035E-004 5.392314033942656E-004
930 -2.605080202436905E-003 4.875320301874570E-003
931 -9.233188271809878E-005 1.727960468726894E-004
932 -6.978909781377662E-005 1.306079402271672E-004
933 2.040148533067955E-003 -3.818069474902361E-003
934 4.314829117807804E-005 -8.075032165814430E-005
935 5.460072252314585E-004 -1.021834238135788E-003
936 -4.754648273615885E-005 8.898151813738083E-005
937 -1.609190104435220E-003 3.011545541754402E-003
938 6.331028655811495E-005 -1.184830848161493E-004
939 3.983817080452382E-006 -7.455550733080712E-006
940 1.884592199570647E-004 -3.526951107117967E-004
941 -2.207841974096063E-004 4.131900630279342E-004
942 5.161741700708693E-003 -9.660026320511734E-003
943 -7.603721661846481E-005 1.423008856697247E-004
944 1.533384946976885E-003 -2.869678680793788E-003
945 2.466435788037155E-005 -4.615842819389953E-005
946 -6.100970640343485E-005 1.141775399267312E-004
947 3.228046351102795E-004 -6.041181290787789E-004
948 -1.212008318417327E-004 2.268234664032255E-004
949 3.416449176966630E-004 -6.393771751390218E-004
950 -2.437711178648118E-003 4.562094817601366E-003
951 -1.865640843632513E-003 3.491484586474750E-003
952 -7.997882090932923E-006 1.496825195136317E-005
953 8.094117040937941E-004 -1.514786600141564E-003
954 -8.450770203471760E-005 1.581533906315600E-004
955 6.352573821628361E-004 -1.188862302464223E-003
956 -3.794973600385145E-004 7.102165975214962E-004
957 -2.315018866125799E-003 4.332480383331678E-003
958 -2.500400626076729E-005 4.679418904389036E-005
959 -1.849296610895752E-003 3.460896115412730E-003
960 -1.753253210365319E-006 3.281126750528480E-006
961 -5.948994681750300E-004 1.113334598041520E-003
962 -5.143271477496622E-006 9.625543212113812E-006
963 2.039426367028675E-005 -3.816717805329185E-005
964 -3.706400965527055E-005 6.936401969894734E-005
965 -1.190804368422684E-003 2.228550662376716E-003
966 1.038990132421711E-004 -1.944436891615061E-004
967 -2.933945930305908E-004 5.490785079294373E-004
968 4.989254244669377E-005 -9.337235081781450E-005
969 -1.290064320689451E-003 2.414312014727253E-003
970 8.447176736442172E-005 -1.580860658430211E-004
971 2.876077853436141E-004 -5.382483231988074E-004
972 1.064408219952755E-003 -1.992004083678835E-003
973 -3.173582023637602E-004 5.939254640593599E-004
974 6.765765593005297E-005 -1.266192812205170E-004
975 -1.110864296943322E-003 2.078945081147264E-003
976 3.130715173572575E-006 -5.859288567705926E-006
977 4.475796078767694E-005 -8.376299328404563E-005
978 2.004214253255857E-003 -3.750819796652178E-003
979 2.152830735795162E-004 -4.028950800258271E-004
980 2.247077541252880E-003 -4.205330241296469E-003
981 7.428241194432100E-004 -1.390170590966247E-003
982 -1.802183163855447E-003 3.372725160259465E-003
983 -4.603954871028826E-006 8.616282201703149E-006
984 -7.213583401052327E-004 1.349997823604630E-003
985 1.545991344750824E-003 -2.893271070085824E-003
986 -1.863301047215835E-005 3.487107560130442E-005
987 1.205551472824461E-003 -2.256149123037593E-003
988 -6.329461222326404E-005 1.184536702992239E-004
989 3.533814420248078E-003 -6.613415547276202E-003
990 -1.626041102244028E-004 3.043082217682555E-004
991 -2.091443613315867E-003 3.914066920842976E-003
992 3.714521175634792E-005 -6.951613394498328E-005
993 3.260837957967748E-003 -6.102548831866545E-003
994 5.783490181313829E-004 -1.082361005657163E-003
995 -4.833245549478609E-005 9.045229300101418E-005
996 -7.844423830870619E-006 1.468043571259521E-005
997 6.341235184208533E-005 -1.186740370608677E-004
998 1.099083467758091E-003 -2.056897782280626E-003
999 -2.648144166148630E-004 4.955913454331067E-004
1000 -8.443892201403208E-004 1.580246458980225E-003
1001 -6.841750197337887E-004 1.280410779124357E-003
1002 7.703465160084963E-004 -1.441677684079257E-003
1003 4.113652222937345E-004 -7.698561928485857E-004
1004 2.074809296004892E-005 -3.882906061594420E-005
1005 1.563620492425026E-005 -2.926257729360223E-005
1006 2.201869925408876E-004 -4.120725041427323E-004
1007 8.960335241415697E-004 -1.676896711282513E-003
1008 1.137556228632168E-003 -2.128898363064702E-003
1009 2.050676526935830E-005 -3.837774441316155E-005
1010 -5.047675196250497E-005 9.446558502332310E-005
1011 1.833844185822708E-005 -3.431991037519106E-005
1012 -1.463633114576123E-006 2.739135882802912E-006
1013 -4.578416601869764E-004 8.568350100306174E-004
1014 -1.926501455176726E-005 3.605365157005980E-005
1015 -7.108127436351105E-004 1.330262237144803E-003
1016 3.091660286048737E-006 -5.786003936238334E-006
1017 -2.529693805994144E-005 4.734246427302321E-005
1018 1.547468371403498E-004 -2.896034318629617E-004
1019 -2.789000011729374E-003 5.219519935351469E-003
1020 1.155200835362036E-003 -2.161919543423888E-003
1021 -4.600206949558253E-004 8.609132037035361E-004
1022 2.557304037790825E-005 -4.785913298621877E-005
1023 -1.965860418974216E-005 3.679009262900738E-005
1024 2.930100904943970E-003 -5.483585689027486E-003
1025 -5.949809329730548E-005 1.113486818307212E-004
1026 1.295908704721732E-004 -2.425250457296316E-004
1027 2.628459158962074E-005 -4.919067918692337E-005
1028 6.278827911060717E-004 -1.175061548175683E-003
1029 1.376834636793707E-004 -2.576699779533528E-004
1030 2.523941164304569E-003 -4.723471197702507E-003
1031 -2.949379311020665E-005 5.519648661582759E-005
1032 -9.454742640003754E-006 1.769449147083981E-005
1033 7.203514053127623E-005 -1.348111148120746E-004
1034 -1.174007023533573E-003 2.197114833755689E-003
1035 -5.238374924058085E-004 9.803442488922445E-004
1036 -1.671646946048576E-003 3.128431027143259E-003
1037 1.382470047996271E-004 -2.587247122652321E-004
1038 4.210937594813719E-006 -7.880599684129698E-006
1039 6.598399258041430E-004 -1.234868186734188E-003
1040 3.232730423826437E-005 -6.049945739256402E-005
1041 -1.743667164948943E-003 3.263214424766362E-003
1042 7.225342634655177E-006 -1.352202688095006E-005
1043 -9.024585801594579E-006 1.688909532702894E-005
1044 1.923759452918875E-006 -3.600404787934631E-006
1045 5.730082215392995E-004 -1.072365573264716E-003
1046 3.954957419902717E-005 -7.401544510206861E-005
1047 -2.968838009315161E-005 5.556074317695268E-005
1048 -6.056232996310394E-005 1.133404289296455E-004
1049 1.035784034958361E-003 -1.938435018804964E-003
1050 -1.825402792854815E-003 3.416179926347282E-003
1051 -3.624449338415793E-005 6.783020470240446E-005
1052 -8.373463620912440E-004 1.567065689172924E-003
1053 -4.778773992234443E-005 8.943300361118902E-005
1054 -7.954240724979151E-006 1.488592366236350E-005
1055 -3.125893710219511E-004 5.850003891313120E-004
1056 4.796118678528728E-004 -8.975776672897541E-004
1057 1.397842790855675E-003 -2.616016156807599E-003
1058 4.210015897032545E-004 -7.878904076954637E-004
1059 3.511810434863062E-005 -6.572237122940018E-005
1060 -5.823166675433824E-004 1.089786137255013E-003
1061 7.916853904677214E-004 -1.481612526123537E-003
1062 -8.037942219084860E-004 1.504273995997305E-003
1063 5.137836569401709E-005 -9.615295700471726E-005
1064 -1.382975750890343E-003 2.588192832865811E-003
1065 -5.588042029638174E-004 1.045783150402368E-003
1066 1.462177452248907E-003 -2.736416083658053E-003
1067 -1.810727315481918E-005 3.388721787943313E-005
1068 1.059424221010508E-005 -1.982673909991070E-005
1069 -9.358006123647194E-005 1.751319677966035E-004
1070 4.055604506403589E-004 -7.589925736883246E-004
1071 3.215556751799383E-005 -6.017834755396514E-005
1072 -2.882892710650581E-003 5.395236696490316E-003
1073 -2.243554551632255E-005 4.198749005236780E-005
1074 -1.418521679350474E-005 2.654719228638161E-005
1075 4.340497917811321E-005 -8.123098562817155E-005
1076 6.473353449075467E-004 -1.211466650368320E-003
1077 -4.263209078496492E-004 7.978452211530159E-004
1078 -2.569438324022126E-005 4.808610070978526E-005
1079 -6.227126231454129E-004 1.165385850809467E-003
1080 -7.423151025832803E-006 1.389220827907769E-005
1081 6.247879211151062E-004 -1.169269843714758E-003
1082 7.188489074709890E-005 -1.345301707813337E-004
1083 1.126029039023085E-005 -2.107330715371177E-005
1084 -1.952215514774976E-003 3.653506065555812E-003
1085 -6.797294648584389E-005 1.272090838977389E-004
1086 -3.290006221682486E-006 6.157149166189236E-006
1087 -4.065313496675861E-005 7.608072339932191E-005
1088 1.921083283747879E-005 -3.595243938249921E-005
1089 3.958761737891029E-004 -7.408692177983950E-004
1090 9.976377958325004E-004 -1.867045783295571E-003
1091 8.495497780362893E-006 -1.589930188108211E-005
1092 -2.386204211616590E-005 4.465672806849005E-005
1093 5.602428314543105E-004 -1.048475582210384E-003
1094 -1.752469171036365E-006 3.279626464463567E-006
1095 8.963065702332864E-004 -1.677407699101088E-003
1096 1.522747741876502E-007 -2.849451850364236E-007
1097 2.704915710309022E-004 -5.062157731147083E-004
1098 5.374322786465479E-004 -1.005786583233669E-003
1099 7.773098720995012E-004 -1.454709229982731E-003
1100 2.417845996465991E-005 -4.524925365649704E-005
1101 1.006218197174763E-005 -1.883102845745871E-005
1102 -2.731270031720502E-004 5.111484320849524E-004
1103 2.899736145541615E-005 -5.426769870907011E-005
1104 -1.709174520321212E-004 3.198662190336379E-004
1105 3.787990497537216E-006 -7.089104339783788E-006
1106 6.008308215674879E-004 -1.124434753462501E-003
1107 8.728746484576557E-004 -1.633555621039588E-003
1108 6.219358239804523E-005 -1.163930620411311E-004
1109 -2.382033822869334E-005 4.457894811863482E-005
1110 -1.990995854460533E-003 3.726082188786373E-003
1111 -2.332199509796067E-004 4.364633417220171E-004
1112 7.423810753788780E-004 -1.389341224009028E-003
1113 7.248044977544494E-006 -1.356430502156187E-005
1114 -3.611536898631634E-005 6.758857792572627E-005
1115 5.196671717434627E-004 -9.725394478995917E-004
1116 2.511548754423757E-005 -4.700280968773606E-005
1117 1.731878323705916E-004 -3.241151430569213E-004
1118 3.057184745962789E-005 -5.721425192816640E-005
1119 2.540785563675065E-004 -4.754995654242378E-004
1120 3.077433175469456E-005 -5.759321903517985E-005
1121 -1.821135564664172E-004 3.408194482629357E-004
1122 -1.334101900425296E-003 2.496726949905704E-003
1123 -1.213970888615151E-005 2.271894841154002E-005
1124 -5.973173400082329E-005 1.117858960359460E-004
1125 1.743227874387488E-005 -3.262407684426840E-005
1126 9.714030109051862E-006 -1.817957320958659E-005
1127 7.244748615020385E-004 -1.355830554315933E-003
1128 9.180764176931160E-005 -1.718149842623917E-004
1129 6.035824095913413E-004 -1.129584049626407E-003
1130 -2.704223743130108E-003 5.060864313369925E-003
1131 -9.764895541243975E-005 1.827468885725524E-004
1132 1.946943301084011E-004 -3.643636332340142E-004
1133 1.248190193284352E-003 -2.335946201926664E-003
1134 6.505084168142897E-006 -1.217390018034997E-005
1135 9.181752938489878E-005 -1.718334302572579E-004
1136 -1.005652353208113E-003 1.882044787600355E-003
1137 -8.868823394954418E-004 1.659770600810525E-003
1138 1.554970572506008E-003 -2.910075176254212E-003
1139 -2.746673830560913E-005 5.140318148645574E-005
1140 2.822992767925601E-004 -5.283135200302860E-004
1141 -4.285530392519279E-005 8.020233848442106E-005
1142 1.733012523972790E-003 -3.243274850943474E-003
1143 -3.668662319401826E-005 6.865796517366597E-005
1144 9.851572852744960E-004 -1.843688765573261E-003
1145 2.998849730387266E-004 -5.612245879419822E-004
1146 -1.849609671409435E-004 3.461482215381010E-004
1147 -1.278521736852594E-005 2.392744352714897E-005
1148 9.535012365508128E-005 -1.784447931593726E-004
1149 -1.266026363712791E-003 2.369325896109120E-003
1150 1.126003787560825E-005 -2.107294365620327E-005
1151 9.868837476102366E-004 -1.846919828217581E-003
1152 -3.967652168886041E-005 7.425310180132949E-005
1153 -8.082665561726732E-004 1.512643709121178E-003
1154 -2.434638124945114E-003 4.556343592828094E-003
1155 -1.804546644140767E-004 3.377148597905616E-004
1156 -1.055205972889927E-004 1.974781987052759E-004
1157 -6.443384465441680E-005 1.205857436630145E-004
1158 -8.288967164205031E-004 1.551252541055940E-003
1159 -1.497674422595282E-004 2.802849277421713E-004
1160 5.001258042607102E-004 -9.359686124415399E-004
1161 -2.825079781044791E-004 5.287043146383528E-004
1162 -3.639694347818320E-005 6.811559799751951E-005
1163 7.784320924875734E-004 -1.456809913471594E-003
1164 5.126740431557039E-004 -9.594523539834545E-004
1165 7.092634591116569E-006 -1.327372315334521E-005
1166 6.068710037232484E-005 -1.135738565002287E-004
1167 -1.346734697457853E-004 2.520370321424188E-004
1168 3.360191541638461E-005 -6.288474383067682E-005
1169 2.180903127499440E-003 -4.081487139712748E-003
1170 9.832092014055436E-004 -1.840043006896475E-003
1171 -4.949947474067385E-005 9.263651926519071E-005
1172 1.788664618016836E-005 -3.347436829634503E-005
1173 -8.133473347907414E-005 1.522153982940613E-004
1174 6.714300795165384E-005 -1.256558718165563E-004
1175 -3.858310294414677E-005 7.220658031112746E-005
1176 7.234552261353367E-004 -1.353922255125927E-003
1177 1.270777813138002E-005 -2.378203224776432E-005
1178 1.656072178498063E-004 -3.099281800170472E-004
1179 2.769484660797978E-004 -5.182998955538103E-004
1180 1.458622989807982E-006 -2.729935998948727E-006
1181 1.095859785913120E-004 -2.050863833590794E-004
1182 -9.188044062098072E-004 1.719511717635691E-003
1183 1.710282767007888E-005 -3.200745350409244E-005
1184 -2.772877908941509E-004 5.189348085424420E-004
1185 -9.856670637396635E-005 1.844642377604622E-004
1186 1.978967570647828E-004 -3.703573507437696E-004
1187 1.395717614202969E-004 -2.612040372816173E-004
1188 -2.329600839681741E-005 4.359765621736113E-005
1189 -8.414863171563984E-004 1.574813269211667E-003
1190 -8.583187179797134E-005 1.606314718988989E-004
1191 4.703135196216803E-005 -8.801748259728185E-005
1192 5.853709391427253E-005 -1.095501816362688E-004
1193 7.358642822303259E-004 -1.377145167363485E-003
1194 -3.618294828069003E-005 6.771502316010655E-005
1195 -9.399984962872203E-006 1.759175239997792E-005
1196 -1.051410653192957E-004 1.967678738834056E-004
1197 -6.304362423564663E-004 1.179840173784236E-003
1198 2.835470202893735E-005 -5.306492308269055E-005
1199 8.014234066409020E-005 -1.499837210869566E-004
1200 -9.413895664366953E-005 1.761777846053330E-004
1201 -6.486377981923176E-004 1.213903893544290E-003
1202 -4.541055535353904E-004 8.498433522619216E-004
1203 -1.920557334641316E-003 3.594258463428545E-003
1204 3.227414398805290E-005 -6.039993041466523E-005
1205 3.370969707968747E-004 -6.308656295661887E-004
1206 -5.135825574378337E-005 9.611521724289153E-005
1207 -5.109675730683709E-005 9.562589245957028E-005
1208 9.323577147336548E-006 -1.744865811615114E-005
1209 -2.384578121743507E-005 4.462650956520043E-005
1210 1.440439495488561E-003 -2.695734421441043E-003
1211 3.470114341348800E-005 -6.494206792712310E-005
1212 8.258322382270395E-005 -1.545517041591422E-004
1213 7.628539399252941E-004 -1.427655640682983E-003
1214 -7.934321539842990E-004 1.484881836059940E-003
1215 2.679128368045507E-004 -5.013898365448055E-004
1216 1.686739595343532E-005 -3.156691862743767E-005
1217 5.046730496598483E-004 -9.444785612883056E-004
1218 2.591883023687891E-004 -4.850622604589532E-004
1219 -2.527041452810841E-004 4.729273304132639E-004
1220 -7.262779225019228E-005 1.359204279731766E-004
1221 -4.737265729195047E-005 8.865656749060579E-005
1222 6.332231198863373E-005 -1.185054551156992E-004
1223 -1.850104690839322E-005 3.462411975170772E-005
1224 -6.982619451853325E-006 1.306785504500990E-005
1225 -1.165496095246147E-003 2.181186884350550E-003
1226 1.240042559255353E-004 -2.320697566070393E-004
1227 -8.290157668071820E-005 1.551474834449966E-004
1228 1.268700214062147E-005 -2.374335209108259E-005
1229 -1.386381966819337E-004 2.594566954789783E-004
1230 1.236335572158176E-003 -2.313760689691943E-003
1231 3.371646810931836E-004 -6.309923841634739E-004
1232 -1.482804995377542E-006 2.775057339883623E-006
1233 7.090089350646097E-004 -1.326886348302203E-003
1234 2.267208664831624E-005 -4.243009288363371E-005
1235 1.173772363272252E-005 -2.196681372205171E-005
1236 -6.933326403656581E-004 1.297548977720996E-003
1237 -8.388474964188609E-005 1.569873104666804E-004
1238 9.247680782414158E-005 -1.730672164818819E-004
1239 4.831889244446111E-005 -9.042718884996628E-005
1240 7.357481585610750E-005 -1.376925965168733E-004
1241 2.588880935173823E-005 -4.845000565956482E-005
1242 -4.226852781046135E-004 7.910412811634109E-004
1243 -1.300292251123456E-003 2.433453504904532E-003
1244 2.468981272209713E-004 -4.620615132080002E-004
