 # The norm of the isolated state is   3455999.99070007     
 # I think there should be     3456000 i.e.    99.9999997309049      %
1 4.057974735359155E-005 -7.594389742001733E-005
2 -1.463142701184356E-005 2.737940644559305E-005
3 1.347861420267340E-005 -2.522540380952538E-005
4 1.576279134769039E-005 -2.949846015189960E-005
5 3.374571407493999E-006 -6.313932712117713E-006
6 -2.168049979789765E-002 4.057432890256406E-002
7 -4.576282970466608E-004 8.564354812770049E-004
8 8.762815395841669E-004 -1.639930299915550E-003
9 3.277675398242331E-004 -6.134058348223512E-004
10 1.132138466167720E-004 -2.118748878325906E-004
11 -7.097580677927806E-004 1.328288429331889E-003
12 -0.469686574875702 0.879002678986685
13 -8.272864723551480E-005 1.548239012740680E-004
14 8.959292037699927E-004 -1.676701492310713E-003
15 -4.160907615646206E-004 7.786999156890300E-004
16 1.009695109049661E-004 -1.889610711442286E-004
17 -7.412236901945349E-004 1.387175299216773E-003
18 7.774751500192794E-006 -1.455020459896394E-005
19 -7.741137612759256E-006 1.448715115475698E-005
20 4.147612239135245E-004 -7.762117262487992E-004
21 7.283647827772785E-006 -1.363110991371388E-005
22 -2.996553354678477E-005 5.607836510112598E-005
23 -2.533476584248229E-005 4.741320415333905E-005
24 -8.022986213392887E-004 1.501474982240366E-003
25 -1.832318338255079E-004 3.429122454833556E-004
26 -3.764112425160490E-004 7.044412706423225E-004
27 -8.402133810930532E-004 1.572431187083272E-003
28 5.700514330448752E-005 -1.066836477756494E-004
29 1.694816442468587E-004 -3.171794159752002E-004
30 4.782142979639298E-004 -8.949620302311028E-004
31 7.879550158633152E-006 -1.474641710071512E-005
32 3.001308706543389E-005 -5.616847813167849E-005
33 8.883081648055416E-005 -1.662438928838551E-004
34 9.216479400991414E-005 -1.724826142201830E-004
35 -6.177962453557781E-004 1.156184925582740E-003
36 2.509932712135670E-004 -4.697257352394313E-004
37 1.124879664681556E-004 -2.105175433403243E-004
38 9.733194616171374E-005 -1.821534802791435E-004
39 -1.728517597648513E-004 3.234858125283556E-004
40 5.878774863189150E-004 -1.100193095301364E-003
41 5.307420200281938E-005 -9.932713842229945E-005
42 -6.002387235034238E-004 1.123326684460525E-003
43 5.027078426142720E-004 -9.408006873607509E-004
44 -2.443772854402556E-006 4.573430142888367E-006
45 -5.233748101508603E-006 9.794783836991426E-006
46 -8.376139849933736E-004 1.567566647997997E-003
47 -4.120251316809449E-005 7.710910474310561E-005
48 -2.151808539983718E-005 4.027038459856191E-005
49 -1.561958686304308E-003 2.923153414521590E-003
50 -1.051407808173359E-004 1.967678169130648E-004
51 1.829880942271109E-005 -3.424569064635888E-005
52 1.073871531402095E-003 -2.009714523340718E-003
53 6.407198364873307E-006 -1.199108139481794E-005
54 -4.219262484437879E-004 7.896207222805248E-004
55 3.131761288302664E-004 -5.860986234321142E-004
56 3.851249329498982E-005 -7.207481328080863E-005
57 5.251725668381509E-004 -9.828429322592518E-004
58 3.580279402637676E-004 -6.700373961305048E-004
59 -1.259318325565658E-005 2.356775122865300E-005
60 -2.899976785033856E-006 5.427218411431606E-006
61 4.484977019480754E-006 -8.393495011116303E-006
62 -1.049610814322607E-005 1.964312330607735E-005
63 -1.204145194430219E-003 2.253517182838552E-003
64 -1.783313405412362E-006 3.337417638039610E-006
65 -4.594137166626775E-005 8.597777339236388E-005
66 1.177768864181299E-003 -2.204154966209151E-003
67 -3.083960836628901E-005 5.771532694528113E-005
68 1.758458809932424E-005 -3.290892400870764E-005
69 -1.063232186216976E-003 1.989803354711508E-003
70 6.513275198511438E-004 -1.218937448375969E-003
71 -1.225412753086558E-005 2.293334310691054E-005
72 -1.255733665303329E-005 2.350063536928915E-005
73 -6.999288770954492E-004 1.309893186678226E-003
74 -1.630198373606868E-004 3.050863203669838E-004
75 3.302479924398741E-005 -6.180482932117004E-005
76 -2.742135423789561E-004 5.131814684286083E-004
77 -1.645539671324782E-005 3.079565923057652E-005
78 2.748071165990806E-004 -5.142924438424968E-004
79 3.197634541546382E-006 -5.984250716534805E-006
80 8.427190152578874E-006 -1.577116606553364E-005
81 -1.426280458511559E-004 2.669235319814955E-004
82 9.033175068380424E-004 -1.690528712587421E-003
83 -1.889342947714543E-004 3.535841676422508E-004
84 -9.252171957699182E-006 1.731518236173311E-005
85 4.025775291223057E-006 -7.534086941423244E-006
86 1.256961571214862E-004 -2.352356724507188E-004
87 -4.131273397010865E-005 7.731542033823200E-005
88 1.331535924013662E-006 -2.491929887376991E-006
89 3.897244479349557E-005 -7.293562809508123E-005
90 1.236012159865872E-003 -2.313155239569273E-003
91 2.699013968770855E-004 -5.051114157950847E-004
92 3.558406146137625E-004 -6.659437770839600E-004
93 -1.523404624473992E-005 2.851003753081443E-005
94 3.333690077329879E-006 -6.238883703468414E-006
95 -9.144578184130606E-004 1.711376921559424E-003
96 -4.037896783396277E-004 7.556788258802501E-004
97 1.447934451348139E-005 -2.709764880560807E-005
98 -1.479267645232645E-005 2.768400353560715E-005
99 1.550602651217663E-006 -2.901921980483306E-006
100 -6.561149225289884E-006 1.227894782169219E-005
101 2.249213629206653E-004 -4.209328149989314E-004
102 -7.548028114607505E-004 1.412587925524322E-003
103 3.604508573441065E-004 -6.745717325448308E-004
104 1.862026640927416E-005 -3.484720641939021E-005
105 -5.181958968824091E-004 9.697862278672186E-004
106 6.667291322094157E-004 -1.247761334906890E-003
107 6.066584712344598E-006 -1.135342173230076E-005
108 -2.859156255223560E-005 5.350815545122641E-005
109 -1.136096233669992E-003 2.126165957954465E-003
110 8.413132941377698E-006 -1.574488180315499E-005
111 -1.804738549761552E-005 3.377507378487096E-005
112 -1.248666787497726E-003 2.336837970736812E-003
113 2.921519867287656E-003 -5.467526647221138E-003
114 -1.657168988145238E-003 3.101336195669999E-003
115 1.980612644591488E-004 -3.706650091497235E-004
116 9.023908695464591E-004 -1.688794259720986E-003
117 -3.321603429468112E-005 6.216268942799667E-005
118 1.728100759438853E-003 -3.234082661441631E-003
119 -2.746763254588647E-005 5.140477112879342E-005
120 3.851247120066138E-005 -7.207478248836935E-005
121 1.778516460079379E-003 -3.328433999054863E-003
122 -2.919303690994951E-006 5.463403793265988E-006
123 1.101813031537778E-003 -2.062006142437846E-003
124 -1.070570506478409E-004 2.003537003430327E-004
125 1.917749534256399E-003 -3.589003711749679E-003
126 -1.126949978824905E-005 2.109050658517597E-005
127 -8.526909285076579E-005 1.595782890742838E-004
128 -7.587781804939114E-004 1.420027915777756E-003
129 -1.722691996886050E-003 3.223960320365867E-003
130 3.289269763967664E-005 -6.155757882479829E-005
131 7.043423060915849E-004 -1.318153044526940E-003
132 1.098717461779020E-005 -2.056213812952834E-005
133 -6.691653111404859E-006 1.252316331778176E-005
134 -1.593043551958960E-004 2.981327531209790E-004
135 2.951432928148200E-006 -5.523494210506292E-006
136 -1.564849827051107E-003 2.928563993273986E-003
137 2.761947495121645E-004 -5.168892094279603E-004
138 2.747945143040478E-005 -5.142688060538644E-005
139 -9.595741912544900E-006 1.795808000256076E-005
140 -7.888722887990640E-004 1.476348115219257E-003
141 6.940524847118829E-006 -1.298892910073232E-005
142 -4.144039024389158E-003 7.755430062469711E-003
143 -1.398029336317352E-005 2.616364089593930E-005
144 1.575035758616544E-003 -2.947626933135335E-003
145 -1.875839621008972E-004 3.510570605287015E-004
146 2.487657387209614E-005 -4.655569467371289E-005
147 7.405014542549152E-004 -1.385823595038771E-003
148 1.112640023525726E-006 -2.082266788592437E-006
149 -1.055661990716145E-004 1.975637103376399E-004
150 -8.729364758882287E-006 1.633670129893450E-005
151 2.496399184361640E-005 -4.671928885988305E-005
152 1.625115585866708E-004 -3.041349205260799E-004
153 7.878696696675852E-004 -1.474471650821501E-003
154 3.192289369762289E-005 -5.974266133584969E-005
155 -6.478232271846201E-004 1.212379417784300E-003
156 -3.384201805664436E-005 6.333416792872595E-005
157 3.557918347099111E-005 -6.658525863534944E-005
158 -2.477002848537099E-003 4.635628014188120E-003
159 -6.476457962547993E-004 1.212047340883863E-003
160 -1.117352821412545E-003 2.091088280543288E-003
161 6.916601427377375E-005 -1.294418819922268E-004
162 -3.314880005385879E-005 6.203686854339474E-005
163 1.038429046754885E-003 -1.943385251186365E-003
164 -2.630831861919675E-004 4.923514179897096E-004
165 -4.172413057561508E-005 7.808529892912739E-005
166 -3.012390731337729E-005 5.637587340598525E-005
167 2.620555688644971E-003 -4.904282095293091E-003
168 4.998130220507169E-005 -9.353843610932050E-005
169 -6.345461582689184E-006 1.187534676798459E-005
170 5.074790862468617E-004 -9.497303465649076E-004
171 4.047687577299183E-006 -7.575079073624681E-006
172 1.237749753393023E-005 -2.316407413090600E-005
173 2.722167810567778E-004 -5.094445726945502E-004
174 -7.751492892795758E-004 1.450665937157969E-003
175 -5.393416846485254E-005 1.009360032828136E-004
176 5.306283155833858E-004 -9.930531177295015E-004
177 1.553377053592587E-004 -2.907092895745132E-004
178 -5.817948877340108E-004 1.088809624978998E-003
179 1.133117745575242E-003 -2.120591880990828E-003
180 -8.491554930640014E-005 1.589165874862054E-004
181 2.409362144358211E-003 -4.509040407183637E-003
182 1.819879419545148E-004 -3.405843454054040E-004
183 1.933826710620905E-007 -3.618763857332568E-007
184 -5.753849078241862E-004 1.076813563819652E-003
185 5.901105381672182E-006 -1.104368902305703E-005
186 5.450605345900161E-004 -1.020062517278673E-003
187 3.642868009813268E-003 -6.817505316793532E-003
188 -4.466086717291943E-005 8.358132925316102E-005
189 1.622983096849560E-003 -3.037358458970481E-003
190 -2.062771677972174E-005 3.860410626079512E-005
191 3.818862918726484E-003 -7.146873763385613E-003
192 -3.332264634424116E-004 6.236222058048478E-004
193 1.223737207966672E-003 -2.290183152933806E-003
194 9.637309622194313E-005 -1.803590968078897E-004
195 -6.940443264018983E-004 1.298880695910156E-003
196 -4.179836181449621E-003 7.822423350980526E-003
197 -2.100076824401354E-004 3.930223099915674E-004
198 -1.148843999134557E-003 2.150023008631790E-003
199 1.161550129607047E-004 -2.173802247721165E-004
200 1.225290279138423E-002 -2.293089741312004E-002
201 -1.301065504734326E-005 2.434893140496197E-005
202 -5.973809722028222E-004 1.117978457685946E-003
203 1.443782730259656E-003 -2.701990984449215E-003
204 -1.090358109684687E-003 2.040568400618572E-003
205 6.304220998322640E-005 -1.179813993607110E-004
206 3.866891812176711E-003 -7.236758227645967E-003
207 -1.422414115009920E-005 2.661997769014591E-005
208 -5.448836526798344E-004 1.019731409381656E-003
209 8.493235925578172E-005 -1.589480487655680E-004
210 1.112070392882874E-005 -2.081198624145412E-005
211 1.974989339425524E-005 -3.696124934261466E-005
212 -4.137636610787458E-007 7.743526083234396E-007
213 -2.212692513138420E-004 4.140980246601530E-004
214 4.936684939190679E-005 -9.238840133922841E-005
215 2.290676664880584E-004 -4.286924813674810E-004
216 -5.654461991687706E-005 1.058214799675530E-004
217 1.989077142304885E-005 -3.722491838810821E-005
218 -2.926221025128832E-004 5.476323796141362E-004
219 2.299400512767684E-005 -4.303252541464113E-005
220 -4.789844146839663E-005 8.964030638642803E-005
221 4.674134963066338E-004 -8.747486779361949E-004
222 1.107786528693857E-003 -2.073185360537866E-003
223 -2.564791426030228E-004 4.799922147335512E-004
224 -9.357300489130350E-005 1.751187668298642E-004
225 -3.221524923136069E-005 6.028976516323667E-005
226 -1.233948911680551E-003 2.309294178626973E-003
227 -1.333407039412958E-003 2.495426504964264E-003
228 -1.569137876323868E-003 2.936588880522075E-003
229 -1.356597467866453E-005 2.538827191584968E-005
230 7.288724712537910E-004 -1.364060385957553E-003
231 8.786516216628770E-005 -1.644366376132557E-004
232 1.675501763432648E-005 -3.135643644392053E-005
233 -7.624410920387059E-004 1.426882940621274E-003
234 3.497123429590203E-004 -6.544749428319216E-004
235 -4.991495669649877E-006 9.341423362293406E-006
236 1.585188367928277E-003 -2.966626867133622E-003
237 9.985294156472109E-005 -1.868713963089847E-004
238 8.538802028038872E-004 -1.598008192906279E-003
239 4.427486176306238E-005 -8.285899902865165E-005
240 -1.227920057903595E-003 2.298011254578351E-003
241 -6.117197834808206E-005 1.144812974879814E-004
242 -7.182982211865212E-004 1.344271038826015E-003
243 -2.478668510757210E-004 4.638743648316110E-004
244 -1.004908529315148E-003 1.880652632366596E-003
245 2.401261318467872E-005 -4.493883051400576E-005
246 -9.726406372410543E-005 1.820263802431301E-004
247 -1.727803355087053E-003 3.233526052849881E-003
248 -1.078260121374629E-005 2.017914672249514E-005
249 2.773572321572806E-004 -5.190647676713494E-004
250 2.720743209819315E-007 -5.091877370164897E-007
251 3.939916019639004E-004 -7.373420828798039E-004
252 -4.293102085787606E-004 8.034396589167703E-004
253 3.660966725632566E-005 -6.851378154190056E-005
254 1.894736300092601E-004 -3.545935468363008E-004
255 -9.940113201580409E-004 1.860258852529767E-003
256 1.692554645429896E-004 -3.167559281100436E-004
257 -2.691982603805215E-005 5.037953618112782E-005
258 1.284534291053435E-006 -2.403819145565666E-006
259 -9.196559589128737E-004 1.721105330441672E-003
260 -1.720586098904848E-005 3.220018487304643E-005
261 1.187342461207795E-003 -2.222071626961142E-003
262 -1.259828582772995E-003 2.357727021532328E-003
263 5.595986577145857E-004 -1.047270175857504E-003
264 -1.599636332122250E-005 2.993687899969753E-005
265 3.693971695137386E-004 -6.913144150527112E-004
266 -2.612923931872901E-004 4.889999397860092E-004
267 -2.650580298477222E-004 4.960471664598385E-004
268 -6.865551675135931E-004 1.284864851840208E-003
269 -1.968186935321567E-003 3.683395803499587E-003
270 -3.640501281578647E-005 6.813072023322103E-005
271 2.294303228652135E-004 -4.293711466897780E-004
272 5.651470592649530E-004 -1.057653796446140E-003
273 2.767294789378247E-007 -5.182173536262687E-007
274 1.404593196217942E-003 -2.628649067352323E-003
275 4.843201007447899E-004 -9.063887264232324E-004
276 -1.592055748120592E-003 2.979478979919056E-003
277 3.547555552435218E-004 -6.639131237832687E-004
278 -4.326555160598156E-005 8.097000801420740E-005
279 -3.389845650518885E-004 6.343982521859623E-004
280 1.018629434086349E-003 -1.906330942962234E-003
281 3.265772953489117E-004 -6.111783308580585E-004
282 1.070102639448988E-003 -2.002661220261807E-003
283 1.329846831145790E-004 -2.488763233215183E-004
284 9.034607159433775E-005 -1.690796572575384E-004
285 -1.184641503926919E-004 2.217017413230830E-004
286 3.554634330489018E-003 -6.652379017577920E-003
287 5.208619688999486E-004 -9.747756958568655E-004
288 5.548566400942865E-005 -1.038395582976317E-004
289 1.347285586562542E-003 -2.521399771126229E-003
290 -2.956290983049347E-004 5.532599238645821E-004
291 -2.760109960756320E-003 5.165453243800682E-003
292 3.644731284990789E-004 -6.820992452229786E-004
293 2.520615067694557E-003 -4.717246615890684E-003
294 5.902487892083943E-004 -1.104630817787472E-003
295 -1.505055128113079E-005 2.816660638550946E-005
296 1.210389798348165E-004 -2.265203295562767E-004
297 -4.133563358890489E-006 7.735804969965464E-006
298 1.132747561942274E-003 -2.119899102761462E-003
299 1.229817846349667E-004 -2.301562395487270E-004
300 5.677032611874845E-004 -1.062437605245445E-003
301 -9.860041996717570E-004 1.845273826089548E-003
302 1.472383994580215E-005 -2.755516386763456E-005
303 -2.167489637279760E-005 4.056374684239211E-005
304 1.659812522329638E-003 -3.106283533677973E-003
305 4.330864368266469E-004 -8.105067633729377E-004
306 -4.678637073496548E-005 8.755908035395462E-005
307 -2.079786295488389E-004 3.892250419049942E-004
308 1.543486128199115E-006 -2.888555751316606E-006
309 -2.188125435931544E-004 4.095003561826538E-004
310 2.722220415966136E-005 -5.094546110979863E-005
311 6.767743664812546E-005 -1.266560883359325E-004
312 -4.029115641047490E-003 7.540354835745374E-003
313 -1.025790858162044E-004 1.919733333229761E-004
314 2.526865150232846E-003 -4.728943435485150E-003
315 -2.468463594224799E-003 4.619646857909176E-003
316 -1.028960648923229E-004 1.925665110075277E-004
317 1.615210415602554E-004 -3.022813391985933E-004
318 -2.063426258625678E-003 3.861633078720384E-003
319 4.130610257920803E-005 -7.730294278325325E-005
320 -8.585485008781332E-005 1.606742004538689E-004
321 -1.093764951141123E-003 2.046944437821298E-003
322 -3.759357106220085E-003 7.035510793754682E-003
323 -2.593427942240880E-004 4.853514127893962E-004
324 1.825048975140434E-003 -3.415517962294423E-003
325 1.343099869467951E-003 -2.513566390551603E-003
326 1.327024701483901E-004 -2.483482281946781E-004
327 1.160068360146309E-003 -2.171029022871385E-003
328 3.995418982301853E-005 -7.477292783334121E-005
329 -6.839768493714845E-005 1.280039928290003E-004
330 4.320334458152245E-005 -8.085355891036598E-005
331 -2.825542433754790E-003 5.287907948693686E-003
332 -2.121054714223773E-004 3.969484705808527E-004
333 3.807380894595220E-005 -7.125365586582305E-005
334 -8.426105315576118E-004 1.576917385740818E-003
335 -4.934383541528020E-004 9.234533534360543E-004
336 -7.998861161301793E-005 1.496960673024601E-004
337 1.360993042492677E-003 -2.547052891402434E-003
338 -1.041114008423139E-005 1.948409051268693E-005
339 2.502813697719260E-004 -4.683931944681140E-004
340 2.023282384094959E-004 -3.786505477816360E-004
341 -1.043880116776906E-003 1.953586633558394E-003
342 -2.205953645933314E-003 4.128368252437160E-003
343 -3.096876226124212E-004 5.795698749372433E-004
344 8.584165611420519E-007 -1.606508864037782E-006
345 1.430311522893749E-004 -2.676780414496200E-004
346 -8.669137162200120E-004 1.622399965200820E-003
347 1.073814907213964E-003 -2.009608568571809E-003
348 -2.207146659986864E-005 4.130600819838318E-005
349 2.133704646795052E-003 -3.993156705760031E-003
350 9.637147115619887E-006 -1.803561150582779E-005
351 -5.503189124211133E-004 1.029903393199059E-003
352 -5.321149910582157E-004 9.958353803511118E-004
353 -2.371212060567309E-003 4.437643873909663E-003
354 -7.035888168171220E-005 1.316742749446794E-004
355 4.201702480965542E-005 -7.863344473860142E-005
356 -3.022124317809611E-004 5.655804206192213E-004
357 1.701594305822675E-005 -3.184481391757868E-005
358 -6.083460232818687E-004 1.138499184238309E-003
359 2.752534671350879E-005 -5.151278765491444E-005
360 1.643793622581903E-003 -3.076304626723931E-003
361 -1.119316677757653E-003 2.094763618891447E-003
362 5.825088590205410E-004 -1.090145841395248E-003
363 1.199960084889484E-003 -2.245685072212143E-003
364 5.074739027675402E-005 -9.497206242459124E-005
365 3.699550866858614E-004 -6.923585486495555E-004
366 9.412715110188475E-006 -1.761559058978740E-005
367 4.534106618473369E-006 -8.485355740079600E-006
368 9.170289582986862E-005 -1.716188730898717E-004
369 1.903665352619025E-003 -3.562645891112741E-003
370 -2.084349531714004E-004 3.900790421663113E-004
371 1.359609517441008E-003 -2.544463599245436E-003
372 -4.065993094061446E-005 7.609372523031491E-005
373 9.182354898748849E-005 -1.718447647960021E-004
374 -2.619046154354882E-004 4.901456988207379E-004
375 1.008829825039757E-003 -1.887991194358365E-003
376 3.895132311594824E-003 -7.289609534138180E-003
377 -1.715094660309266E-004 3.209742171799750E-004
378 -9.803922458457537E-005 1.834771187110058E-004
379 8.223778724459414E-004 -1.539052586895028E-003
380 2.305807644297515E-005 -4.315239993266206E-005
381 -1.739710571077046E-005 3.255812488679605E-005
382 2.419354343488093E-003 -4.527740549569214E-003
383 -6.598888812576254E-005 1.234959881554286E-004
384 9.446544085630835E-004 -1.767889016739574E-003
385 7.964012813827532E-005 -1.490438385355831E-004
386 -1.246109791433026E-003 2.332052691148897E-003
387 5.750012904807447E-005 -1.076095384265990E-004
388 2.894058049848974E-003 -5.416132571571716E-003
389 1.178708235920068E-003 -2.205912988844821E-003
390 6.407390396557046E-006 -1.199123574853802E-005
391 1.433561367170566E-003 -2.682862072876157E-003
392 4.007962110431413E-005 -7.500759327220538E-005
393 1.407456114726099E-003 -2.634006941298248E-003
394 -2.047047460339399E-005 3.830983857657000E-005
395 6.087759955687265E-005 -1.139303697760969E-004
396 -8.546101286300670E-006 1.599375632964506E-005
397 1.683421873669412E-003 -3.150467631389176E-003
398 -3.505677153017263E-005 6.560763232986749E-005
399 -4.529170651407175E-004 8.476191708277817E-004
400 -1.929919235814981E-003 3.611779156639788E-003
401 -3.094054440712295E-004 5.790419437709751E-004
402 3.566855530175664E-005 -6.675250425369608E-005
403 1.207672384451971E-003 -2.260118391528406E-003
404 2.251782647259621E-005 -4.214132543712378E-005
405 4.506913107774157E-004 -8.434536738838989E-004
406 -1.592538756725360E-005 2.980388292149520E-005
407 3.586496002522442E-005 -6.712015818706544E-005
408 4.506756298286707E-006 -8.434214091849169E-006
409 2.969601289132343E-003 -5.557509231836272E-003
410 1.410649620875523E-003 -2.639983482974703E-003
411 -2.787302930519469E-004 5.216344345785207E-004
412 -1.109480508946690E-004 2.076355305228151E-004
413 6.555276913417757E-005 -1.226798377240177E-004
414 -6.341831823327892E-004 1.186852573667864E-003
415 2.243552517051551E-005 -4.198736420511934E-005
416 3.040574868753085E-004 -5.690333895284965E-004
417 2.281504838655372E-004 -4.269759631755548E-004
418 1.897244123873992E-005 -3.550629251580021E-005
419 8.061635371522530E-005 -1.508707491891334E-004
420 1.168697799852093E-003 -2.187178749826166E-003
421 -2.673895443422128E-005 5.004104583925959E-005
422 7.801021441271866E-004 -1.459935014391752E-003
423 -1.227201533931378E-005 2.296682285854509E-005
424 -3.179293244023880E-003 5.949940733879945E-003
425 -2.812185218738731E-003 5.262910334348492E-003
426 1.016935823289011E-004 -1.903161217578530E-004
427 -2.928135014321700E-005 5.479904349052034E-005
428 4.350875734393552E-004 -8.142518146513170E-004
429 1.203808925054044E-003 -2.252888050948735E-003
430 3.226224282160075E-005 -6.037771720274098E-005
431 2.753340180769282E-005 -5.152785525536767E-005
432 -5.630255396332592E-004 1.053683431546057E-003
433 -3.005896763734446E-003 5.625435020159703E-003
434 -5.544428193729556E-004 1.037621141398007E-003
435 -1.670657079656134E-004 3.126578532473861E-004
436 -3.669461277521938E-003 6.867273764235382E-003
437 1.690392138567625E-004 -3.163512173866556E-004
438 7.923227280564784E-005 -1.482805842275990E-004
439 7.351730521270594E-004 -1.375851688312126E-003
440 -6.370922118676344E-005 1.192296584837045E-004
441 -2.663858303941580E-005 4.985323688937063E-005
442 -2.475868855635617E-005 4.633505035167873E-005
443 4.626072040963876E-004 -8.657538808596154E-004
444 -1.294617891316027E-004 2.422834138836931E-004
445 1.433304073998313E-004 -2.682380502632514E-004
446 2.788917522173707E-003 -5.219365632280639E-003
447 3.352398982030844E-003 -6.273902285259219E-003
448 -1.589376520587838E-004 2.974464875460944E-004
449 -5.351935419457551E-005 1.001596622962436E-004
450 -2.023659629925578E-003 3.787211141652126E-003
451 -7.883127703450180E-005 1.475300992894571E-004
452 -6.435159455616048E-005 1.204318516671358E-004
453 1.648470033166843E-004 -3.085056395655490E-004
454 3.994955250869670E-005 -7.476423367408132E-005
455 1.426484442595493E-003 -2.669617782581995E-003
456 8.930657651778382E-004 -1.671342663646764E-003
457 4.429959522463422E-004 -8.290520109090197E-004
458 5.898701177262455E-004 -1.103922151327180E-003
459 -1.594307333569638E-004 2.983692630460131E-004
460 1.474124011334866E-005 -2.758776577417056E-005
461 -6.681907506292579E-004 1.250496618390566E-003
462 3.033503293062417E-005 -5.677101490012401E-005
463 5.436827926901923E-004 -1.017484119005999E-003
464 -6.020680375591029E-006 1.126756557900798E-005
465 9.472151553883366E-005 -1.772681928470818E-004
466 -4.998619404613956E-004 9.354748576577414E-004
467 -1.564366957006794E-003 2.927660334678381E-003
468 -6.498103644893669E-005 1.216098422556210E-004
469 -2.844859496013075E-004 5.324059400444128E-004
470 1.257017291084114E-005 -2.352468983857247E-005
471 -1.756227945904501E-003 3.286721707908236E-003
472 -8.246530063364126E-004 1.543310444064357E-003
473 -2.988271455586285E-005 5.592447643959776E-005
474 1.153701999475443E-003 -2.159114634029424E-003
475 -1.166590077851883E-004 2.183234410167210E-004
476 9.714460696785526E-004 -1.818028747058459E-003
477 -1.771847239786342E-005 3.315952977774538E-005
478 8.597998111231014E-005 -1.609086496291692E-004
479 -3.195025900912683E-005 5.979383294057775E-005
480 4.941048074459168E-004 -9.247005823396511E-004
481 -1.111572537807469E-003 2.080270745835462E-003
482 -4.070491166932394E-005 7.617789188442554E-005
483 -5.758426859754825E-005 1.077670436994478E-004
484 -2.024004836360935E-003 3.787857205148624E-003
485 -4.905127025226843E-003 9.179780764626487E-003
486 -2.639345097119426E-004 4.939446234472991E-004
487 2.446615560856021E-003 -4.578759009176982E-003
488 1.913361068578101E-003 -3.580791102171981E-003
489 2.765715479395125E-005 -5.175938928075672E-005
490 -4.250952677434147E-004 7.955515514112538E-004
491 -7.263421966197329E-005 1.359325341837772E-004
492 3.487679765800169E-003 -6.527075790661080E-003
493 9.991934722524329E-007 -1.870036777441635E-006
494 8.748313635909332E-005 -1.637217008039812E-004
495 -9.046830918563815E-004 1.693084072499322E-003
496 1.945614146769133E-004 -3.641151531939728E-004
497 7.157399427240449E-005 -1.339483380321796E-004
498 6.577639045890379E-005 -1.230983163430272E-004
499 2.621588427190422E-003 -4.906214837331222E-003
500 -1.909878072828487E-003 3.574272770422399E-003
501 6.812337269185852E-005 -1.274906447517368E-004
502 7.413403057801035E-004 -1.387393518190352E-003
503 3.409664168692097E-003 -6.381072250309385E-003
504 1.064213251660690E-005 -1.991640154045759E-005
505 1.014222479925999E-004 -1.898083447879941E-004
506 3.395937958423390E-006 -6.355414953408253E-006
507 1.408831747684465E-005 -2.636579829308869E-005
508 1.674009731883971E-005 -3.132853024164726E-005
509 3.208218686321054E-004 -6.004074260660818E-004
510 1.416186727868591E-003 -2.650345773440825E-003
511 -1.281377953987782E-005 2.398057670200949E-005
512 -7.716686993887005E-006 1.444151754570640E-005
513 1.429754845202240E-003 -2.675738293300324E-003
514 2.657802808463729E-003 -4.973988792416691E-003
515 2.683511959362572E-005 -5.022101037585202E-005
516 -2.054928606670956E-006 3.845755932396497E-006
517 -1.394754397564641E-003 2.610236095885317E-003
518 -1.678618865772080E-003 3.141478962802268E-003
519 6.773027331792205E-005 -1.267549198211690E-004
520 1.070369747390107E-003 -2.003161124578533E-003
521 -4.659052943481937E-003 8.719261405850767E-003
522 -9.533191291275190E-004 1.784104795191107E-003
523 1.070807943981472E-003 -2.003981173641870E-003
524 2.580344002615008E-004 -4.829027598405246E-004
525 -2.846210805483066E-005 5.326589566986886E-005
526 -5.982243817752609E-004 1.119556875415662E-003
527 -1.021681670240282E-004 1.912042619689865E-004
528 -5.509674059478543E-005 1.031117073329377E-004
529 -4.074037245721443E-005 7.624417309393376E-005
530 -7.704095186032932E-004 1.441795601421802E-003
531 3.074385774979036E-003 -5.753609919381344E-003
532 -6.621765107209975E-006 1.239241851300607E-005
533 2.014981067360709E-004 -3.770969489521764E-004
534 9.766156440962525E-005 -1.827703441440347E-004
535 4.887979416495207E-005 -9.147684465126496E-005
536 2.973163566036768E-004 -5.564176154433418E-004
537 -2.348674602170257E-003 4.395465778979783E-003
538 9.011374081699796E-006 -1.686447750665663E-005
539 8.988585447673493E-004 -1.682183650366036E-003
540 -1.370666302816297E-004 2.565156064142000E-004
541 1.110992522759608E-003 -2.079185271028466E-003
542 -6.015906120176598E-004 1.125856687957983E-003
543 -8.920297486827338E-005 1.669403481698630E-004
544 2.808927850876098E-003 -5.256814267594325E-003
545 -9.701375457782086E-004 1.815579905548789E-003
546 -8.614971919514493E-005 1.612263237869017E-004
547 -2.285931051802751E-003 4.278043325719897E-003
548 8.297941645775070E-005 -1.552932084629679E-004
549 -5.643690736573725E-005 1.056197707665507E-004
550 1.895689661548004E-003 -3.547719645731144E-003
551 -2.811347685870980E-004 5.261343991509649E-004
552 1.536345835315053E-004 -2.875219557253160E-004
553 3.962692121779045E-003 -7.416045430404430E-003
554 9.363408425034339E-004 -1.752330500295562E-003
555 3.886572391964825E-003 -7.273589955383597E-003
556 8.401356887282926E-004 -1.572285755888250E-003
557 -2.306222843131392E-004 4.316019060872865E-004
558 8.340746084623807E-005 -1.560942674021093E-004
559 -1.429817757485950E-005 2.675852014036233E-005
560 1.786825335375938E-004 -3.343983686422510E-004
561 5.389245806231284E-005 -1.008579126585008E-004
562 -1.992985787503555E-003 3.729806060682853E-003
563 -1.989303971113732E-004 3.722915482389065E-004
564 3.336193943404912E-003 -6.243575139162754E-003
565 1.514803985204668E-004 -2.834904790828416E-004
566 -2.607030285997769E-003 4.878969773900467E-003
567 -5.141147102537878E-004 9.621484482556768E-004
568 -4.251525761388715E-004 7.956588178774241E-004
569 -1.460831504646572E-003 2.733897222702334E-003
570 2.874144488635461E-005 -5.378862581976599E-005
571 5.466775033802008E-004 -1.023088623962834E-003
572 2.716538006471634E-004 -5.083909847061048E-004
573 3.829409712755634E-004 -7.166611503012436E-004
574 2.325247239941923E-005 -4.351621771179187E-005
575 1.214398078276586E-003 -2.272705158132289E-003
576 4.407787195687665E-005 -8.249026032200910E-005
577 -1.657304551587230E-003 3.101589955726557E-003
578 -2.209417747337723E-003 4.134851266964339E-003
579 -3.998324388120967E-005 7.482734215812961E-005
580 -4.820828830902931E-004 9.022020142679581E-004
581 -6.591156307310281E-006 1.233511548403217E-005
582 -2.917474618518958E-004 5.459955976913915E-004
583 3.907322341015718E-005 -7.312426329846139E-005
584 -5.041782987716789E-005 9.435518749399949E-005
585 5.473848753252817E-006 -1.024397254195157E-005
586 -9.900865770168916E-004 1.852913884970290E-003
587 -2.337635531970060E-004 4.374806484816093E-004
588 4.761199654855165E-004 -8.910425487062267E-004
589 -1.464281441635323E-004 2.740353573201989E-004
590 1.859888407457650E-003 -3.480718808205101E-003
591 1.301925129232386E-004 -2.436508804642909E-004
592 -2.338413857499228E-004 4.376263184049329E-004
593 1.197317662759513E-005 -2.240739746115579E-005
594 -8.854926725569255E-004 1.657169894887338E-003
595 -5.872759380272949E-005 1.099066944011569E-004
596 1.441115553428260E-004 -2.696999508075316E-004
597 -7.524851492480625E-005 1.408250545005742E-004
598 8.086433989942275E-004 -1.513349035824535E-003
599 -9.209494883127905E-006 1.723527017095352E-005
600 1.916879725258276E-005 -3.587377732376848E-005
601 -1.286980965273527E-004 2.408541733655561E-004
602 8.527688960569271E-004 -1.595928413709504E-003
603 1.002022578903541E-005 -1.875250063249800E-005
604 1.091960765193408E-004 -2.043567891506619E-004
605 -4.380901511345151E-006 8.198719646794784E-006
606 -3.632259286399299E-004 6.797651549135584E-004
607 1.313302157761899E-004 -2.457801020432226E-004
608 4.265686351044306E-004 -7.983088944498185E-004
609 1.743449514515824E-004 -3.262807329321105E-004
610 8.513448083719685E-006 -1.593263628574382E-005
611 -7.441625121346346E-004 1.392675179924163E-003
612 -9.563786005801749E-004 1.789830578597717E-003
613 7.413643538566667E-006 -1.387438665522094E-005
614 -2.501129533531050E-005 4.680781993049230E-005
615 5.854973795797139E-004 -1.095738717557343E-003
616 3.315940959614491E-006 -6.205682170931808E-006
617 -1.283621375473930E-005 2.402252205595026E-005
618 -1.186826477224187E-004 2.221105815698199E-004
619 5.115151282187007E-004 -9.572833916546189E-004
620 4.619426890187147E-004 -8.645102664263266E-004
621 -8.395980086516150E-004 1.571279505354406E-003
622 3.550959076266097E-005 -6.645503460519980E-005
623 -3.895158722680621E-005 7.289658295118621E-005
624 -6.569036088550206E-004 1.229373071749237E-003
625 -3.422122887019615E-005 6.404395111441759E-005
626 7.204490774013597E-004 -1.348296298942366E-003
627 9.256188500447174E-006 -1.732261667598258E-005
628 1.531598862195019E-005 -2.866346291051793E-005
629 -9.905358412918574E-004 1.853754654518962E-003
630 -2.211857525325763E-004 4.139417445937385E-004
631 8.175549648232309E-006 -1.530022213465876E-005
632 -1.058946257228812E-006 1.981777430788563E-006
633 -4.511678422763518E-004 8.443454748878116E-004
634 -2.523931640085058E-003 4.723453466916070E-003
635 -4.600585372609237E-005 8.609838688702681E-005
636 -1.511991471994064E-004 2.829641238459252E-004
637 2.501868504957782E-004 -4.682165703789059E-004
638 2.286364062224364E-006 -4.278868654322284E-006
639 5.004495539709113E-004 -9.365745555303304E-004
640 2.644757160761191E-005 -4.949573654128249E-005
641 1.415139596529760E-004 -2.648386084567967E-004
642 -1.080769437605170E-005 2.022619898155333E-005
643 -6.134452480579368E-004 1.148042226687007E-003
644 2.231060396300805E-005 -4.175357602963081E-005
645 -6.176435404400663E-004 1.155899143777819E-003
646 7.785345910030561E-006 -1.456994840095294E-005
647 -1.830627722200985E-004 3.425958623129366E-004
648 -3.079429885904264E-003 5.763049796852790E-003
649 -1.724638272892657E-005 3.227630858195624E-005
650 -9.589498826070415E-006 1.794652797058355E-005
651 -1.164093141033375E-003 2.178561436221521E-003
652 1.105918999540139E-005 -2.069700483294903E-005
653 -6.421394625947932E-004 1.201742427142642E-003
654 -3.151874152031455E-004 5.898626929405116E-004
655 4.999280233438261E-006 -9.355944230287933E-006
656 7.240206374753890E-007 -1.354952706658008E-006
657 2.796470651331523E-005 -5.233485886863641E-005
658 1.355800422541588E-003 -2.537335003482479E-003
659 -1.200786293151676E-004 2.247231044123265E-004
660 4.331156584508868E-004 -8.105614511413749E-004
661 -1.259549603332163E-006 2.357209651417639E-006
662 -3.887335463331637E-004 7.275017773154827E-004
663 3.647723081859204E-004 -6.826589616743495E-004
664 -4.017520769107391E-006 7.518655242147439E-006
665 -9.008725568930484E-004 1.685952785549946E-003
666 1.554372361295237E-006 -2.908953174959956E-006
667 1.500076218393302E-005 -2.807338054487413E-005
668 2.134851697822395E-004 -3.995303040956644E-004
669 -1.418944930017831E-005 2.655507805681357E-005
670 3.493008616605641E-006 -6.537058830349483E-006
671 -4.148179532794123E-005 7.763178663587036E-005
672 4.040200553954847E-006 -7.561021377795202E-006
673 3.741220285460902E-004 -7.001569915702511E-004
674 -1.299728223592436E-005 2.432383213557181E-005
675 4.065973921097795E-005 -7.609336035495191E-005
676 -1.197791284209432E-003 2.241626236428186E-003
677 1.387896511414368E-005 -2.597404648244711E-005
678 -8.182787074744911E-004 1.531381198913434E-003
679 -1.440203510223338E-005 2.695280204157153E-005
680 2.698181755267202E-006 -5.049576450994106E-006
681 -3.449602270628240E-004 6.455814434330176E-004
682 4.989714902551300E-004 -9.338084495255206E-004
683 7.571175831227868E-006 -1.416919704202524E-005
684 -6.680332957894366E-004 1.250201936036976E-003
685 2.032205195254729E-005 -3.803213558926696E-005
686 -5.048520850676607E-004 9.448137220212594E-004
687 2.150914200458347E-005 -4.025359215764446E-005
688 2.390484213139846E-004 -4.473711447287236E-004
689 -1.664121965978158E-006 3.114361844697597E-006
690 -1.146203004176986E-005 2.145078404266585E-005
691 -8.940701438080576E-004 1.673222280774013E-003
692 1.113603544073924E-004 -2.084072848031017E-004
693 -3.953239608354552E-006 7.398324445220997E-006
694 1.791285113927778E-007 -3.351408887775733E-007
695 -3.966862788061814E-004 7.423851320615213E-004
696 9.980857589607084E-005 -1.867883941137941E-004
697 -7.357775048032425E-005 1.376983803363049E-004
698 -4.755467918429566E-005 8.899686216055714E-005
699 -1.426484862268637E-006 2.669623563246875E-006
700 -2.759344665898549E-005 5.164022957754519E-005
701 -1.073962946651111E-006 2.009843149792899E-006
702 6.279990204794432E-004 -1.175279305366091E-003
703 -1.061158389890145E-006 1.985940546120518E-006
704 1.358477823356421E-004 -2.542345250717375E-004
705 1.907838848634490E-004 -3.570456601254778E-004
706 1.621199860111005E-005 -3.034022058976517E-005
707 2.078644147637570E-004 -3.890113076619429E-004
708 2.730174127708756E-005 -5.109425836254591E-005
709 -3.657217226338374E-004 6.844359484445163E-004
710 3.683838935950273E-004 -6.894180261907347E-004
711 4.019867395476194E-006 -7.523041289238613E-006
712 2.852982625217983E-006 -5.339225612997569E-006
713 4.415909401159581E-004 -8.264226880972527E-004
714 -4.505809982367215E-004 8.432472505874428E-004
715 -9.875656574341873E-006 1.848195097546788E-005
716 -2.397341002715342E-005 4.486543062472819E-005
717 -2.961094207643482E-004 5.541588492580740E-004
718 3.515454208171247E-006 -6.579003293085526E-006
719 -6.654155603361288E-004 1.245302934327929E-003
720 1.205517615689054E-005 -2.256051710142120E-005
721 9.274369741512890E-006 -1.735689733986997E-005
722 3.816100588428838E-006 -7.141483044487050E-006
723 -3.250805227393957E-006 6.083838409789897E-006
724 -8.073855577148092E-004 1.510994898553802E-003
725 -3.293165878601324E-006 6.163223157277375E-006
726 5.644233887986679E-004 -1.056299369753482E-003
727 -4.917888720328764E-007 9.204889201212885E-007
728 5.203074410242124E-004 -9.737379334292112E-004
729 -4.276051932015739E-006 8.002334327620046E-006
730 -5.805675728140183E-004 1.086512756388895E-003
731 -6.119669881360101E-006 1.145290343671381E-005
732 -5.920900764796999E-004 1.108076724579556E-003
733 2.734590798595797E-005 -5.117717727904965E-005
734 -4.716320637495992E-005 8.826425089169962E-005
735 -1.108962110831557E-003 2.075385422556900E-003
736 8.078391287779416E-006 -1.511850350864991E-005
737 3.953516087655387E-005 -7.398857515830249E-005
738 9.843830383528211E-004 -1.842240065052874E-003
739 -8.164001978461373E-004 1.527865569125712E-003
740 -5.526179757441296E-006 1.034190925420079E-005
741 -2.470599940549618E-005 4.623611432077328E-005
742 7.697115622563797E-004 -1.440489388659451E-003
743 6.625268295512399E-006 -1.239899298213261E-005
744 9.498110218656312E-005 -1.777538060738402E-004
745 -6.037280344984685E-006 1.129858689656050E-005
746 1.016913607261229E-004 -1.903118125075959E-004
747 1.879191255492517E-005 -3.516885867196225E-005
748 4.906898980856862E-004 -9.183098389570822E-004
749 1.291599593823660E-004 -2.417185550673815E-004
750 -3.489311910388474E-004 6.530127198252185E-004
751 -6.094641479101855E-006 1.140599237820692E-005
752 5.676642151996684E-004 -1.062364680978091E-003
753 7.010014140732773E-006 -1.311901232328812E-005
754 -3.303996340170539E-004 6.183316694293051E-004
755 -4.613274881322863E-004 8.633585861824137E-004
756 -7.525288894510037E-006 1.408354047997839E-005
757 -1.847195969272905E-005 3.456985528301921E-005
758 1.193957445639815E-003 -2.234451559296896E-003
759 3.614868164063243E-004 -6.765102409844396E-004
760 -4.162689546514191E-006 7.790217053989523E-006
761 1.071153948282391E-005 -2.004652783403550E-005
762 1.937059159559866E-004 -3.625141280762465E-004
763 2.144833518566400E-003 -4.013984244168152E-003
764 3.589718649812594E-004 -6.718039313833975E-004
765 2.069481578418511E-005 -3.872952043210580E-005
766 -1.608072905271113E-003 3.009454478938611E-003
767 -1.119182615220724E-005 2.094506994191951E-005
768 -4.943056944589330E-006 9.250801937849940E-006
769 -7.891666875141621E-004 1.476898900621587E-003
770 -2.751260407813777E-006 5.148873780448030E-006
771 3.028037262064331E-003 -5.666870538826087E-003
772 -1.413835453034999E-004 2.645943901615850E-004
773 2.206787229413262E-004 -4.129930045328362E-004
774 2.596380856175514E-005 -4.859040799083780E-005
775 7.453668533185751E-004 -1.394929042899389E-003
776 -4.646896469332015E-004 8.696509933184543E-004
777 -3.759399616667432E-004 7.035589910982164E-004
778 1.433585058141688E-005 -2.682888554272500E-005
779 -2.381398655818519E-004 4.456706836687744E-004
780 -1.869273211587964E-003 3.498282229510384E-003
781 -1.141580043122893E-003 2.136428671881983E-003
782 5.753249333960637E-006 -1.076705091179142E-005
783 9.248235167529405E-004 -1.730776241594251E-003
784 5.155269836003700E-007 -9.648241247987543E-007
785 -2.690278752440977E-005 5.034722634151551E-005
786 -3.211677587396820E-006 6.010640164099512E-006
787 -6.685286968241216E-004 1.251129364737188E-003
788 2.441259334040924E-005 -4.568750339243167E-005
789 -1.144073559028105E-003 2.141095431577858E-003
790 -1.374512137877792E-005 2.572352589363461E-005
791 4.050975800085125E-004 -7.581262680117991E-004
792 1.091445758188225E-005 -2.042612487399264E-005
793 2.161710868010050E-004 -4.045568893789936E-004
794 -2.041600959788655E-005 3.820783288980628E-005
795 2.836601800390001E-004 -5.308605262005948E-004
796 2.886390742487812E-006 -5.401828554709055E-006
797 1.182977040474878E-005 -2.213901792620813E-005
798 -1.900583615051553E-003 3.556878755992139E-003
799 5.528026949140489E-005 -1.034549265538580E-004
800 8.514079049936183E-004 -1.593381311187825E-003
801 -1.337966299306646E-004 2.503963503658980E-004
802 -7.765111695646961E-004 1.453214641583372E-003
803 3.844571478732208E-006 -7.194943766533710E-006
804 -6.096277487461112E-005 1.140897959589421E-004
805 -1.936044114598895E-006 3.623323758280514E-006
806 4.123552221412817E-004 -7.717093711425789E-004
807 -3.402295987978553E-005 6.367295214932454E-005
808 4.534226218431996E-006 -8.485643316235826E-006
809 8.378201243975884E-004 -1.567951882651346E-003
810 -2.461974556073816E-005 4.607542313918956E-005
811 3.513253473390253E-004 -6.574940840766696E-004
812 -7.054707286370669E-005 1.320265078008853E-004
813 1.366169017426629E-003 -2.556739163150868E-003
814 -2.693546684276349E-005 5.040893656676306E-005
815 -1.918667790055603E-004 3.590721676405327E-004
816 -4.344549420800482E-006 8.130780114589494E-006
817 -1.097572723807540E-003 2.054070338339958E-003
818 1.080685598999557E-003 -2.022467206934934E-003
819 -5.552457089211704E-004 1.039123520747266E-003
820 1.065347968783983E-006 -1.993876746491839E-006
821 7.358832616911479E-004 -1.377180849370557E-003
822 -3.363073986318107E-006 6.294002479563864E-006
823 -5.480666409202737E-005 1.025688084477343E-004
824 3.492652274047324E-004 -6.536381607939073E-004
825 2.700945013869690E-004 -5.054724473201401E-004
826 -9.772518394483388E-005 1.828894505858797E-004
827 -2.142042146734296E-003 4.008760238057070E-003
828 -7.776021964669671E-005 1.455256229146582E-004
829 -1.654738536201652E-003 3.096787557609493E-003
830 -3.770928271733552E-003 7.057165695594769E-003
831 1.921550160218240E-003 -3.596116890090656E-003
832 2.426786625013883E-005 -4.541632353310168E-005
833 -3.841613814382650E-004 7.189450518078192E-004
834 -2.543550438256649E-006 4.760176822568668E-006
835 -9.636701741771699E-006 1.803478230953712E-005
836 4.863887152356868E-004 -9.102603488621095E-004
837 -2.031921755576385E-005 3.802695141508545E-005
838 -1.605466778075524E-003 3.004577472524176E-003
839 -8.029420148038952E-005 1.502677903582827E-004
840 1.959677153128838E-004 -3.667471548471083E-004
841 4.969118129583383E-005 -9.299553797337353E-005
842 -1.863133032125026E-005 3.486774140466743E-005
843 -9.525101285411948E-004 1.782591068204516E-003
844 1.983203254977811E-004 -3.711497493381545E-004
845 -2.214794270346888E-005 4.144903305663174E-005
846 2.783606673637481E-006 -5.209196227051267E-006
847 -7.064213915541859E-006 1.322059204243194E-005
848 -6.941071235065298E-004 1.298998343986098E-003
849 -1.241006476906437E-005 2.322502042419524E-005
850 -1.540319818652597E-004 2.882657190259593E-004
851 7.794830336881342E-007 -1.458837068304429E-006
852 4.595405736800079E-006 -8.600008175369242E-006
853 -4.107336214827076E-004 7.686744939574035E-004
854 -1.919769380329848E-005 3.592801183262696E-005
855 8.530622447068383E-004 -1.596477575802870E-003
856 1.025766897453510E-005 -1.919692895599553E-005
857 -1.434729398649435E-003 2.685048111586432E-003
858 -8.446606613594240E-005 1.580755587929230E-004
859 6.555112802439965E-006 -1.226777509890636E-005
860 -1.235958820000044E-004 2.313056738139592E-004
861 -6.817014377628943E-004 1.275781273903789E-003
862 -2.011172262974527E-005 3.763875196686278E-005
863 9.859797128466028E-005 -1.845227999836773E-004
864 8.056972424019384E-006 -1.507830543995505E-005
865 -2.093669725868585E-004 3.918234477472570E-004
866 1.698115388356744E-006 -3.177744317102727E-006
867 -1.471072127790724E-004 2.753062322824616E-004
868 -5.289382530073387E-006 9.898669199302313E-006
869 4.877221691051753E-006 -9.127515252370441E-006
870 5.984252290800393E-004 -1.119932601309519E-003
871 2.259171628879920E-004 -4.227963084944942E-004
872 -1.658547781483805E-005 3.103936976345649E-005
873 8.353088811933701E-004 -1.563252565038061E-003
874 1.927252272771502E-006 -3.606637422156779E-006
875 -2.177968776528302E-004 4.075997915309450E-004
876 1.402861649586468E-005 -2.625365683108034E-005
877 5.293812383635180E-004 -9.907188265532989E-004
878 -3.698239076535335E-007 6.920224499514567E-007
879 -5.204095222134702E-006 9.739690352988093E-006
880 -8.241002991385033E-004 1.542276268907750E-003
881 -5.547519611399972E-006 1.038185859391937E-005
882 -8.143448003709277E-004 1.524019108021284E-003
883 -2.228744333500852E-005 4.170998950642767E-005
884 -1.846099760539654E-003 3.454913972192591E-003
885 -7.713723703270992E-004 1.443597432687955E-003
886 -1.492478902141959E-005 2.793139753501536E-005
887 2.867128998215531E-006 -5.365584073753247E-006
888 -4.089476370007304E-004 7.653319243229941E-004
889 2.019856605213245E-005 -3.780080419206785E-005
890 2.113518314058408E-005 -3.955395948878524E-005
891 8.774835115983450E-004 -1.642180947576925E-003
892 -3.755792220289604E-004 7.028838242327948E-004
893 -4.424429323860417E-004 8.280167561512177E-004
894 -7.200367314880732E-004 1.347524352739323E-003
895 1.243314885458509E-004 -2.326821121087537E-004
896 -3.682490345836870E-005 6.891667282046192E-005
897 6.840541559337073E-006 -1.280144841812508E-005
898 -2.326691315175788E-006 4.353604169936017E-006
899 -3.720789221134330E-004 6.963331525826664E-004
900 -1.491398832936549E-005 2.791115298829143E-005
901 1.328655415321689E-004 -2.486537971962636E-004
902 -9.143277782676269E-005 1.711133247718845E-004
903 4.223038583041656E-005 -7.903261645733722E-005
904 1.505628024748125E-004 -2.817732844057122E-004
905 8.527916012622395E-007 -1.595831444847099E-006
906 -1.861214699647338E-004 3.483200532817245E-004
907 -9.613603616373188E-004 1.799153782899970E-003
908 1.118544805618290E-004 -2.093316214372837E-004
909 -4.007890002960096E-004 7.500630536136609E-004
910 -2.544420855954280E-005 4.761793610615083E-005
911 -3.080951123082294E-005 5.765912769007124E-005
912 -1.457168142269884E-004 2.727043436396161E-004
913 -8.497990690133284E-006 1.590370472807141E-005
914 -2.734824238347620E-004 5.118131484209993E-004
915 5.549210658087365E-004 -1.038516466746647E-003
916 -6.575774287589989E-004 1.230634151113050E-003
917 2.032447117980941E-005 -3.803670365555909E-005
918 -1.888836806966998E-005 3.534889218555298E-005
919 -6.030863952869799E-004 1.128656158835911E-003
920 -3.259202666258456E-005 6.099496701124704E-005
921 -3.613891790740052E-004 6.763277936361684E-004
922 -3.179210888451866E-004 5.949787776408000E-004
923 1.529107658151880E-004 -2.861670173366035E-004
924 -1.705299171621898E-005 3.191407356509964E-005
925 5.012002971863202E-006 -9.379425074945906E-006
926 1.227936182465898E-004 -2.298041170668760E-004
927 3.595781345959742E-005 -6.729359306907346E-005
928 -2.140681287775794E-004 4.006208915924007E-004
929 -6.512406493839643E-006 1.218756115857875E-005
930 2.700980788975130E-005 -5.054782601460715E-005
931 -7.057927085455358E-004 1.320866979460093E-003
932 -2.916410223844873E-005 5.457968676919234E-005
933 1.502937983205932E-006 -2.812977806191441E-006
934 -5.516495159136490E-004 1.032393823109712E-003
935 8.840044724121395E-007 -1.654372508139003E-006
936 -4.855666069359621E-004 9.087215913720596E-004
937 2.758469562950166E-006 -5.162558653252551E-006
938 2.538459357682694E-004 -4.750640631916926E-004
939 -2.108611326670893E-005 3.946202360375997E-005
940 1.073126921522872E-005 -2.008327732373363E-005
941 -3.769051852625278E-004 7.053654212284039E-004
942 -1.077243459460352E-005 2.016032191010875E-005
943 2.434855844529311E-004 -4.556754235952932E-004
944 -3.447681833882364E-006 6.452161265003584E-006
945 8.037082990867244E-004 -1.504112990243847E-003
946 4.522745293113186E-006 -8.464246681254840E-006
947 2.082687877660396E-005 -3.897673149309450E-005
948 -5.131648547329068E-004 9.603705677269259E-004
949 -1.104440654113008E-003 2.066923872689291E-003
950 -9.143426402235519E-005 1.711159968338666E-004
951 -1.865246979851634E-005 3.490732955737044E-005
952 1.713692838862183E-004 -3.207118495770500E-004
953 -1.423158450741736E-004 2.663392914403695E-004
954 -1.431546577614006E-003 2.679091491105103E-003
955 5.081654440301483E-006 -9.510653821915618E-006
956 7.124551279705216E-004 -1.333336313947691E-003
957 -1.277709775126289E-004 2.391190548784483E-004
958 -1.555746972660139E-004 2.911528770861849E-004
959 6.351279728413768E-006 -1.188611055187526E-005
960 8.274805664390776E-004 -1.548601988005559E-003
961 1.528454998388093E-005 -2.860433501804997E-005
962 -8.780784780747033E-004 1.643294162374193E-003
963 -1.006170015108579E-004 1.883014199662866E-004
964 3.020196923364195E-004 -5.652196994941348E-004
965 4.253163259150333E-005 -7.959648405916692E-005
966 6.039047707937276E-004 -1.130187218466125E-003
967 3.868118242551059E-006 -7.239187898197492E-006
968 2.615764959955602E-004 -4.895316837377784E-004
969 1.985148462831244E-005 -3.715147446227933E-005
970 1.199444866845705E-004 -2.244718288683277E-004
971 6.180114207649395E-006 -1.156590098494586E-005
972 -1.975144965513548E-005 3.696418836463347E-005
973 -4.034088703712468E-005 7.549680200323896E-005
974 -2.368561047666612E-004 4.432683550472446E-004
975 -8.568407512495667E-006 1.603575042941383E-005
976 -4.254480901481147E-004 7.962117140106511E-004
977 3.727594940168681E-004 -6.976066153742999E-004
978 -1.416495003313513E-005 2.650990408268242E-005
979 1.809893596495323E-004 -3.387154704886894E-004
980 3.091813493347167E-006 -5.786029046171987E-006
981 2.087461970670230E-005 -3.906610392086867E-005
982 7.440014551090602E-006 -1.392367517472466E-005
983 3.152036865962894E-004 -5.898932469472747E-004
984 4.527722428674381E-006 -8.473555334029250E-006
985 -3.483973348045819E-006 6.519872781948206E-006
986 2.717035952999769E-004 -5.084841029660917E-004
987 3.470604188349280E-005 -6.495124257362093E-005
988 3.498718775384488E-004 -6.547732048494093E-004
989 -4.232523352058214E-005 7.920992620053075E-005
990 -5.006261634896464E-004 9.369049641129969E-004
991 -3.232939853883602E-005 6.050333280282309E-005
992 -1.280961644758981E-003 2.397276648931071E-003
993 1.780503774071545E-005 -3.332135052846281E-005
994 4.621216510021444E-005 -8.648434186378142E-005
995 1.197135033021750E-003 -2.240398087490362E-003
996 -2.106237769592571E-004 3.941752015517384E-004
997 1.468956391411484E-004 -2.749102214412665E-004
998 -7.842959978869867E-006 1.467788874032082E-005
999 -1.927155575639291E-006 3.606541591977378E-006
1000 6.035685320879610E-006 -1.129578699584691E-005
1001 -3.000988187978964E-004 5.616247628092162E-004
1002 -2.697508781953435E-004 5.048297251729680E-004
1003 1.012265199379009E-005 -1.894399624784522E-005
1004 2.637381651949034E-004 -4.935771780203598E-004
1005 2.844446914965138E-005 -5.323288315851241E-005
1006 -2.702199318017534E-004 5.057078018837378E-004
1007 5.691125254667324E-005 -1.065073391578379E-004
1008 1.197661204387320E-005 -2.241414049214540E-005
1009 -3.284710186075137E-004 6.147226591735189E-004
1010 3.302352923653809E-004 -6.180242743840912E-004
1011 -5.463459911127181E-004 1.022468006081072E-003
1012 2.052016083251726E-004 -3.840280459283216E-004
1013 1.169633826548556E-006 -2.188798709344542E-006
1014 1.665968930165610E-004 -3.117805879069054E-004
1015 -1.277136023447368E-005 2.390115627444795E-005
1016 -2.770032416141981E-004 5.184020737608939E-004
1017 9.945359130754963E-005 -1.861241905079385E-004
1018 3.021667155368090E-004 -5.654949210687267E-004
1019 1.922393832043977E-005 -3.597680586663805E-005
1020 7.437894607487362E-006 -1.391932689952973E-005
1021 6.971691652185358E-006 -1.304744848430956E-005
1022 4.313215866074554E-004 -8.072039258857331E-004
1023 3.142078558256174E-004 -5.880292633961420E-004
1024 -2.586406368892480E-006 4.840266165174751E-006
1025 -2.333053696339305E-004 4.366231957583861E-004
1026 -1.537862745902138E-005 2.878062533575423E-005
1027 -6.833896633269836E-004 1.278940770755658E-003
1028 3.514963049228316E-005 -6.578136815649498E-005
1029 4.261826854869217E-004 -7.975868441160136E-004
1030 -1.509034064496584E-005 2.824096572742263E-005
1031 2.157800233860132E-004 -4.038251780476389E-004
1032 2.237403678251000E-004 -4.187221995919048E-004
1033 -2.888865717689283E-004 5.406413788365132E-004
1034 -1.170582140235048E-005 2.190701832325736E-005
1035 -1.506325462441659E-005 2.819057462498133E-005
1036 -2.235614067179125E-006 4.183888366101082E-006
1037 -5.858214358577764E-005 1.096345656745359E-004
1038 -2.485162340259844E-004 4.650896806373447E-004
1039 -4.381698473564435E-006 8.200527041151655E-006
1040 1.544548325362153E-004 -2.890570329228093E-004
1041 4.232489141825772E-006 -7.920929989440707E-006
1042 1.533440672837696E-004 -2.869782014943049E-004
1043 2.587017875845331E-005 -4.841548173388419E-005
1044 4.573053018846063E-004 -8.558317971950354E-004
1045 -4.522673993833352E-006 8.463941408708572E-006
1046 6.850667956564300E-006 -1.282044691127347E-005
1047 -7.026509039566362E-005 1.314986047056582E-004
1048 2.446687882131019E-004 -4.578894854754033E-004
1049 2.153952500354502E-005 -4.031046317944944E-005
1050 8.072671922634589E-006 -1.510774600389895E-005
1051 -4.847081579018910E-004 9.071149824210547E-004
1052 -1.551880539032430E-005 2.904300829377257E-005
1053 -1.970289355154292E-004 3.687330476267573E-004
1054 2.190153535138359E-004 -4.098797436615340E-004
1055 -5.185199769254116E-004 9.703924178016390E-004
1056 -4.322242643010864E-004 8.088933599759664E-004
1057 9.505667921800372E-006 -1.778934161903136E-005
1058 1.917872865036732E-005 -3.589247547889800E-005
1059 -1.902791723677727E-004 3.561010333163581E-004
1060 1.703275632468231E-004 -3.187625754811938E-004
1061 1.413708727659821E-004 -2.645707238772898E-004
1062 2.576609219470603E-005 -4.822046285122620E-005
1063 2.716227211739724E-004 -5.083326182574253E-004
1064 -6.671579480039494E-006 1.248567510673383E-005
1065 1.519219130512350E-006 -2.843308546434241E-006
1066 4.351409483535193E-006 -8.143445869349318E-006
1067 3.327499751532258E-005 -6.227298370351475E-005
1068 -5.999960204540204E-005 1.122872200933969E-004
1069 -8.226412846636742E-006 1.539544848163537E-005
1070 1.958530901791431E-006 -3.665733108662936E-006
1071 -2.254654244902036E-004 4.219509652985483E-004
1072 4.307724466110732E-006 -8.061549797916739E-006
1073 1.608109798231742E-004 -3.009524345397124E-004
1074 5.138611198379930E-005 -9.616733841491942E-005
1075 4.569693270174004E-004 -8.552028967724931E-004
1076 -3.109871234517862E-006 5.820060738361335E-006
1077 1.277241633748312E-005 -2.390318761623220E-005
1078 -5.671275610730220E-005 1.061363340130592E-004
1079 8.308541497474055E-006 -1.554920179115658E-005
1080 -8.039490448607506E-005 1.504563182336678E-004
1081 1.062641393459926E-006 -1.988529392911497E-006
1082 -1.311281752225234E-006 2.454007880355441E-006
1083 -4.502673252203950E-005 8.426606324997798E-005
1084 -4.468345382114647E-007 8.361297111078472E-007
1085 7.134900721111185E-006 -1.335263205406706E-005
1086 -1.251514992078112E-004 2.342167185820359E-004
1087 3.796997198541859E-004 -7.105952136296642E-004
1088 3.387004839783800E-004 -6.338665633242181E-004
1089 2.210209809770466E-005 -4.136377727299747E-005
1090 -6.993855333738829E-006 1.308872890389192E-005
1091 4.090746061825495E-004 -7.655694969932802E-004
1092 -5.065703124651608E-004 9.480293480784676E-004
1093 4.320728434020337E-006 -8.085971845853622E-006
1094 -9.282139001244440E-005 1.737118177463763E-004
1095 4.706989648564327E-006 -8.808990616047378E-006
1096 -2.431928309298231E-004 4.551272833548316E-004
1097 -1.387566639999932E-004 2.596784013584714E-004
1098 5.421557459284143E-005 -1.014627399909200E-004
1099 -1.013449348163048E-006 1.896485674732319E-006
1100 -5.166479656619962E-006 9.668990041489384E-006
1101 -1.203744198546393E-004 2.252765773159960E-004
1102 -2.456239167650544E-005 4.596806491694757E-005
1103 -3.958115588688958E-004 7.407480515992883E-004
1104 -4.801513714960380E-007 8.983929691264156E-007
1105 2.071127659874736E-005 -3.876057506802499E-005
1106 2.835322965904503E-006 -5.306186997872683E-006
1107 -8.007803038289507E-006 1.498630267644055E-005
1108 1.241183788928650E-004 -2.322834464623519E-004
1109 -1.583660994030376E-004 2.963769259187118E-004
1110 -2.169726967393449E-006 4.060365442246548E-006
1111 -4.686311405080771E-005 8.770280689455708E-005
1112 -1.065936875151114E-005 1.994877330148263E-005
1113 -6.043535806291514E-004 1.131027849703492E-003
1114 -2.065778553760921E-004 3.866034142790776E-004
1115 -4.726551719161417E-007 8.846109579511595E-007
1116 1.554627401585248E-005 -2.909435196127792E-005
1117 -2.940843489867282E-007 5.504359619454960E-007
1118 1.887926826269277E-004 -3.533192660832079E-004
1119 -3.095682626582066E-005 5.793475650886574E-005
1120 1.293468013829916E-004 -2.420682947166248E-004
1121 -1.070487848190727E-005 2.003412319832707E-005
1122 6.368633829976205E-006 -1.191831431708265E-005
1123 2.712377719040191E-004 -5.076121936708224E-004
1124 4.884590399871420E-006 -9.141354003521923E-006
1125 3.876640977757540E-005 -7.254986733795710E-005
1126 9.181669340009025E-005 -1.718316764905876E-004
1127 -8.665270743061099E-006 1.621689080387371E-005
1128 1.316290866047820E-004 -2.463398783495569E-004
1129 -3.251317306038358E-004 6.084731486686544E-004
1130 -7.135062487975395E-005 1.335301937008517E-004
1131 1.046072391670083E-004 -1.957688442916862E-004
1132 -7.076142636361221E-006 1.324297968325020E-005
1133 -4.179377808053394E-006 7.821467915157359E-006
1134 2.286099706384105E-004 -4.278358041735127E-004
1135 5.542692280063146E-004 -1.037296158167569E-003
1136 -7.369180297441386E-005 1.379117414814267E-004
1137 1.462538441168742E-004 -2.737091460401071E-004
1138 5.348855094248358E-006 -1.001014082996820E-005
1139 -1.971915426331228E-004 3.690373438572497E-004
1140 -1.035635861234362E-005 1.938173971549824E-005
1141 2.560634725432646E-004 -4.792144867173811E-004
1142 4.486422983922083E-006 -8.396371540827410E-006
1143 -3.434275494408214E-004 6.427130864638379E-004
1144 1.505391653567193E-005 -2.817311611154726E-005
1145 -3.841269138148828E-006 7.188730219238912E-006
1146 8.164074628504414E-005 -1.527880383769791E-004
1147 -3.676191795210690E-004 6.879870782718892E-004
1148 -9.389058705604469E-004 1.757130976113611E-003
1149 -6.262428042663618E-005 1.171991613955993E-004
1150 -3.116823215793282E-004 5.833027783368819E-004
1151 2.519888284784047E-006 -4.716091513252680E-006
1152 3.852831346879219E-004 -7.210443561044760E-004
1153 2.267831919735172E-006 -4.244253076478346E-006
1154 2.759075389154859E-005 -5.163524383613427E-005
1155 -6.067574308698817E-004 1.135526032020985E-003
1156 -1.321268324208123E-005 2.472699907981069E-005
1157 1.137998270027833E-004 -2.129725281012599E-004
1158 -7.448881148374158E-005 1.394033797828149E-004
1159 6.003644286643468E-004 -1.123562055157753E-003
1160 6.863962908321263E-006 -1.284584247173684E-005
1161 -8.063201930320694E-006 1.508981654861103E-005
1162 1.438816183524424E-004 -2.692696519866327E-004
1163 1.808451169676142E-005 -3.384448576688719E-005
1164 1.213312373144309E-005 -2.270674804579390E-005
1165 4.665479759251750E-004 -8.731289416244478E-004
1166 1.088149256849724E-004 -2.036432944257780E-004
1167 -1.219118014549537E-005 2.281522991747075E-005
1168 2.722775358790115E-004 -5.095583948067196E-004
1169 -2.852181112747326E-005 5.337763977970199E-005
1170 -1.230312174825697E-006 2.302272252291087E-006
1171 -1.226527146896361E-004 2.295402788571889E-004
1172 3.494495992317193E-004 -6.539829529065932E-004
1173 -6.007106296092678E-004 1.124209717463858E-003
1174 -1.901946829823518E-004 3.559430748728152E-004
1175 -1.649073655753092E-004 3.086187458196589E-004
1176 -1.472153991874960E-005 2.755088123754602E-005
1177 2.046993876282298E-004 -3.830880201409965E-004
1178 -2.974565496836613E-005 5.566819557291374E-005
1179 -6.699135307457955E-006 1.253703274154239E-005
1180 1.263589235619366E-004 -2.364766585308655E-004
1181 4.043035519869204E-004 -7.566404269082462E-004
1182 6.655302430319078E-005 -1.245518550149406E-004
1183 2.146152399003963E-004 -4.016452906660572E-004
1184 -1.274555514649331E-004 2.385287863973275E-004
1185 3.367721456832896E-004 -6.302576880084133E-004
1186 -2.836505821513260E-005 5.308419979280641E-005
1187 9.034579163830866E-005 -1.690789109757948E-004
1188 4.526680311919577E-004 -8.471531617694286E-004
1189 -1.502713892136183E-006 2.812324819238758E-006
1190 -2.054809270767054E-004 3.845507182185508E-004
1191 -4.010032142731989E-005 7.504640320368746E-005
1192 -7.328028432999307E-006 1.371424385622484E-005
1193 -6.179869023873556E-006 1.156539810558489E-005
1194 -7.562069654026714E-005 1.415216609505131E-004
1195 -3.933857818922045E-005 7.362072750002215E-005
1196 -4.022100200817273E-006 7.527339305039870E-006
1197 3.963716776991753E-005 -7.417989245613056E-005
1198 2.721917023582198E-004 -5.093975922656786E-004
1199 2.364688593436619E-004 -4.425434562025364E-004
1200 -3.362781412548000E-005 6.293343662172576E-005
1201 -5.664085237215050E-005 1.060015519798715E-004
1202 2.414473636538573E-004 -4.518607636687060E-004
1203 -2.873813813450723E-005 5.378237946559662E-005
1204 -7.641757079713469E-005 1.430132448436784E-004
1205 -4.711300522980846E-005 8.817036994967114E-005
1206 -4.388368904381200E-004 8.212683456623829E-004
1207 -8.769063823283159E-006 1.641111139885088E-005
1208 2.139978084515643E-004 -4.004897148904927E-004
1209 1.246821549347507E-004 -2.333384407727014E-004
1210 1.636513818702518E-006 -3.062758640258900E-006
1211 6.881159940585699E-006 -1.287800178331873E-005
1212 -4.138055769047849E-005 7.744232400853481E-005
1213 4.083884175906171E-006 -7.642756612469923E-006
1214 -2.535592811315447E-005 4.745280676479423E-005
1215 -1.049258833971267E-004 1.963652033820626E-004
1216 7.311730216194318E-005 -1.368363477426803E-004
1217 -5.359954172600000E-005 1.003097302490953E-004
1218 7.975918592234815E-005 -1.492667394374323E-004
1219 -2.101360869710598E-005 3.932643963357021E-005
1220 3.971896289734269E-005 -7.433271778594054E-005
1221 -1.230229031077868E-005 2.302331270373603E-005
1222 3.590351229452824E-004 -6.719225221796769E-004
1223 -1.549153280226030E-004 2.899188082272669E-004
1224 -1.253784877553482E-005 2.346432273963799E-005
1225 4.284024190834227E-006 -8.017243455254921E-006
1226 1.095530244636226E-005 -2.050253203014349E-005
1227 1.479002257164514E-004 -2.767906398786276E-004
1228 2.859117692188337E-005 -5.350738471490687E-005
1229 1.012727912061293E-005 -1.895268118102105E-005
1230 4.974374253149737E-005 -9.309365056026305E-005
1231 -1.149826390189258E-004 2.151861307886282E-004
1232 -3.631104248878651E-004 6.795490316561308E-004
1233 -3.699419104296338E-005 6.923352159940380E-005
1234 -1.444331991748549E-004 2.703020818122398E-004
1235 1.221667903964859E-004 -2.286311789663409E-004
1236 -4.132609772250118E-006 7.733932139283114E-006
1237 1.769297923996984E-004 -3.311181520931088E-004
1238 1.845925591091711E-004 -3.454586536275651E-004
1239 6.214488609555452E-005 -1.163021228274349E-004
1240 2.525056037506600E-005 -4.725553285373865E-005
1241 1.856850551401553E-004 -3.475034449662182E-004
1242 9.198465019026440E-007 -1.721417775704710E-006
1243 6.897931967773118E-006 -1.290931921415473E-005
1244 -1.930285539508847E-004 3.612464797237337E-004
