 # The norm of the isolated state is   3455999.99934892     
 # I think there should be     3456000 i.e.    99.9999999811609      %
1 -8.971336456333055E-007 1.678780672728124E-006
2 6.881778006655290E-005 -1.287897421372834E-004
3 5.700306977193096E-007 -1.067422558058843E-006
4 -3.178772804051836E-004 5.948981463674333E-004
5 4.162332788849747E-005 -7.789645139370266E-005
6 9.408682241046848E-006 -1.760786784459175E-005
7 3.119970905139386E-008 -5.854460149592650E-008
8 -2.325657865341372E-003 4.352390637618655E-003
9 -1.585611125755985E-005 2.967315992056699E-005
10 -6.571566213441426E-005 1.229845175836089E-004
11 -1.532837188323846E-006 2.868657829956941E-006
12 1.652199180379148E-005 -3.092028071939023E-005
13 -3.800511484031358E-004 7.112529543587059E-004
14 -1.331414039588453E-006 2.491706290104583E-006
15 -1.201709825297618E-005 2.248959883557946E-005
16 -4.750243125258016E-005 8.889920691045999E-005
17 3.908427152287148E-006 -7.314500216859665E-006
18 2.678512094198821E-004 -5.012745660240999E-004
19 -5.431276061188629E-004 1.016445127326512E-003
20 -6.997269552822624E-007 1.309514735605605E-006
21 6.244294550427581E-004 -1.168598820660504E-003
22 1.233557633232847E-004 -2.308551023642266E-004
23 4.400092870876628E-004 -8.234626589884727E-004
24 1.538087064982913E-006 -2.878471778274293E-006
25 7.565152590329331E-006 -1.415793274359288E-005
26 -1.434488651688701E-003 2.684597065267355E-003
27 3.669323523812838E-005 -6.867020426307334E-005
28 8.723424920964727E-004 -1.632560060622753E-003
29 3.172676580066532E-004 -5.937560811006719E-004
30 -1.083881714570533E-004 2.028448415168660E-004
31 1.003740372381610E-004 -1.878466488851535E-004
32 -3.331605205339533E-004 6.234986431975013E-004
33 -1.326466277626700E-005 2.482437747771674E-005
34 -2.962044919565896E-004 5.543372904867841E-004
35 1.245417459887299E-005 -2.330755490129449E-005
36 5.658351292207394E-004 -1.058941027755651E-003
37 -1.044959990919350E-004 1.955607668238908E-004
38 4.907997505215556E-004 -9.185154510241394E-004
39 -7.032321917091928E-004 1.316076075903549E-003
40 -1.845416616452786E-005 3.453637464339885E-005
41 3.448069747681270E-004 -6.452947220991325E-004
42 -1.683467132463755E-005 3.150591679674517E-005
43 5.841666265945851E-006 -1.093243493930361E-005
44 -7.307366352434702E-005 1.367549148403429E-004
45 6.089173258356266E-005 -1.139568346773460E-004
46 -1.861083280069636E-005 3.482950361651276E-005
47 6.144310486879002E-004 -1.149887003615874E-003
48 -8.504588982700030E-004 1.591605322682893E-003
49 9.406999073258399E-006 -1.760482300308941E-005
50 -1.744240138121207E-005 3.264274570428532E-005
51 3.709474100537493E-004 -6.942160070222035E-004
52 -9.978185566710044E-006 1.867374960540991E-005
53 -1.286139385138874E-003 2.406967042794662E-003
54 1.261409010273638E-005 -2.360679568594042E-005
55 6.630995115665089E-006 -1.240968409634912E-005
56 -7.074467651982054E-005 1.323962891189389E-004
57 -2.513919415204146E-006 4.704786016494042E-006
58 -2.305727698766168E-006 4.315234720990915E-006
59 -6.416995005992910E-005 1.200919041294827E-004
60 -5.984025858593735E-004 1.119890379999364E-003
61 -8.466036086011275E-006 1.584388463062497E-005
62 -9.170893676447372E-004 1.716302003111725E-003
63 6.413020472163811E-006 -1.200183086271115E-005
64 -4.049272933631286E-004 7.578078605100482E-004
65 -7.517565977828794E-004 1.406887254445749E-003
66 -2.987611592496287E-005 5.591216786686046E-005
67 1.806814357037796E-004 -3.381392445191264E-004
68 1.480005582497920E-004 -2.769780828717476E-004
69 2.211319469868127E-006 -4.138390582930830E-006
70 8.834529409633864E-006 -1.653414568730062E-005
71 3.489741220174523E-004 -6.530933333401192E-004
72 9.881315510179300E-005 -1.849255101917628E-004
73 -5.462348219110417E-006 1.022296239491609E-005
74 -3.701165317732753E-006 6.926509545233215E-006
75 -2.923209135710581E-004 5.470688128978177E-004
76 -2.888870495071938E-005 5.406422584513454E-005
77 5.851139469540920E-004 -1.095021096249184E-003
78 -1.067024159296608E-004 1.996900395813816E-004
79 7.322254480084062E-004 -1.370335391585634E-003
80 1.349953676740804E-003 -2.526393037542811E-003
81 3.955981211716716E-006 -7.403419530350488E-006
82 9.723940172402249E-005 -1.819800573099570E-004
83 4.355439794040160E-004 -8.151060394770186E-004
84 -2.820931070717069E-005 5.279266902716253E-005
85 -4.718598069046823E-004 8.830698312873055E-004
86 -3.189738443141912E-007 5.967360264604463E-007
87 2.064725369996799E-005 -3.864065240711233E-005
88 8.149265632335358E-004 -1.525107767857570E-003
89 5.268225622997048E-005 -9.859309770369791E-005
90 -6.763169906455172E-006 1.265707666959376E-005
91 2.681471344069238E-006 -5.018380343259933E-006
92 9.672195163381100E-007 -1.810114686768393E-006
93 1.358998569933502E-004 -2.543320328627294E-004
94 3.595562242986142E-004 -6.728974170255492E-004
95 6.611299344319940E-006 -1.237283032469590E-005
96 -5.513949644307858E-006 1.031912864134227E-005
97 -1.306064891916666E-003 2.444256676484118E-003
98 -1.403544329645259E-004 2.626684747520956E-004
99 1.222421285355646E-003 -2.287720425214443E-003
100 -2.646058452732226E-004 4.952009572523392E-004
101 -8.797102299177250E-004 1.646348196389631E-003
102 -2.659171909486276E-004 4.976551992104541E-004
103 -2.736408372928096E-005 5.121099876860826E-005
104 -3.917157575061048E-004 7.330829264152969E-004
105 -1.275576159096542E-005 2.387197448381395E-005
106 -3.815834899924802E-006 7.141471649625181E-006
107 5.637713721702407E-004 -1.055079198697085E-003
108 1.811257881087724E-004 -3.389709540040004E-004
109 -5.359734260045574E-006 1.003047254462521E-005
110 9.380367177083572E-005 -1.755504256182066E-004
111 -1.094864668145035E-005 2.049003561445998E-005
112 4.599176374574733E-006 -8.607185831330339E-006
113 -5.620607285246831E-007 1.051879424887919E-006
114 -6.387170968391822E-006 1.195337516363493E-005
115 -1.394001480907601E-004 2.608826398128897E-004
116 2.336840627257349E-005 -4.373316428529451E-005
117 -1.195983155946307E-003 2.238242333560958E-003
118 -2.641811869281455E-005 4.944062055008810E-005
119 1.783051287739819E-004 -3.336920756901327E-004
120 -4.855122318455072E-004 9.086198995952884E-004
121 -1.589512027100645E-005 2.974697063118199E-005
122 -1.697563629945585E-003 3.176933419507224E-003
123 2.226662357917039E-005 -4.167124736396738E-005
124 1.198507368764104E-004 -2.242966713945855E-004
125 3.448228524099623E-006 -6.453133558350691E-006
126 3.412255009319750E-004 -6.385920858885636E-004
127 8.028096734441344E-004 -1.502431449787316E-003
128 -3.576443643293824E-005 6.693193093070901E-005
129 5.541898660694886E-006 -1.037146014995561E-005
130 4.245098204055484E-004 -7.944559113807135E-004
131 -1.005245865204630E-005 1.881283488958864E-005
132 -3.165154474740470E-004 5.923480471124713E-004
133 7.251728602385557E-004 -1.357136641776775E-003
134 -3.592116082177446E-006 6.722521662642241E-006
135 -6.660586585498349E-004 1.246506160003642E-003
136 -7.881237196852420E-006 1.474945458518207E-005
137 -1.030539614583147E-005 1.928622093166053E-005
138 -5.114957148382792E-004 9.572470828263162E-004
139 -8.669601822871578E-004 1.622486902661103E-003
140 4.597669342623011E-005 -8.604384407017406E-005
141 8.584241057790400E-004 -1.606511979023592E-003
142 -8.209394167763896E-006 1.536350846051929E-005
143 -1.406687833052476E-004 2.632569573498045E-004
144 -6.868747022393009E-006 1.285454486376764E-005
145 -1.914393756173102E-005 3.582722293518871E-005
146 -6.642534438541694E-004 1.243128036260797E-003
147 1.239753423726081E-005 -2.320155283998987E-005
148 -1.093325900404277E-004 2.046123909957353E-004
149 1.084950037879506E-006 -2.030440595173098E-006
150 -1.650740527102037E-004 3.089305693835562E-004
151 2.176359421983681E-004 -4.072983800165950E-004
152 -2.621148228207703E-005 4.905388948038287E-005
153 -9.122353393170565E-007 1.707210287297172E-006
154 4.468930168758436E-005 -8.363457596861111E-005
155 -8.054376240612222E-007 1.507338599006102E-006
156 -2.473253297519028E-004 4.628610238264081E-004
157 -7.047207057661948E-004 1.318861189848237E-003
158 -2.473325540974012E-005 4.628743621249711E-005
159 -4.890713091236639E-006 9.152855270941542E-006
160 -4.744945609006588E-006 8.879961267550469E-006
161 -2.911067547123186E-004 5.447964623393733E-004
162 4.554403985973802E-005 -8.523415765620824E-005
163 5.270141099606544E-005 -9.862890120264677E-005
164 4.313973917764241E-004 -8.073457197121559E-004
165 -1.151619774662637E-003 2.155217831855462E-003
166 -1.172989419695421E-004 2.195209863170174E-004
167 2.153058779822514E-007 -4.029428488925204E-007
168 -4.793376856039930E-004 8.970644573695731E-004
169 1.292812314361526E-003 -2.419454871662697E-003
170 1.237639331974114E-005 -2.316200155520752E-005
171 -1.557755596921652E-003 2.915287345151912E-003
172 1.835938506007955E-004 -3.435897204323959E-004
173 -1.107215501773878E-005 2.072115609989688E-005
174 5.681509891908569E-005 -1.063275672576746E-004
175 -9.695902313666930E-004 1.814555610029073E-003
176 -2.620470232902860E-005 4.904119863832630E-005
177 8.439061887243778E-005 -1.579342120843732E-004
178 1.137023383953668E-005 -2.127900862265965E-005
179 -2.184986259266511E-005 4.089130297077515E-005
180 3.753020800166754E-005 -7.023652672303634E-005
181 2.024994632615945E-005 -3.789710056293501E-005
182 2.577218213713714E-005 -4.823176511122279E-005
183 1.435221579555978E-003 -2.685969183548455E-003
184 -3.501378702383811E-005 6.552712472297835E-005
185 -5.186311765749549E-004 9.706008804009340E-004
186 2.044814293787603E-005 -3.826803018737243E-005
187 2.433779699026485E-006 -4.554753687309676E-006
188 -1.816523763593081E-004 3.399563120282347E-004
189 -2.021856596204458E-005 3.783838153687693E-005
190 -4.983555906814018E-005 9.326563966883886E-005
191 8.600039562070718E-005 -1.609467195653825E-004
192 6.422705073134122E-004 -1.201987707032937E-003
193 -5.578039481208182E-005 1.043911399031831E-004
194 1.695021531415218E-004 -3.172176411956558E-004
195 3.552199422233018E-004 -6.647822584512890E-004
196 -7.524204928447759E-005 1.408130180115356E-004
197 3.062756388860560E-006 -5.731838284282893E-006
198 3.838531745319537E-006 -7.183718689179931E-006
199 -4.630094447022418E-004 8.665066627012862E-004
200 8.660670275116538E-006 -1.620811344245206E-005
201 -7.476893926324742E-004 1.399275695836781E-003
202 -1.553830701326486E-003 2.907942065876272E-003
203 -5.412219108711328E-004 1.012878855910990E-003
204 2.954956493816038E-005 -5.530110741466765E-005
205 -3.008144772167385E-004 5.629642085913589E-004
206 -7.146626403227829E-006 1.337475405988318E-005
207 -3.341370994846835E-004 6.253263762216937E-004
208 -2.831559368667032E-005 5.299166556049969E-005
209 -2.317671947740021E-005 4.337447610908026E-005
210 5.811337959425394E-004 -1.087572481419951E-003
211 2.473654413404560E-007 -4.629489649366841E-007
212 -1.047045913179466E-003 1.959511342892537E-003
213 8.310983864994214E-006 -1.555372328590494E-005
214 -2.797396555010825E-004 5.235233975610560E-004
215 8.241409491040142E-005 -1.542352019902626E-004
216 5.597620206910848E-004 -1.047575806912456E-003
217 1.147686226696119E-003 -2.147856294963581E-003
218 2.234906441817045E-005 -4.182553768824840E-005
219 1.515194055402791E-003 -2.835634911949427E-003
220 -2.039065211630197E-004 3.816042178675549E-004
221 -3.194112186475823E-005 5.977672130839063E-005
222 2.907850863989965E-005 -5.441948437154487E-005
223 7.633798990406887E-005 -1.428640147668051E-004
224 -2.847855692021649E-005 5.329662643704669E-005
225 2.343163447158398E-003 -4.385151803347341E-003
226 8.849273698222975E-004 -1.656111882688952E-003
227 -8.199714436596679E-004 1.534549085056397E-003
228 -4.089225562048342E-006 7.652866572392278E-006
229 -7.538233189175574E-004 1.410755119681660E-003
230 1.884027786964530E-005 -3.525896110574980E-005
231 6.521706864245239E-004 -1.220515502370250E-003
232 -1.061087483060712E-004 1.985789752763416E-004
233 1.024083449093780E-005 -1.916540334852928E-005
234 -5.938446832932825E-005 1.111360608012240E-004
235 -8.983018864532791E-004 1.681141922542123E-003
236 -2.586756888710448E-005 4.841029347018386E-005
237 1.955793441216182E-004 -3.660201269841143E-004
238 4.357102055439889E-005 -8.154171327551242E-005
239 8.904841824844137E-004 -1.666511294379815E-003
240 6.340959346887701E-007 -1.186686557217279E-006
241 -2.692844547985885E-004 5.039568253721033E-004
242 2.808590177236547E-005 -5.256183248680674E-005
243 -2.787894391388893E-004 5.217451472472442E-004
244 1.592042421386709E-005 -2.979451655429313E-005
245 1.422113857529402E-003 -2.661438407450464E-003
246 5.988531840592069E-004 -1.120733455806690E-003
247 4.130871335406198E-005 -7.730787904387473E-005
248 -2.294996712841358E-005 4.295018604585623E-005
249 -6.256984429297650E-005 1.170973602741224E-004
250 2.070284698298222E-005 -3.874468432059728E-005
251 -9.749949025152595E-005 1.824670411992981E-004
252 -8.051957168940920E-005 1.506896996717939E-004
253 1.649719242523188E-003 -3.087394308325089E-003
254 -8.266263696183790E-005 1.547003655720486E-004
255 2.743790498022521E-005 -5.134909666971160E-005
256 7.983219634595445E-006 -1.494032470420130E-005
257 1.338694318652645E-003 -2.505321539170335E-003
258 -6.483559972230553E-004 1.213376745861455E-003
259 -4.215473452245831E-006 7.889118497862600E-006
260 -1.518673719280219E-003 2.842146940443945E-003
261 5.153382113445772E-005 -9.644382536073489E-005
262 -1.431380903545350E-004 2.678781298826517E-004
263 -4.498136877069803E-004 8.418112305455221E-004
264 -3.611257308757699E-004 6.758345243525635E-004
265 2.169161171791232E-005 -4.059511403319298E-005
266 1.181857724789436E-004 -2.211807154605650E-004
267 4.032433745257310E-004 -7.546565030200294E-004
268 8.326744369098041E-004 -1.558322436121681E-003
269 -4.032014896318255E-004 7.545780198503066E-004
270 -1.304075143680709E-003 2.440532928498126E-003
271 -1.609447526013369E-004 3.012027285924717E-004
272 -4.354818974723765E-005 8.149896979499999E-005
273 -5.844586774151864E-004 1.093794721656297E-003
274 2.845534673481728E-005 -5.325321872474647E-005
275 -6.665281410579555E-005 1.247383723938151E-004
276 -1.658299031670068E-005 3.103452717200838E-005
277 4.952360834428175E-005 -9.268177474014482E-005
278 -3.208317824802695E-004 6.004258855267539E-004
279 -5.351725891222506E-005 1.001557571577142E-004
280 -3.394034033325347E-004 6.351819994004006E-004
281 1.184610026345073E-003 -2.216958050770638E-003
282 -3.280537637135942E-004 6.139416120154348E-004
283 1.793143702125650E-003 -3.355808656645629E-003
284 -5.820692425628726E-004 1.089323081915379E-003
285 1.426267478945913E-005 -2.669212799407455E-005
286 -2.231778358121397E-004 4.176698436539063E-004
287 1.611062400711233E-003 -3.015049256487813E-003
288 8.317646995497529E-004 -1.556619753531823E-003
289 -4.334802337674841E-005 8.112437231272905E-005
290 -4.659198276161159E-004 8.719533514294216E-004
291 -1.418736695797790E-005 2.655122088647097E-005
292 -2.077852308451739E-004 3.888630794048867E-004
293 -2.420123826001979E-005 4.529178865294506E-005
294 -2.130944132165329E-005 3.987989951935901E-005
295 -8.756941586191062E-006 1.638832867058193E-005
296 4.912914875035782E-004 -9.194355799942039E-004
297 -6.326504882600457E-004 1.183984166764841E-003
298 4.201828900147859E-005 -7.863581039296403E-005
299 2.543744304758568E-004 -4.760531812434316E-004
300 -9.600178213215111E-005 1.796641232235249E-004
301 -3.782002319834480E-005 7.077889803614738E-005
302 -9.986329025979373E-005 1.868907936742136E-004
303 1.848523698705959E-003 -3.459450038364476E-003
304 -9.164433803389660E-007 1.715175282315996E-006
305 8.996290052080426E-005 -1.683625422940772E-004
306 -8.496332883096216E-004 1.590060226164223E-003
307 3.347431172998244E-004 -6.264605346137802E-004
308 -2.717055714452299E-004 5.084878664559558E-004
309 -4.642879647370702E-005 8.688993606641638E-005
310 4.121695356912349E-004 -7.713614855197121E-004
311 1.463564767981130E-003 -2.739012412739653E-003
312 9.190766124871076E-005 -1.720021349447497E-004
313 2.310992796115632E-003 -4.324945613888370E-003
314 2.314536921870708E-005 -4.331576684366173E-005
315 -1.454751339390013E-004 2.722518296392084E-004
316 -3.995687908327720E-004 7.477795955006329E-004
317 5.379448277997021E-004 -1.006745800825426E-003
318 2.493766388732064E-005 -4.666999954634502E-005
319 -8.816702644028062E-004 1.650016369912797E-003
320 1.939721077555796E-004 -3.630118243748365E-004
321 3.435906189710140E-005 -6.430182144495818E-005
322 -4.016273882008092E-006 7.516333667505490E-006
323 4.225609097813202E-004 -7.908085888287364E-004
324 -3.751809927738434E-005 7.021387538116514E-005
325 -1.225358612164068E-004 2.293217727727949E-004
326 2.787633332246887E-003 -5.216962297392847E-003
327 1.494423315585664E-005 -2.796765150794600E-005
328 -1.746394311342057E-005 3.268315967895308E-005
329 -6.601715224393288E-004 1.235488873041914E-003
330 -9.038480382854613E-004 1.691521310029117E-003
331 1.553612894704906E-005 -2.907534106345694E-005
332 1.168543364310087E-004 -2.186889383681874E-004
333 1.857012440599008E-003 -3.475336812902444E-003
334 5.769768374477710E-005 -1.079792729028850E-004
335 -6.017994072939154E-005 1.126247535802868E-004
336 -4.376202241046183E-004 8.189915677399522E-004
337 3.324295349423792E-006 -6.221305351584330E-006
338 -2.265915388797942E-004 4.240584623223718E-004
339 -1.048668210329936E-004 1.962547397351051E-004
340 1.865974950112341E-003 -3.492109581392580E-003
341 3.605312219633149E-004 -6.747221077979294E-004
342 7.250629422952489E-005 -1.356930888027093E-004
343 -4.718447004615300E-004 8.830416200761613E-004
344 9.868628235181808E-005 -1.846879775055706E-004
345 -6.610971615569681E-005 1.237221546199605E-004
346 -2.293596034995875E-005 4.292389045065470E-005
347 -3.098128763945311E-005 5.798044712903665E-005
348 -5.703189260383905E-005 1.067332455553863E-004
349 2.881437221610482E-005 -5.392512802961778E-005
350 8.585935334136460E-004 -1.606829017351288E-003
351 2.256281298471129E-004 -4.222554885869789E-004
352 -2.738180305778650E-004 5.124412653437893E-004
353 -4.000435519900821E-006 7.486682752143069E-006
354 2.276711163018067E-004 -4.260788169694509E-004
355 -4.341388237042478E-005 8.124765322402851E-005
356 5.133673468948542E-006 -9.607500709472111E-006
357 -5.475735256447125E-004 1.024765514347231E-003
358 -6.664226567659615E-006 1.247187557949407E-005
359 -1.403272611018985E-003 2.626177635195668E-003
360 -8.121352704637077E-006 1.519884234507608E-005
361 -4.215370530332130E-006 7.888945272578839E-006
362 -1.230824255276166E-003 2.303446355327427E-003
363 6.230784075627423E-004 -1.166070364143247E-003
364 -2.442128065159058E-004 4.570360922676258E-004
365 3.176654699458154E-005 -5.945000052129268E-005
366 -2.339966749848759E-003 4.379169320356597E-003
367 -1.255813620696617E-003 2.350213059794179E-003
368 8.704237707120590E-004 -1.628968901600920E-003
369 -2.551696965694371E-005 4.775413291530390E-005
370 -1.057548417539012E-004 1.979166568011875E-004
371 6.217295010070636E-006 -1.163543994292404E-005
372 -1.883962787513778E-003 3.525773162176022E-003
373 1.190002183266856E-003 -2.227049177852118E-003
374 1.242264186460036E-005 -2.324857562463610E-005
375 -1.100466427139871E-003 2.059486020245723E-003
376 2.802878964437207E-004 -5.245494042241017E-004
377 -7.114188372943067E-005 1.331396737660187E-004
378 2.391943245881444E-004 -4.476441923664281E-004
379 -3.600997738575133E-005 6.739145898543560E-005
380 1.281640265091129E-003 -2.398546785666831E-003
381 3.145337179402648E-004 -5.886393193025028E-004
382 -8.613556254822004E-005 1.611998446673772E-004
383 -1.614440104964509E-003 3.021370512034059E-003
384 5.526496750402537E-005 -1.034265427957765E-004
385 2.837339239117914E-004 -5.309985278133962E-004
386 1.216400202905963E-005 -2.276452731066055E-005
387 1.943014534454495E-003 -3.636286557626996E-003
388 -7.559780672788880E-005 1.414787514383442E-004
389 8.525585967083606E-005 -1.595535219261823E-004
390 1.652384475915230E-005 -3.092384983710988E-005
391 -3.740210158688459E-006 6.999665373205143E-006
392 -2.827316966903881E-004 5.291228665288028E-004
393 -3.006875698054987E-005 5.627264893335757E-005
394 -1.168871929505684E-003 2.187504621777894E-003
395 1.961198566477277E-003 -3.670317366255382E-003
396 9.010071699234270E-005 -1.686204738027714E-004
397 6.305157773786634E-006 -1.179989752236077E-005
398 1.126637758065851E-003 -2.108464773662372E-003
399 6.194070166128058E-004 -1.159199527212405E-003
400 -1.373716826640099E-004 2.570865190339012E-004
401 -7.011267681609969E-006 1.312136991437450E-005
402 -3.982076768797250E-005 7.452323876716293E-005
403 8.536750389557404E-005 -1.597624041727597E-004
404 -1.093718889449405E-003 2.046858263690828E-003
405 -4.874909964685748E-005 9.123233822480835E-005
406 1.154803272878459E-003 -2.161175588579884E-003
407 1.816785191656198E-004 -3.400052665214043E-004
408 -2.055146695727910E-003 3.846138128494658E-003
409 2.268403261752810E-005 -4.245242861281057E-005
410 3.449145497714884E-005 -6.454962725215798E-005
411 -2.238232968332297E-004 4.188778033643403E-004
412 4.875253198033705E-004 -9.123872958072285E-004
413 6.557471408907694E-005 -1.227208207018061E-004
414 -2.470845843570853E-006 4.624102333904254E-006
415 2.640373685956927E-004 -4.941370826461704E-004
416 5.094644482807925E-005 -9.534455826202045E-005
417 -2.356471266532271E-005 4.410060696139093E-005
418 -2.352192471456744E-004 4.402049341732564E-004
419 1.771376547036541E-003 -3.315071828230048E-003
420 -1.380250684425230E-004 2.583092951586397E-004
421 -8.417057801517998E-004 1.575224145493184E-003
422 -4.743648561615579E-005 8.877578647719332E-005
423 -1.170001235439916E-003 2.189618158436349E-003
424 -8.247735712054455E-005 1.543536229664220E-004
425 5.474584897743708E-005 -1.024550528699441E-004
426 1.801703124076199E-003 -3.371827009367513E-003
427 -6.907272523594991E-004 1.292672848776489E-003
428 2.390286985353058E-005 -4.473341523406156E-005
429 8.603715443414863E-006 -1.610155563955781E-005
430 7.241602813625314E-004 -1.355241685812659E-003
431 -2.057177774723200E-003 3.849939252369304E-003
432 4.237204410320925E-004 -7.929786177305458E-004
433 -8.862116616300700E-005 1.658515150096966E-004
434 -8.247544952799970E-005 1.543500478275233E-004
435 1.514649131796435E-003 -2.834615064519986E-003
436 -2.717773123202801E-006 5.086224422355390E-006
437 -2.061183251500760E-004 3.857435513606746E-004
438 1.657954367515775E-003 -3.102806006033014E-003
439 9.675451714531878E-005 -1.810728432886888E-004
440 -2.057534027735566E-003 3.850605947142340E-003
441 -3.266506772445644E-003 6.113157913864618E-003
442 9.615087949333145E-004 -1.799431468606516E-003
443 -4.289423444195011E-005 8.027513721690333E-005
444 2.486534692552331E-003 -4.653466292862439E-003
445 -6.693568413448986E-004 1.252678883355329E-003
446 9.242488208065917E-005 -1.729700665377747E-004
447 7.689924711192879E-006 -1.439142742616240E-005
448 2.314037671735179E-004 -4.330643913089221E-004
449 -1.051358924016378E-003 1.967582999038588E-003
450 -5.184389890147673E-005 9.702414330844096E-005
451 3.837084875792023E-004 -7.180975672645244E-004
452 -1.617984993345148E-005 3.028006519121069E-005
453 -2.216078566664647E-005 4.147317038718791E-005
454 5.739385520936578E-004 -1.074106757542575E-003
455 6.049178659790007E-005 -1.132083214552127E-004
456 -9.899815477597681E-004 1.852717308336838E-003
457 2.129032556115835E-003 -3.984413032314540E-003
458 1.020682046380208E-004 -1.910172195059973E-004
459 5.091148140860462E-004 -9.527912992303047E-004
460 -2.952145657022006E-003 5.524841629871582E-003
461 -1.354370934659586E-004 2.534659905547943E-004
462 -1.441918047767862E-003 2.698501277258873E-003
463 -1.106455021001605E-004 2.070693587240623E-004
464 -3.497540765539456E-004 6.545530547250848E-004
465 9.408387643101454E-004 -1.760748187301798E-003
466 5.274804244569709E-005 -9.871621526373363E-005
467 1.663135571819654E-005 -3.112498667507799E-005
468 -1.346741769191924E-003 2.520382063427729E-003
469 -3.283984693346444E-004 6.145867058083271E-004
470 1.186913940364941E-003 -2.221269555977208E-003
471 6.539585020474518E-005 -1.223861637664231E-004
472 6.373297964294034E-005 -1.192741376426814E-004
473 -8.456859915775670E-004 1.582673028830173E-003
474 -4.296342784129699E-005 8.040462837362639E-005
475 -1.850439243419401E-003 3.463035003582908E-003
476 -5.681156590495420E-005 1.063209497765774E-004
477 6.145705328372440E-004 -1.150148165008822E-003
478 1.890290318408030E-004 -3.537615734800463E-004
479 4.788114546055879E-003 -8.960795843323642E-003
480 1.385967475165053E-004 -2.593792037842466E-004
481 3.606941988487942E-005 -6.750271442494217E-005
482 -6.200847836163360E-005 1.160467857269454E-004
483 1.463023771066733E-003 -2.737999927783161E-003
484 -1.989871497946848E-003 3.723977786751619E-003
485 7.535981487629276E-004 -1.410333695723328E-003
486 8.380770324314483E-004 -1.568432960144212E-003
487 1.210423937756626E-004 -2.265267158198298E-004
488 -1.541088346166068E-004 2.884095045344147E-004
489 1.666384287507258E-003 -3.118582327661073E-003
490 -2.511111323456244E-004 4.699460806247026E-004
491 -2.869533920716230E-003 5.370236494187474E-003
492 8.510929279344349E-005 -1.592790430734264E-004
493 2.796240664902033E-003 -5.233070662302283E-003
494 -1.662972376442722E-003 3.112197079667695E-003
495 -3.453691625341348E-005 6.463466912955463E-005
496 -7.303386960588120E-005 1.366804318474870E-004
497 1.802129590089954E-003 -3.372625112138030E-003
498 1.456089913825797E-003 -2.725023471017782E-003
499 -9.053649638506612E-005 1.694360071819490E-004
500 -8.484258237226498E-006 1.587792681220986E-005
501 3.858608631453548E-004 -7.221256682987658E-004
502 2.094250452404537E-003 -3.919319506391635E-003
503 -4.256857948674793E-004 7.966565566747602E-004
504 -1.436664584396645E-003 2.688669638208227E-003
505 -1.199278261707178E-004 2.244409069493056E-004
506 -1.852490100739287E-003 3.466873074545138E-003
507 3.351824468315717E-004 -6.272827260798643E-004
508 -7.560196907500855E-004 1.414865520413815E-003
509 3.046051434852118E-005 -5.700573096027275E-005
510 4.378274045080912E-005 -8.193630690231688E-005
511 5.205395916939193E-004 -9.741723918817775E-004
512 -1.571520997306107E-003 2.941048832494960E-003
513 -3.356804992851137E-005 6.282099348055037E-005
514 6.867553756232686E-006 -1.285234781726589E-005
515 1.665887032048015E-004 -3.117651631870159E-004
516 2.676495508409494E-003 -5.008971541069078E-003
517 -3.578364248825208E-005 6.696786947477733E-005
518 9.808464134804160E-007 -1.835681421967665E-006
519 1.478849503592944E-003 -2.767617283813710E-003
520 1.546631605093747E-005 -2.894475332954725E-005
521 4.196521976834286E-004 -7.853649138211595E-004
522 -2.112041867583582E-003 3.952615593877692E-003
523 -7.900540118272047E-005 1.478559530400156E-004
524 3.482395726914753E-004 -6.517187375877184E-004
525 2.647142481930857E-003 -4.954038389088583E-003
526 -5.243948984498247E-005 9.813868346361929E-005
527 -5.551882680987923E-004 1.039016236480122E-003
528 -3.048710080336038E-003 5.705558729747511E-003
529 -4.697345695792294E-003 8.790924970974204E-003
530 2.150669869263560E-004 -4.024906513720413E-004
531 4.132568338719093E-007 -7.733435220336052E-007
532 4.909586156154169E-004 -9.188125754697971E-004
533 -3.115768755933562E-005 5.831056297380538E-005
534 2.713387172791012E-005 -5.078013242728185E-005
535 -2.558520719019111E-003 4.788185770363922E-003
536 2.684375446214079E-004 -5.023717622938200E-004
537 -5.845673794690153E-005 1.093998567357034E-004
538 -1.806254509182676E-003 3.380344757576106E-003
539 5.109991198142398E-004 -9.563176748028424E-004
540 2.648098477412206E-003 -4.955827546410772E-003
541 2.949237082702246E-004 -5.519398562277138E-004
542 1.518874251329320E-004 -2.842522087652611E-004
543 -2.955655918951661E-003 5.531410964438294E-003
544 -1.948090857654730E-004 3.645786764230965E-004
545 -6.661623608286699E-005 1.246700910460561E-004
546 3.484182132396242E-004 -6.520529963270638E-004
547 2.119472922946884E-004 -3.966522821813584E-004
548 1.439254075489443E-003 -2.693515727261570E-003
549 -5.171437216440821E-003 9.678171375564851E-003
550 -1.445118373566907E-004 2.704490556802433E-004
551 -6.185817283714201E-004 1.157654973954121E-003
552 3.748138289035325E-003 -7.014515143146727E-003
553 4.952779735777053E-004 -9.268960623990984E-004
554 -2.787590769583253E-003 5.216882592499904E-003
555 1.601230227763194E-004 -2.996650150673451E-004
556 8.610490356852699E-005 -1.611424616873133E-004
557 -3.789700084741347E-005 7.092288033561164E-005
558 8.842468664125361E-004 -1.654838328148950E-003
559 -2.030995961317871E-003 3.800940874025109E-003
560 -1.074456090170880E-003 2.010808520576365E-003
561 3.650068749413459E-004 -6.830981137519887E-004
562 2.425221749954627E-004 -4.538720757879157E-004
563 -2.793077523391667E-003 5.227150992096610E-003
564 -2.307843375726770E-005 4.319055156876992E-005
565 -2.476144770595252E-003 4.634021927592529E-003
566 -4.224067883557163E-004 7.905201032186383E-004
567 1.581686228729390E-003 -2.960072732399638E-003
568 -6.674087826576546E-004 1.249033189866575E-003
569 1.949391033386405E-004 -3.648221152261110E-004
570 2.006514891060215E-003 -3.755125349816448E-003
571 -3.714560464093327E-004 6.951675232474274E-004
572 9.387412885794298E-004 -1.756822864649824E-003
573 2.687869285138241E-005 -5.030250950044351E-005
574 1.236134392423510E-003 -2.313384044701771E-003
575 -2.435911990861434E-005 4.558724880040572E-005
576 -2.126445894102360E-003 3.979572184089526E-003
577 -3.090773693247641E-003 5.784279411448043E-003
578 2.309945973358414E-003 -4.322986455454621E-003
579 1.338053435229717E-003 -2.504122133596614E-003
580 -2.987602234994974E-005 5.591204218383418E-005
581 4.668209896650127E-005 -8.736398373681205E-005
582 -2.115090521264793E-005 3.958322080173624E-005
583 -4.867469009422271E-004 9.109305270336720E-004
584 1.941077632559421E-004 -3.632659344038947E-004
585 2.563811426836528E-003 -4.798087104300772E-003
586 -7.167407316144967E-005 1.341356875073927E-004
587 -2.081166825541417E-004 3.894833666659610E-004
588 -5.552682236381920E-004 1.039165851388535E-003
589 -1.711301230209297E-003 3.202642891536535E-003
590 1.303161589956128E-004 -2.438823378229558E-004
591 -1.765460871397214E-003 3.304000859305736E-003
592 -1.726400091377719E-005 3.230900453823918E-005
593 -5.400849134646575E-005 1.010750807646589E-004
594 -3.723706778503113E-005 6.968795184907840E-005
595 7.482403264934971E-004 -1.400306682525639E-003
596 -8.963839529946266E-005 1.677552518521158E-004
597 2.107256095163971E-003 -3.943659156889338E-003
598 2.150467792046916E-004 -4.024527553413063E-004
599 -5.303997326506271E-004 9.926253219717468E-004
600 -3.430342033598066E-003 6.419770120838124E-003
601 1.877939025280675E-004 -3.514499600622175E-004
602 -2.249941768695024E-005 4.210693800022364E-005
603 8.325291414102423E-004 -1.558050380153917E-003
604 3.280953698071928E-005 -6.140196832635016E-005
605 -7.747045614468934E-005 1.449833587962445E-004
606 -1.203937328441907E-005 2.253130781341384E-005
607 -4.946927280950271E-005 9.258009624389248E-005
608 -7.853585837854806E-004 1.469772251071203E-003
609 1.996753532938240E-003 -3.736857281345271E-003
610 -1.665045761730529E-004 3.116077220781945E-004
611 -1.379158771054163E-005 2.581043594505714E-005
612 -3.427790872321568E-006 6.415156479165579E-006
613 5.052796195302942E-004 -9.456138669765116E-004
614 -6.057632482602398E-004 1.133665644434235E-003
615 -1.927447180198331E-005 3.607156296500813E-005
616 9.856913107670678E-004 -1.844688236284112E-003
617 1.399397702159907E-003 -2.618925860624672E-003
618 1.383668852919518E-004 -2.589489844989512E-004
619 8.447801675386936E-005 -1.580978374278794E-004
620 1.445190778326103E-004 -2.704625954911511E-004
621 2.651282947712800E-004 -4.961786893085497E-004
622 2.684091866458082E-003 -5.023187935216380E-003
623 -5.139962607571184E-004 9.619267794735183E-004
624 -1.341661694488309E-004 2.510875141944237E-004
625 2.973735171761563E-004 -5.565245617258787E-004
626 -2.653548847387035E-005 4.966027452189828E-005
627 -3.650809796472538E-004 6.832367509387688E-004
628 -2.322967542557294E-003 4.347355920114145E-003
629 -3.159608671253197E-005 5.913103209565421E-005
630 5.475127454144690E-006 -1.024649660219804E-005
631 -1.850269471322742E-004 3.462717021816582E-004
632 1.713174736002546E-003 -3.206149072083895E-003
633 1.415498982040894E-005 -2.649062239192605E-005
634 -4.943553407902051E-005 9.251692962273019E-005
635 -2.738167882725381E-004 5.124389337902859E-004
636 3.298713920276990E-004 -6.173432325653998E-004
637 2.426279516286372E-005 -4.540700609799711E-005
638 -2.382155227609861E-003 4.458123654963527E-003
639 -2.051748532283890E-005 3.839783204292974E-005
640 7.434717788310475E-004 -1.391382515428398E-003
641 -6.379580974740432E-005 1.193917219155385E-004
642 1.309803336324585E-003 -2.451253033156209E-003
643 -1.806493027602193E-004 3.380791456677418E-004
644 -1.210227610479180E-003 2.264900399841014E-003
645 8.945156928384315E-005 -1.674055611641911E-004
646 7.572139875805416E-003 -1.417100591226008E-002
647 -4.407510772489610E-005 8.248525822406059E-005
648 -7.650240679283438E-006 1.431715445794523E-005
649 2.522067325663310E-003 -4.719964605636840E-003
650 -6.592583622786108E-003 1.233779922564558E-002
651 -8.683299544885508E-006 1.625084127082010E-005
652 -2.885328212495373E-003 5.399795061869866E-003
653 -4.538413457595804E-006 8.493694279532751E-006
654 -1.647972314428060E-005 3.084091387779809E-005
655 1.052503767884268E-003 -1.969725497105480E-003
656 1.157253895245224E-002 -2.165761865208526E-002
657 -7.906974717182052E-008 1.482827145159905E-007
658 1.451092890219489E-004 -2.715676460903587E-004
659 4.502619374452060E-003 -8.426501230775733E-003
660 1.037855986828653E-003 -1.942312694917882E-003
661 -1.094129448796102E-003 2.047626580423283E-003
662 -1.014128162658136E-005 1.897899935796304E-005
663 7.881352206748244E-006 -1.474975154701411E-005
664 -1.058656154044541E-003 1.981239487666835E-003
665 -3.255701248688800E-005 6.092936993565303E-005
666 -1.231551165598416E-004 2.304806420008270E-004
667 1.210237744221188E-003 -2.264919399960812E-003
668 -5.393856506934425E-005 1.009442101828911E-004
669 -4.696570955448804E-006 8.789477908786863E-006
670 -2.338936985033031E-004 4.377241903999100E-004
671 1.586372624542337E-006 -2.968832825826484E-006
672 1.421339538449904E-003 -2.659989290537249E-003
673 4.006263490108076E-005 -7.497598056373993E-005
674 -5.026441388426795E-003 9.406816547082518E-003
675 -8.814206659991572E-003 1.649549228143435E-002
676 -3.627270210249156E-004 6.788313580900382E-004
677 1.456530714920193E-002 -2.725848401382718E-002
678 2.093843578015668E-004 -3.918558080739814E-004
679 -4.237535129553716E-005 7.930398137420924E-005
680 1.003496808306546E-002 -1.878010634637665E-002
681 1.276731099180876E-004 -2.389359191671374E-004
682 7.691360460558148E-005 -1.439412159957944E-004
683 -1.421041817890130E-005 2.659433791168162E-005
684 7.734074351207354E-005 -1.447406145489316E-004
685 -8.344634237916603E-005 1.561670205659664E-004
686 -6.049264728628019E-004 1.132099626945761E-003
687 -1.053496924562948E-002 1.971584170232003E-002
688 2.258503463241972E-005 -4.226712211437714E-005
689 -7.492045139247280E-004 1.402111135882222E-003
690 -3.393690281228190E-003 6.351177587209007E-003
691 3.403729373937402E-006 -6.370005788882650E-006
692 2.210454169236651E-005 -4.136788500605128E-005
693 -2.490003515713292E-003 4.659958140440286E-003
694 9.886972218844894E-003 -1.850313708376209E-002
695 -1.875327184313915E-004 3.509612139036227E-004
696 -2.348634776329063E-005 4.395393552136205E-005
697 -4.377306453475146E-003 8.191982237532388E-003
698 7.288363231450811E-003 -1.363992745051303E-002
699 3.977138720078371E-003 -7.443081776470572E-003
700 2.744630219757261E-004 -5.136484005699173E-004
701 4.593539623312243E-003 -8.596655414711839E-003
702 2.220840482583019E-004 -4.156228123444206E-004
703 5.610647276094341E-003 -1.050013826155202E-002
704 -5.300596354351238E-005 9.919900995956743E-005
705 9.531159303089052E-005 -1.783724809720187E-004
706 -5.057991240464723E-003 9.465861040067323E-003
707 1.544422473081428E-003 -2.890334887022495E-003
708 -1.229471816900223E-002 2.300915287633051E-002
709 -6.742204646485228E-004 1.261780994691436E-003
710 -8.130391467775733E-005 1.521575557422054E-004
711 -4.308607814051798E-002 8.063415074204724E-002
712 3.848657701137264E-002 -7.202633839336887E-002
713 1.635365835413461E-004 -3.060532690870446E-004
714 -5.851641687591384E-004 1.095115148559435E-003
715 -1.317954308352646E-002 2.466507305242137E-002
716 2.091232084526857E-003 -3.913670743078148E-003
717 5.290221567194436E-004 -9.900472269110195E-004
718 7.705381964357054E-002 -0.144203640330102
719 4.535799889382999E-004 -8.488597599228734E-004
720 0.386210712361284 -0.722780400579690
721 0.166526873752954 -0.311649461442230
722 0.162046361791286 -0.303264332791979
723 -3.144480584943457E-002 5.884789979472496E-002
724 3.880042056695069E-004 -7.261368800343539E-004
725 -4.135917508922610E-002 7.740230956449159E-002
726 -3.343502377296022E-004 6.257252683570249E-004
727 -4.192200574034984E-002 7.845562821751402E-002
728 2.182265494813188E-004 -4.084036718286353E-004
729 1.646986750608647E-002 -3.082280490417425E-002
730 -1.397737241448927E-004 2.615818778822027E-004
731 -1.014178804777856E-002 1.898001625925350E-002
732 -3.395534284668978E-004 6.354628200394242E-004
733 -1.412833415542112E-002 2.644070366342153E-002
734 1.594316824148606E-002 -2.983710495583669E-002
735 -3.610111151743506E-004 6.756202049960148E-004
736 -3.303039491633296E-002 6.181527727278137E-002
737 -3.811530544773261E-004 7.133151239134944E-004
738 -2.033916356473275E-004 3.806406533965119E-004
739 -5.664284713441559E-004 1.060051917562575E-003
740 2.401357877970668E-002 -4.494060753798038E-002
741 1.994681763301491E-003 -3.732980308644305E-003
742 -1.859867390951491E-004 3.480678254861624E-004
743 -7.699014472554368E-003 1.440844753356465E-002
744 -2.583256407780002E-005 4.834475972299480E-005
745 -2.268131079058114E-003 4.244731286364117E-003
746 -1.155678718307039E-004 2.162814105562365E-004
747 -7.984418040908065E-003 1.494257069809790E-002
748 1.931477925925422E-004 -3.614697224353684E-004
749 -1.905014988068161E-004 3.565171778182010E-004
750 9.020389507945377E-005 -1.688138160523118E-004
751 -4.804524157219579E-003 8.991505920882624E-003
752 6.969624884600750E-005 -1.304342465420372E-004
753 -8.976822989485250E-003 1.679982327912628E-002
754 -5.571136018106929E-005 1.042619424969704E-004
755 1.045536804557143E-004 -1.956686766248884E-004
756 -7.580398538124507E-003 1.418646136757767E-002
757 -1.005094848436842E-003 1.881001159401664E-003
758 -5.115133459598097E-005 9.572797019948079E-005
759 2.353087522088803E-005 -4.403721643115045E-005
760 7.850467316113446E-003 -1.469188655587659E-002
761 -6.991869900497715E-003 1.308504991997642E-002
762 -2.379427605781596E-003 4.453019058385434E-003
763 1.800287098792737E-004 -3.369178339039899E-004
764 6.823090291051670E-006 -1.276926650252124E-005
765 5.140164675471227E-004 -9.619645632490451E-004
766 -2.728577109381433E-005 5.106430019276990E-005
767 2.872007659988015E-003 -5.374866003074455E-003
768 -5.203687517148665E-003 9.738526928102322E-003
769 -2.274439852924196E-005 4.256524352697171E-005
770 1.871703836507621E-003 -3.502831097746100E-003
771 -7.014065527324759E-005 1.312657313081181E-004
772 -1.486568976152445E-003 2.782063943569324E-003
773 -4.882767554433031E-005 9.137928120228316E-005
774 -3.870514743942561E-004 7.243541724003883E-004
775 3.556513472769829E-005 -6.655892993274806E-005
776 -8.002757831600741E-004 1.497689250081968E-003
777 1.035477524288493E-003 -1.937861399307453E-003
778 -1.861798023098938E-003 3.484292618743858E-003
779 1.054002689966297E-005 -1.972520214836661E-005
780 -2.224883275968285E-004 4.163791579858595E-004
781 3.952963502907593E-004 -7.397837601783533E-004
782 -2.192454431702775E-003 4.103104653334354E-003
783 -2.220839147321862E-005 4.156225024285696E-005
784 4.494582655076005E-004 -8.411460646706156E-004
785 -3.752880681088855E-005 7.023391175377949E-005
786 -1.121427331421776E-004 2.098712262655781E-004
787 -2.197047608491924E-005 4.111708539353248E-005
788 1.410502916283047E-004 -2.639709220846606E-004
789 2.022908504031542E-005 -3.785806116223646E-005
790 -3.684286139181686E-004 6.895017093726352E-004
791 -1.176070448127573E-004 2.200975406497547E-004
792 2.090065074715551E-003 -3.911486764452710E-003
793 6.156340400193728E-005 -1.152135718075078E-004
794 -3.558752364907220E-004 6.660085685485621E-004
795 2.890578368183315E-005 -5.409620972250913E-005
796 -5.550848880708312E-004 1.038822651899272E-003
797 -1.688401757481371E-003 3.159787307141717E-003
798 -1.913746568238738E-005 3.581531488817404E-005
799 -8.563241777183950E-004 1.602581651620435E-003
800 -2.085627918880033E-005 3.903160302380161E-005
801 -5.959436262320902E-004 1.115288683210485E-003
802 1.037410355877896E-004 -1.941478263725798E-004
803 4.096621914253731E-004 -7.666690052636852E-004
804 -4.354086914386841E-006 8.148769511622065E-006
805 -1.952497485888288E-003 3.654033417597625E-003
806 3.597017466871732E-005 -6.731683119436982E-005
807 1.751282565639542E-005 -3.277447423362464E-005
808 -2.869875856591695E-004 5.370875527301472E-004
809 -3.807973783011455E-005 7.126491601325036E-005
810 -3.326943387127458E-003 6.226262985138930E-003
811 -5.732820118376618E-006 1.072868444549995E-005
812 6.559126700467501E-004 -1.227518556176166E-003
813 3.131949886128021E-005 -5.861352700185287E-005
814 6.693737154238365E-004 -1.252710649449265E-003
815 -1.767691887243678E-005 3.308173352629589E-005
816 2.811094801876954E-003 -5.260869692650830E-003
817 1.395013558732378E-003 -2.610721120383081E-003
818 1.387409010787962E-003 -2.596489390738956E-003
819 -6.267320023378664E-006 1.172909229740415E-005
820 -8.130581109189404E-004 1.521611092230032E-003
821 -7.389735844652166E-005 1.382963607443422E-004
822 3.150538797825821E-004 -5.896127416269561E-004
823 -6.028481546262980E-004 1.128210168804617E-003
824 -2.561109477305086E-005 4.793026709122464E-005
825 2.004168053220160E-005 -3.750721520852563E-005
826 1.683655872017081E-003 -3.150905244669553E-003
827 -1.006102376501739E-004 1.882882140007623E-004
828 3.637311926623372E-003 -6.807107266931317E-003
829 -6.562991707190785E-005 1.228239978947681E-004
830 -3.075323480703707E-006 5.755515217336602E-006
831 1.278031960353563E-005 -2.391774405171679E-005
832 2.030471544877852E-003 -3.799959315817948E-003
833 5.760008304993088E-005 -1.077971847352476E-004
834 -9.921799748377144E-004 1.856831635301783E-003
835 4.192979330680932E-004 -7.847019212844567E-004
836 2.894512394066126E-006 -5.416872841374768E-006
837 -9.429978485539939E-004 1.764788906329192E-003
838 -1.581070077994088E-004 2.958921164947238E-004
839 2.622501562186608E-003 -4.907924071903669E-003
840 1.111499155920767E-004 -2.080136176885704E-004
841 -2.284395136142162E-004 4.275169934290232E-004
842 -1.549974483854588E-003 2.900725401422271E-003
843 -2.185120180699608E-005 4.089377909241823E-005
844 -4.878792225396070E-005 9.130489571380497E-005
845 6.339641219118284E-003 -1.186442607302298E-002
846 -3.019747183837698E-003 5.651355210006101E-003
847 -1.046579649818299E-003 1.958638798505704E-003
848 -6.155083237292974E-005 1.151904152651283E-004
849 -1.171965803058554E-003 2.193294794018866E-003
850 8.783676264926437E-005 -1.643832896236447E-004
851 1.819688125722268E-003 -3.405485392840433E-003
852 -2.151069989406133E-003 4.025655457618491E-003
853 -2.403248175334836E-005 4.497594322622558E-005
854 -2.524674284165593E-004 4.724842017188427E-004
855 -8.781108769222179E-005 1.643350085050122E-004
856 -1.514687655912395E-003 2.834687184836851E-003
857 1.928469190450319E-004 -3.609067797889791E-004
858 -4.108494142204357E-003 7.688909100101282E-003
859 -1.173588780935054E-003 2.196332267062861E-003
860 5.037735606939800E-006 -9.428060986397837E-006
861 -1.019390176447255E-005 1.907758471772857E-005
862 2.093319049792853E-003 -3.917576286868565E-003
863 1.175804932804944E-004 -2.200478479730121E-004
864 -5.843313727446665E-004 1.093556605665786E-003
865 -6.321116515004483E-005 1.182975890089796E-004
866 -2.423471619459088E-003 4.535446013242623E-003
867 -8.997591738831007E-006 1.683868218492366E-005
868 -1.392910017982303E-003 2.606784200147875E-003
869 -9.509578457441644E-004 1.779685732861980E-003
870 1.529016142276910E-006 -2.861729829094776E-006
871 7.614082663574875E-006 -1.424930737007971E-005
872 1.854421538036547E-003 -3.470487682300944E-003
873 2.454278512974703E-005 -4.593079726832084E-005
874 1.870380990653077E-003 -3.500355428582359E-003
875 4.883993809816563E-005 -9.140240625030652E-005
876 1.167520528443554E-003 -2.184975502571700E-003
877 -2.066831583638603E-005 3.868002153875400E-005
878 -1.071034330422317E-004 2.004407350744071E-004
879 -2.607642922418744E-003 4.880116222137536E-003
880 -4.232763041904169E-005 7.921478835090894E-005
881 1.043011534284232E-003 -1.951960946598748E-003
882 2.458632868976831E-005 -4.601257076654694E-005
883 -6.985106918538462E-004 1.307239480919272E-003
884 3.249117959161383E-006 -6.080709586430792E-006
885 2.115996528724347E-005 -3.960038410893199E-005
886 -7.465210201212680E-004 1.397089013102904E-003
887 -2.123911948828064E-005 3.974810374774846E-005
888 -2.628982506105436E-005 4.920073244860975E-005
889 -3.641039490112681E-004 6.814083455836550E-004
890 4.231712855417163E-004 -7.919507982865839E-004
891 -1.209215053979660E-005 2.263016574711429E-005
892 2.856702685174278E-005 -5.346217078780868E-005
893 5.160699210052477E-004 -9.658075620021763E-004
894 -3.397852797302561E-004 6.358969880112836E-004
895 2.602792865740283E-004 -4.871041004113285E-004
896 1.079692714364991E-003 -2.020608764622687E-003
897 -1.792755982429387E-003 3.355082475004229E-003
898 -1.394298136093126E-004 2.609382102103656E-004
899 2.155994889694908E-005 -4.034869935080801E-005
900 -9.163017722133821E-004 1.714828343791539E-003
901 -2.819013361594284E-005 5.275686728418262E-005
902 3.276605059475997E-005 -6.132080503727545E-005
903 -1.143383054213132E-003 2.139802986048637E-003
904 3.616109058728145E-004 -6.767424871455122E-004
905 -1.672617279030038E-003 3.130247042259525E-003
906 1.495514060245182E-004 -2.798804358642115E-004
907 -4.340942246146431E-005 8.123952315815173E-005
908 -7.882615056682986E-004 1.475204919360918E-003
909 -2.270177739043108E-004 4.248561993879533E-004
910 -1.096827488935821E-003 2.052675855263625E-003
911 -5.218656400093868E-004 9.766541691042319E-004
912 1.609458828122916E-004 -3.012048060933023E-004
913 -4.551641014845047E-004 8.518241868166100E-004
914 2.355462075698972E-005 -4.408174765411868E-005
915 -1.581219971709199E-003 2.959200186858323E-003
916 -1.321579493979173E-003 2.473291600784450E-003
917 -1.584310157101037E-003 2.964983350323220E-003
918 -5.511453769284578E-004 1.031449925617685E-003
919 -5.468071376897650E-005 1.023331297577042E-004
920 1.403239574644379E-003 -2.626116024702316E-003
921 -1.732515148299107E-005 3.242334423773190E-005
922 -6.228624834272194E-005 1.165665413033595E-004
923 2.068344664881363E-005 -3.870817325162941E-005
924 1.095061083169609E-003 -2.049369793993084E-003
925 -1.417490110833604E-003 2.652785054800230E-003
926 1.161623764973755E-004 -2.173940070404671E-004
927 -1.751948677176622E-004 3.278708527268946E-004
928 -3.140983132496484E-005 5.878248406180923E-005
929 -2.946627465893187E-003 5.514514402128630E-003
930 -3.921887681112052E-004 7.339682062794785E-004
931 3.423593256146321E-005 -6.407157017789581E-005
932 -2.086113500147542E-006 3.903910324416405E-006
933 -2.142327198801284E-004 4.009293989298364E-004
934 1.034470111041564E-005 -1.935973547264736E-005
935 5.486271137030948E-004 -1.026737221864723E-003
936 -1.635412476260475E-005 3.060610688355180E-005
937 1.068841491075750E-003 -2.000300691560538E-003
938 -4.164381463552890E-005 7.793516324609740E-005
939 3.587611498605619E-005 -6.714098792086805E-005
940 -2.343373307091934E-005 4.385537463235933E-005
941 6.750913069984275E-007 -1.263471857923112E-006
942 5.101473648221779E-004 -9.547236918134048E-004
943 1.058698766036802E-005 -1.981319989932664E-005
944 1.875223730102503E-003 -3.509418357505368E-003
945 2.708079518683753E-005 -5.068081587468458E-005
946 -7.327927824458201E-004 1.371397311948792E-003
947 -1.060131714010026E-003 1.984000847414940E-003
948 -1.522788048087352E-004 2.849847263975984E-004
949 1.428342159011953E-004 -2.673092485612160E-004
950 -7.972519524270844E-004 1.492030516982475E-003
951 -4.626800866004891E-004 8.658899575444399E-004
952 -8.976912262422752E-006 1.679972476402339E-005
953 1.047056716738783E-003 -1.959531322416852E-003
954 -1.016047803094732E-004 1.901499445741526E-004
955 5.202191449089333E-004 -9.735725556929843E-004
956 -1.349463786685547E-004 2.525478108102663E-004
957 -7.767766506329056E-004 1.453711500750416E-003
958 -1.936573592633892E-005 3.624230717002741E-005
959 2.463808855423204E-004 -4.610934272065423E-004
960 -1.025050299445829E-005 1.918349363206997E-005
961 1.228585244304154E-003 -2.299256235238543E-003
962 2.072707075331775E-005 -3.878999191562375E-005
963 6.515314407313808E-004 -1.219319189201015E-003
964 1.854827480588144E-004 -3.471248146420645E-004
965 7.045322602935819E-004 -1.318508755254365E-003
966 -4.995184672410989E-005 9.348332502996150E-005
967 5.395757502053797E-005 -1.009800494237607E-004
968 -1.499156469462704E-005 2.805624561281222E-005
969 4.122695626688739E-004 -7.715486409217087E-004
970 -1.016960102668955E-005 1.903202038612525E-005
971 4.853809988418354E-004 -9.083742535069639E-004
972 -7.100888859680056E-005 1.328905674550457E-004
973 4.485175871609725E-005 -8.393842903979595E-005
974 -4.062563386169772E-006 7.602656492738964E-006
975 1.015849055942108E-004 -1.901127197512232E-004
976 -3.524374133088673E-006 6.596281322727217E-006
977 -1.366715441520114E-005 2.557768810075403E-005
978 -1.108732603827230E-003 2.074956153462947E-003
979 -1.052812141399140E-004 1.970301056139861E-004
980 -1.369160065175269E-003 2.562337098563723E-003
981 -7.043708324512382E-004 1.318206464945819E-003
982 1.733506649829236E-003 -3.244199502450639E-003
983 9.288220296320866E-006 -1.738277040000272E-005
984 -4.680365938832071E-004 8.759146947820517E-004
985 3.951610699914742E-004 -7.395308089555516E-004
986 -5.222140627887047E-006 9.773302588864675E-006
987 1.093375437243794E-003 -2.046215331154023E-003
988 -1.146902244163173E-004 2.146389101611809E-004
989 8.722761679708394E-004 -1.632435423724438E-003
990 -7.084877355354915E-006 1.325941795841790E-005
991 -1.935097017931614E-003 3.621469076778565E-003
992 3.672567833243761E-005 -6.873080484793220E-005
993 -1.125816131727640E-003 2.106927323693620E-003
994 -7.297444253754047E-004 1.365692175866764E-003
995 3.334226417019129E-005 -6.239871603382644E-005
996 -8.478867039924882E-006 1.586772433645368E-005
997 -8.839321697668568E-006 1.654232580468574E-005
998 -2.627644431794169E-004 4.917549356226531E-004
999 -3.726906281707564E-005 6.974767646588118E-005
1000 -3.292975361238829E-005 6.162703287598652E-005
1001 -2.745682721713539E-005 5.138443595726352E-005
1002 7.678351864497974E-006 -1.436969777988313E-005
1003 8.935631906572915E-005 -1.672273156050110E-004
1004 7.064413644614380E-007 -1.322213639917794E-006
1005 1.123979315263346E-006 -2.103489198052753E-006
1006 3.390555026375930E-004 -6.345314802932429E-004
1007 1.453374678819566E-003 -2.719942047324903E-003
1008 -2.747739363902887E-004 5.142301686877510E-004
1009 -1.552255127367266E-004 2.904995455130014E-004
1010 -1.273667198217449E-004 2.383620377739336E-004
1011 -3.199848940575589E-006 5.988524735309159E-006
1012 -1.136651556413317E-005 2.127236217204551E-005
1013 -5.090573573374320E-004 9.526836871228070E-004
1014 7.854133119691612E-006 -1.469864825106173E-005
1015 -1.899130745185729E-004 3.554160184651494E-004
1016 1.334680598254015E-005 -2.497810108529044E-005
1017 -1.265812244913760E-006 2.369179732225074E-006
1018 -2.399724393389242E-005 4.490995871767928E-005
1019 5.548172815830113E-004 -1.038321927575170E-003
1020 -4.409673738319608E-004 8.252551991972215E-004
1021 2.263810770417212E-004 -4.236646705710715E-004
1022 -4.166567333902590E-006 7.797543903191440E-006
1023 -6.407732126961611E-006 1.199186244379639E-005
1024 3.517027889032595E-004 -6.581999235861164E-004
1025 2.395774004812446E-006 -4.484038665005300E-006
1026 5.259694725892793E-004 -9.843342616141467E-004
1027 -1.185894545594946E-005 2.219359962051689E-005
1028 4.123347894390424E-004 -7.716706249994753E-004
1029 3.105525032302370E-006 -5.812148986782252E-006
1030 7.962357525669857E-005 -1.490129719565863E-004
1031 8.667822718106225E-007 -1.622112807470860E-006
1032 -1.211021142700874E-005 2.266388610373628E-005
1033 1.173973487778215E-005 -2.197050940524951E-005
1034 4.888971317558883E-004 -9.149545294261723E-004
1035 -3.436338955983965E-004 6.430996291298697E-004
1036 2.004085466497442E-004 -3.750578396848833E-004
1037 -1.381369224539628E-005 2.585174549546442E-005
1038 7.041399140815345E-006 -1.317776271060756E-005
1039 -7.535839836626014E-004 1.410307189939926E-003
1040 -2.013227349198067E-005 3.767715509781279E-005
1041 1.313625386680221E-004 -2.458406410079155E-004
1042 -2.346210409027631E-005 4.390877789634819E-005
1043 1.312665831262693E-004 -2.456610540838855E-004
1044 -1.531577742608762E-005 2.866290362605058E-005
1045 1.039978749327138E-003 -1.946285543817965E-003
1046 5.115176462602447E-005 -9.572904309011877E-005
1047 1.069877143934376E-005 -2.002242020823864E-005
1048 1.200845347396192E-005 -2.247326819880785E-005
1049 -4.522669100294226E-004 8.464025758691174E-004
1050 -4.741727452116649E-005 8.874005869409606E-005
1051 -4.451740083235443E-006 8.331275897165181E-006
1052 9.552468367104366E-005 -1.787713165526139E-004
1053 1.763259561980852E-005 -3.299887689881236E-005
1054 -5.013094971730169E-007 9.383470846799136E-007
1055 -2.344763428070171E-005 4.388140513973980E-005
1056 3.944132001502306E-006 -7.381282927519876E-006
1057 -4.359488131139885E-005 8.158668208681470E-005
1058 -6.597055182357622E-004 1.234616753915698E-003
1059 -2.189212556295275E-005 4.097043348111282E-005
1060 -1.499918798609027E-004 2.807047772446693E-004
1061 2.705859914477514E-004 -5.063925699134902E-004
1062 -2.616304657647990E-004 4.896327694474202E-004
1063 1.696306270916101E-005 -3.174574989980939E-005
1064 1.150412017971354E-004 -2.152957667851926E-004
1065 4.929186786617845E-004 -9.224804895949819E-004
1066 -5.722850567175051E-005 1.071013178785170E-004
1067 -1.094476950622324E-005 2.048268315882984E-005
1068 1.005984825346150E-006 -1.882631370713300E-006
1069 -1.664960858006402E-005 3.115922372571674E-005
1070 2.561642158398141E-004 -4.794025745784722E-004
1071 -1.858682442426664E-006 3.478767894055038E-006
1072 3.984260226334158E-004 -7.456409910863853E-004
1073 1.072275538051013E-005 -2.006721827718236E-005
1074 -6.293371883790191E-006 1.177766975682556E-005
1075 -4.556730025232070E-006 8.527618851243799E-006
1076 -1.713281622596856E-004 3.206351001632373E-004
1077 -4.018139765384342E-004 7.519813623093211E-004
1078 -2.166816457558253E-005 4.055158240110964E-005
1079 -1.782666206523107E-004 3.336200244343443E-004
1080 -2.293127771523960E-006 4.291536546357600E-006
1081 -8.214697137982042E-005 1.537354044112127E-004
1082 -1.756968516501124E-004 3.288107878029468E-004
1083 4.107045899942508E-006 -7.686200091116325E-006
1084 -6.017799858180536E-004 1.126210743235721E-003
1085 -3.626232190555765E-004 6.786371325724364E-004
1086 -9.589548469085941E-006 1.794631964035427E-005
1087 6.983716126313789E-006 -1.306997993288330E-005
1088 5.775360218903787E-005 -1.080836015998707E-004
1089 -6.936612558728998E-004 1.298163880234876E-003
1090 1.491049468038762E-003 -2.790448983628160E-003
1091 -9.080139926782427E-006 1.699342679003492E-005
1092 -7.523978422387055E-006 1.408096510547199E-005
1093 -6.720728995598195E-005 1.257763956687009E-004
1094 -1.162547353060208E-007 2.175673138763758E-007
1095 -2.106601860963312E-004 3.942434348410737E-004
1096 5.735115007041290E-006 -1.073304614447399E-005
1097 -1.908105112874907E-004 3.570957188694501E-004
1098 -3.952658932208420E-004 7.397266763682300E-004
1099 -1.474905885171383E-004 2.760236494563373E-004
1100 -2.216366869540398E-004 4.147853083486601E-004
1101 2.165965003635555E-005 -4.053541945915851E-005
1102 -3.727841795389911E-004 6.976530710566804E-004
1103 9.902077802986455E-006 -1.853150852872776E-005
1104 -5.632709774251007E-005 1.054142115604607E-004
1105 -4.642255130789232E-006 8.687903416761608E-006
1106 1.207773123214841E-004 -2.260305529917091E-004
1107 -3.594157736934303E-004 6.726346409746963E-004
1108 -2.355624796883771E-005 4.408465178605419E-005
1109 1.144565876495709E-005 -2.142022034249628E-005
1110 -7.236866856543272E-005 1.354353367818743E-004
1111 -5.184404103977681E-006 9.702328385577094E-006
1112 1.618545046775650E-004 -3.029052539043112E-004
1113 1.985513740532084E-006 -3.715917368135776E-006
1114 1.235460913823628E-006 -2.312108648926874E-006
1115 -4.256161021287182E-004 7.965262613695391E-004
1116 -2.764979592489808E-007 5.174500275641688E-007
1117 -6.411758921087349E-005 1.199939197464169E-004
1118 3.246500152813153E-005 -6.075717750277148E-005
1119 2.882073249520921E-004 -5.393701187075723E-004
1120 4.339915011797234E-007 -8.122329156165202E-007
1121 -2.961211578416297E-004 5.541810293995691E-004
1122 -1.190116318346465E-004 2.227261100453611E-004
1123 1.050115170826755E-006 -1.965252485892156E-006
1124 1.235944920066651E-004 -2.313030395029703E-004
1125 2.157477445469180E-007 -4.039276446704952E-007
1126 -1.996376270149750E-005 3.736136779813334E-005
1127 -5.560743271748959E-004 1.040674666023966E-003
1128 -2.215926963947476E-005 4.146997083887915E-005
1129 -6.965375467808507E-005 1.303546540128777E-004
1130 3.013946828175387E-004 -5.640500975988929E-004
1131 9.838708824080704E-006 -1.841279692314395E-005
1132 -4.139113940247358E-005 7.746225593968038E-005
1133 -9.751742055807641E-005 1.825006439194909E-004
1134 -1.071503099100001E-005 2.005288569797998E-005
1135 -2.012196451934572E-005 3.765776763100381E-005
1136 1.438593490010464E-004 -2.692281190257959E-004
1137 1.218258718953213E-004 -2.279930811387392E-004
1138 -2.641685320338584E-004 4.943823245102178E-004
1139 1.416390676950727E-005 -2.650732001341124E-005
1140 -1.277239287551233E-004 2.390311485647217E-004
1141 1.130112447219506E-005 -2.114997803591906E-005
1142 -7.995806465327161E-005 1.496387806451283E-004
1143 9.554285914231971E-008 -1.788491862603612E-007
1144 8.904662186243180E-005 -1.666479343108317E-004
1145 -8.018724809413909E-004 1.500677310822204E-003
1146 -3.887758047949890E-004 7.275809788589113E-004
1147 -8.030352821497539E-005 1.502852322560305E-004
1148 -5.252438846497257E-005 9.829732417838433E-005
1149 9.382187548981182E-004 -1.755844806278190E-003
1150 -1.128979932455772E-005 2.112823700201279E-005
1151 -2.681818000099754E-004 5.018931178303259E-004
1152 2.405708103108589E-005 -4.502204149033275E-005
1153 -6.095697950993092E-005 1.140792937632274E-004
1154 7.627188956726466E-004 -1.427402574253731E-003
1155 4.535386267213216E-005 -8.487821528191672E-005
1156 1.236157729952341E-004 -2.313428386148584E-004
1157 3.066645745240685E-006 -5.738943974137807E-006
1158 4.606805645843951E-004 -8.621481184494202E-004
1159 6.433998059523339E-005 -1.204100256874916E-004
1160 -1.041713105642407E-006 1.949541712296316E-006
1161 2.116705114895916E-004 -3.961344089931250E-004
1162 -2.309517588554235E-005 4.322184421194774E-005
1163 1.172583405310625E-004 -2.194454471407545E-004
1164 1.670425798164863E-004 -3.126146726882955E-004
1165 6.224764962316517E-007 -1.165064775259643E-006
1166 -1.528196742371206E-006 2.860282361276554E-006
1167 -2.582648126911177E-004 4.833338324358824E-004
1168 -9.155402624680328E-007 1.713417294276906E-006
1169 6.829944633432126E-004 -1.278201215392252E-003
1170 7.003398177761812E-005 -1.310664826045578E-004
1171 1.329116207932908E-005 -2.487409209216287E-005
1172 -2.915920885050170E-005 5.457034034751702E-005
1173 -2.171757075373021E-004 4.064370856599211E-004
1174 5.739549063666044E-004 -1.074137238147352E-003
1175 -1.283928216959616E-005 2.402845075420736E-005
1176 -3.987178241719745E-004 7.461870741184887E-004
1177 -1.211216247592274E-005 2.266752335802220E-005
1178 1.107170632062896E-004 -2.072030365612885E-004
1179 4.003483159656441E-004 -7.492386015822984E-004
1180 -3.800787018445415E-006 7.113037560593980E-006
1181 -6.935010045850493E-007 1.298116186985959E-006
1182 -4.303785515381563E-005 8.054399161517035E-005
1183 -1.864556247343328E-006 3.489421506749071E-006
1184 -2.112276173503496E-005 3.953051670634752E-005
1185 -2.807168961041011E-005 5.253520723497270E-005
1186 9.961428077134983E-004 -1.864247927724045E-003
1187 1.198836777119688E-004 -2.243581534815459E-004
1188 6.253108739612784E-005 -1.170243989425241E-004
1189 2.256736204324920E-004 -4.223404522579585E-004
1190 2.449774382313776E-005 -4.584678733739891E-005
1191 -1.251297170148219E-005 2.341753136408208E-005
1192 2.385870654169302E-004 -4.465078188923456E-004
1193 -8.146043810183544E-005 1.524506120672317E-004
1194 -5.283434711618946E-006 9.887626820751549E-006
1195 -5.598283219826643E-006 1.047690676225270E-005
1196 -3.123132045719891E-004 5.844839110846599E-004
1197 -4.443524553884370E-004 8.315907594542266E-004
1198 2.752141034578975E-005 -5.150548785050492E-005
1199 3.701105713735063E-005 -6.926511126145106E-005
1200 1.220794032015925E-006 -2.284899641213961E-006
1201 -7.975169324034862E-005 1.492527038835173E-004
1202 4.927991261976778E-005 -9.222559576332248E-005
1203 4.622152768388851E-004 -8.650202775685530E-004
1204 -7.123194332815936E-006 1.333075522324877E-005
1205 -4.817770018705046E-005 9.016303218563477E-005
1206 3.895237555684268E-006 -7.289723716606165E-006
1207 2.585854790683950E-004 -4.839342144999387E-004
1208 -4.554374566039699E-006 8.523280244886875E-006
1209 5.826619992163420E-006 -1.090414276560186E-005
1210 -4.692212633179258E-004 8.781318727486205E-004
1211 -4.861592307110573E-005 9.098300426432601E-005
1212 1.053942578664687E-005 -1.972417964454402E-005
1213 5.050427598842823E-005 -9.451733863628198E-005
1214 -4.058528189591612E-005 7.595433438478242E-005
1215 1.983993617999057E-005 -3.712979869468438E-005
1216 4.155568690417809E-006 -7.776875143206449E-006
1217 -8.042119471748842E-005 1.505055735579575E-004
1218 -7.419764982561662E-005 1.388584715544996E-004
1219 -4.509284931382193E-004 8.438977485369062E-004
1220 -1.058153431611417E-004 1.980297706447000E-004
1221 1.123530647707002E-004 -2.102649046459597E-004
1222 -7.971787949642942E-006 1.491875812568018E-005
1223 1.820718404555526E-005 -3.407415450841785E-005
1224 -2.573470853517628E-004 4.816163702472621E-004
1225 -1.994590908877612E-005 3.732816551099141E-005
1226 1.648224896228881E-004 -3.084598064111870E-004
1227 -5.162717463905733E-007 9.661196301286093E-007
1228 -1.035698806146657E-004 1.938274663241516E-004
1229 5.245335107595010E-004 -9.816468192474150E-004
1230 -2.729844175088160E-004 5.108809799189894E-004
1231 -4.880693635911918E-005 9.134066365562399E-005
1232 -6.130649097092525E-006 1.147324521253249E-005
1233 -5.892915320385151E-005 1.102839934416644E-004
1234 9.538562490821578E-006 -1.785127711524302E-005
1235 1.314139063290140E-006 -2.459536130877474E-006
1236 -7.266197272069398E-005 1.359844591929266E-004
1237 2.892487265566563E-005 -5.413194093235340E-005
1238 -2.843101364301762E-005 5.320768382476032E-005
1239 1.754347236192704E-005 -3.283225155245107E-005
1240 4.437967478775866E-005 -8.305504534005418E-005
1241 -5.760787428031458E-006 1.078105548434241E-005
1242 3.960579537891023E-004 -7.412093180438419E-004
1243 -2.986706695398308E-004 5.589521119084010E-004
1244 -1.061251586260495E-005 1.986107742814137E-005
