 # The norm of the isolated state is   3455999.99366400     
 # I think there should be     3456000 i.e.    99.9999998166666      %
1 -6.623494552048990E-003 1.239564814401875E-002
2 -6.024985539423671E-005 1.127551624267250E-004
3 -5.320505294538514E-003 9.957146966999141E-003
4 2.499355822314318E-006 -4.677948752667950E-006
5 1.924111928956774E-005 -3.600871153203702E-005
6 2.131758889493125E-004 -3.989497895341748E-004
7 8.015553759094502E-003 -1.500083979502844E-002
8 3.063504800766887E-005 -5.733357526456640E-005
9 -5.599558877763355E-003 1.047938713272933E-002
10 4.744267585743743E-005 -8.878739896409299E-005
11 1.585673931423807E-003 -2.967535602453281E-003
12 5.123089619816471E-004 -9.587691375531013E-004
13 3.406051075759039E-005 -6.374306189093053E-005
14 8.762003498789216E-003 -1.639779585118205E-002
15 1.824270855764960E-003 -3.414061760445051E-003
16 -4.577962232288033E-004 8.567502887929951E-004
17 -3.445538220938840E-003 6.448209215930241E-003
18 8.667440312070299E-005 -1.622082208327949E-004
19 -1.488605574083654E-004 2.785874590025389E-004
20 7.287016589329418E-003 -1.363740718666142E-002
21 -7.331543541152590E-005 1.372073873767282E-004
22 3.231506931008761E-004 -6.047644558620237E-004
23 -1.394502366412283E-004 2.609764229902169E-004
24 9.160805299674449E-003 -1.714413996352452E-002
25 2.294857710977265E-002 -4.294749240231593E-002
26 2.217824767837443E-005 -4.150565026374631E-005
27 1.651418202367120E-002 -3.090573799084586E-002
28 -1.602882420779355E-004 2.999743345017976E-004
29 3.589605984170670E-003 -6.717827362112010E-003
30 1.002159493154010E-002 -1.875507911637013E-002
31 1.674048779847038E-004 -3.132926494041388E-004
32 3.575946652335172E-005 -6.692267863044812E-005
33 -4.989352075088928E-003 9.337405111265214E-003
34 -5.922159451766020E-004 1.108312680540096E-003
35 -5.738637199624863E-003 1.073966711357039E-002
36 1.787581339369362E-004 -3.345396116412236E-004
37 1.550901742855014E-003 -2.902460639932949E-003
38 5.096687489233818E-004 -9.538279850313006E-004
39 -8.937574246247449E-004 1.672637472651974E-003
40 1.269546322917322E-002 -2.375913370144160E-002
41 1.070354804661882E-003 -2.003133442571847E-003
42 5.640045792796475E-002 -0.105551564996879
43 -2.159291262005986E-002 4.041041205738415E-002
44 4.307074561543743E-004 -8.060545473972610E-004
45 1.374211705304583E-004 -2.571791113218898E-004
46 -1.340565735053267E-002 2.508823829749289E-002
47 -4.403176322052126E-004 8.240395353026618E-004
48 2.895678396497005E-005 -5.419164132905078E-005
49 -1.901451996131475E-002 3.558503687661880E-002
50 -2.290417109719845E-002 4.286438848272966E-002
51 -9.945047370450578E-004 1.861182732825047E-003
52 -8.602220650718971E-003 1.609876740648657E-002
53 4.703684529789463E-005 -8.802749427590314E-005
54 -9.978041770559080E-003 1.867357032652246E-002
55 -4.787029037689765E-004 8.958764093812350E-004
56 -1.448426045196449E-004 2.710680666361823E-004
57 3.059367297696285E-004 -5.725505387299487E-004
58 2.360042967916255E-003 -4.416741227964498E-003
59 -1.449220213530089E-004 2.712166811034090E-004
60 1.972204572617770E-005 -3.690913494411745E-005
61 -3.755395396980379E-004 7.028095475271199E-004
62 -5.822013003649767E-006 1.089573048950520E-005
63 -3.293794557794059E-004 6.164226471384984E-004
64 -1.403994190582181E-007 2.627613339543621E-007
65 -1.116656008558950E-004 2.089784375736832E-004
66 1.742072029970502E-003 -3.260229409343164E-003
67 2.508537650582810E-005 -4.694650473980756E-005
68 1.099431458578042E-004 -2.057548828202430E-004
69 -9.813665660197753E-004 1.836594638389252E-003
70 -1.831484326611310E-002 3.427561499424505E-002
71 6.020323045242593E-004 -1.126683072567934E-003
72 5.339951782006395E-006 -9.993529887942710E-006
73 1.283965784827391E-002 -2.402898890057482E-002
74 1.213558458941772E-002 -2.271133971783684E-002
75 -3.533174496360143E-004 6.612217499432080E-004
76 1.708438658733257E-003 -3.197285699626805E-003
77 -1.233408581910304E-004 2.308283704850482E-004
78 1.400937690802906E-002 -2.621807933774790E-002
79 1.029933224470789E-003 -1.927485490991502E-003
80 7.516619278911128E-004 -1.406710107780065E-003
81 -1.061802057910725E-002 1.987126956661069E-002
82 2.177485466170547E-002 -4.075091068008109E-002
83 -4.280365819068084E-003 8.010561091685350E-003
84 8.383911008448444E-003 -1.569020800443490E-002
85 -2.844863083909892E-004 5.324066202296377E-004
86 2.432206676428696E-002 -4.551793218206756E-002
87 -2.074689341949693E-003 3.882711562309308E-003
88 -2.603987136650143E-004 4.873274725399170E-004
89 -3.054568843449992E-004 5.716523176767870E-004
90 -1.470504414196385E-002 2.751999741690879E-002
91 1.669692744307492E-002 -3.124773979958526E-002
92 1.070049071234001E-004 -2.002560902712794E-004
93 -1.293347675539898E-004 2.420456413900856E-004
94 -1.773887557168502E-005 3.319759684046059E-005
95 1.864736847238579E-002 -3.489792487384281E-002
96 -6.410404133177832E-003 1.199685644238628E-002
97 9.356773773258694E-005 -1.751088832919622E-004
98 8.292089997990195E-005 -1.551837006307410E-004
99 -3.239451109035155E-004 6.062523951078493E-004
100 -1.694879136657974E-003 3.171909529314389E-003
101 4.568829664839227E-003 -8.550411538976632E-003
102 -1.541240811491200E-002 2.884380543762174E-002
103 4.225468440662448E-003 -7.907822513026064E-003
104 -1.398122613878726E-004 2.616539478907346E-004
105 1.496943971190074E-003 -2.801480482274381E-003
106 -2.004230006313672E-002 3.750849229147134E-002
107 -6.748955668225530E-004 1.263044472796677E-003
108 4.552245476611542E-005 -8.519374878956334E-005
109 -1.109397189514796E-002 2.076199653232892E-002
110 -1.595973765159847E-004 2.986811280561395E-004
111 -1.785346523419151E-005 3.341214984255283E-005
112 -6.231441104487862E-003 1.166193313545986E-002
113 1.624853899892777E-002 -3.040859574132073E-002
114 -5.272750311187823E-004 9.867775369311832E-004
115 1.144181082486729E-004 -2.141296178176901E-004
116 -2.390034935523482E-003 4.472870255203308E-003
117 -1.289942723095647E-004 2.414084650649943E-004
118 2.432723308215987E-003 -4.552760100848673E-003
119 -7.412694869393393E-005 1.387260738946256E-004
120 1.911416526663697E-004 -3.577152169603009E-004
121 1.086964077703685E-002 -2.034216822735224E-002
122 -1.875962713981600E-004 3.510801196115554E-004
123 -2.309750372095801E-003 4.322620390890539E-003
124 1.319983058975056E-004 -2.470303789824646E-004
125 6.059383463965047E-003 -1.133993310434037E-002
126 -5.096026531749084E-005 9.537041086911117E-005
127 -2.396444470891697E-004 4.484865685970343E-004
128 -3.089419313760253E-003 5.781744693869315E-003
129 -1.854671936390978E-003 3.470956361062890E-003
130 2.137861204545431E-005 -4.000940463401424E-005
131 3.317699834001811E-004 -6.208964117486210E-004
132 -1.191351322675588E-006 2.229572868063290E-006
133 -6.529438853566752E-006 1.221965676510316E-005
134 -1.294236650478676E-004 2.422120488954311E-004
135 -1.687698302395392E-005 3.158462916181495E-005
136 1.628645263778783E-003 -3.047955024879585E-003
137 7.900332935234062E-004 -1.478520838350387E-003
138 -3.690012861930616E-005 6.905735773684526E-005
139 -1.163953268956057E-004 2.178299140398046E-004
140 -2.423464403355184E-003 4.535432376184160E-003
141 -1.284011349273138E-005 2.402978882023863E-005
142 -3.887560203919771E-003 7.275438709159022E-003
143 -4.488668672827683E-005 8.400397126227891E-005
144 7.106028021375960E-003 -1.329869319904099E-002
145 -1.424351023851356E-003 2.665625284605720E-003
146 1.851704128204556E-005 -3.465404083522729E-005
147 -3.301618997530309E-003 6.178869006263483E-003
148 2.233171417238628E-005 -4.179309336069803E-005
149 -3.174878262642853E-003 5.941678120496229E-003
150 -8.311041462793399E-005 1.555383234473521E-004
151 -1.067582122032828E-004 1.997943398995007E-004
152 -3.964355329727780E-004 7.419158297799010E-004
153 1.147998033365686E-004 -2.148440315763935E-004
154 -6.846911998621679E-006 1.281373393412116E-005
155 1.225799243317786E-003 -2.294042246352006E-003
156 4.550045371853333E-005 -8.515254905694481E-005
157 8.002694334180906E-005 -1.497677348356213E-004
158 -2.932779498906804E-003 5.488598228917374E-003
159 1.928286219922794E-003 -3.608723004651886E-003
160 -3.490168475119801E-004 6.531733588239035E-004
161 1.704892160131953E-005 -3.190650132536274E-005
162 3.195428337175585E-007 -5.980323127247409E-007
163 8.010022447334611E-004 -1.499048813409020E-003
164 -2.564518863239435E-005 4.799425218687224E-005
165 -3.840577625781151E-006 7.187497190997713E-006
166 1.922649616070937E-005 -3.598170989458345E-005
167 -4.232605853275396E-004 7.921180595984625E-004
168 1.636766872074244E-005 -3.063148204570203E-005
169 1.442530127723280E-005 -2.699647467184468E-005
170 2.136525557988381E-004 -3.998434661889877E-004
171 2.244692579372725E-005 -4.200864163770628E-005
172 -6.852984298757357E-006 1.282514723232945E-005
173 8.260264570066173E-004 -1.545880830803087E-003
174 -1.225349581564251E-004 2.293201176241752E-004
175 -1.115755972471958E-005 2.088101791465147E-005
176 -3.689489720565204E-004 6.904756149648625E-004
177 -2.599133664498476E-005 4.864195729983771E-005
178 1.510895274733772E-004 -2.827590173738363E-004
179 -2.346956497139875E-004 4.392250182360079E-004
180 1.279452337232254E-005 -2.394456960231181E-005
181 -1.203993603527103E-003 2.253233632111372E-003
182 -8.936331047201898E-005 1.672404374390522E-004
183 -4.814377322945337E-005 9.009921592654924E-005
184 -1.042523564370452E-004 1.951048036059461E-004
185 5.792495108150718E-007 -1.084030648698861E-006
186 3.156749045137121E-004 -5.907750012344286E-004
187 7.182803113744597E-004 -1.344237559678767E-003
188 -2.222538285391481E-005 4.159400908450467E-005
189 5.142268396131523E-005 -9.623585302948879E-005
190 3.403465313981148E-005 -6.369467721278039E-005
191 -1.084878688960696E-003 2.030314085301326E-003
192 1.516927118425428E-004 -2.838878100980987E-004
193 5.347641335120145E-004 -1.000793148463677E-003
194 1.684751581481147E-006 -3.152987366027560E-006
195 -1.232042351121168E-004 2.305726577443971E-004
196 -6.373230703871734E-004 1.192728818718668E-003
197 -1.110001997764315E-003 2.077331578265744E-003
198 2.564938066382485E-003 -4.800195595159806E-003
199 4.027039582643024E-005 -7.536471178373274E-005
200 2.609740336723741E-003 -4.884041281190871E-003
201 -9.549796716494733E-006 1.787212180536452E-005
202 5.254719108008442E-004 -9.834030305966002E-004
203 -1.355483723334072E-003 2.536742357039947E-003
204 1.758875519486240E-003 -3.291676439840564E-003
205 3.021581475431012E-005 -5.654788771002013E-005
206 -6.209842141891441E-004 1.162151132042481E-003
207 6.505039847189427E-005 -1.217396444908790E-004
208 -1.086020377289565E-003 2.032450734950112E-003
209 -8.702766318285982E-004 1.628693581567303E-003
210 2.433567205660185E-005 -4.554319953180214E-005
211 -4.764748574165917E-004 8.917067434290072E-004
212 -2.100816140096752E-005 3.931602709810368E-005
213 -8.870451083074196E-005 1.660074866273128E-004
214 -4.590589639951181E-006 8.591114809241998E-006
215 4.862963763085483E-004 -9.100873996486869E-004
216 -4.384680247433500E-005 8.205759222759393E-005
217 -1.762320097603058E-006 3.298108175810648E-006
218 2.432656323616794E-003 -4.552634660201833E-003
219 -1.090916511549350E-004 2.041613085254535E-004
220 1.891553495114865E-005 -3.539990693367567E-005
221 -2.615170708403625E-003 4.894204353198111E-003
222 1.365584291508440E-003 -2.555645279828592E-003
223 -2.964666960152847E-004 5.548272478329132E-004
224 1.916865503202519E-003 -3.587349484836697E-003
225 -3.869390423694737E-005 7.241431614809924E-005
226 5.554572157747777E-004 -1.039519526831466E-003
227 5.230165632290481E-004 -9.788078154308222E-004
228 2.720166370808328E-003 -5.090700232825016E-003
229 -1.903792030250255E-005 3.562894365148766E-005
230 -8.744356241061095E-004 1.636476951997124E-003
231 -4.025493995984346E-005 7.533603618052735E-005
232 1.102963058102950E-004 -2.064158302324788E-004
233 -2.077025368603401E-003 3.887083317932940E-003
234 -2.012838821095546E-003 3.766960401235482E-003
235 6.607515745207413E-005 -1.236574363769718E-004
236 1.519447868935542E-004 -2.843595669012588E-004
237 2.755383960955399E-004 -5.156608529434655E-004
238 1.828107745433381E-003 -3.421242379574510E-003
239 -8.874443558863573E-005 1.660821742190195E-004
240 9.642103450636545E-004 -1.804487304754629E-003
241 -1.006858994818392E-004 1.884302947752465E-004
242 -4.646051516160424E-004 8.694929473224684E-004
243 -2.716986817744874E-004 5.084749986501065E-004
244 -1.469705811222786E-003 2.750505127179130E-003
245 -3.292638096991365E-005 6.162058050767552E-005
246 -6.037372782553138E-005 1.129873791673022E-004
247 6.632961529051012E-004 -1.241336484500774E-003
248 2.498749815283945E-005 -4.676324915196664E-005
249 -9.837334463267066E-004 1.841024145631415E-003
250 6.062766531261361E-006 -1.134626756737556E-005
251 3.075080695615262E-003 -5.754910383948102E-003
252 3.098172255860069E-003 -5.798125482512156E-003
253 7.476242197216949E-005 -1.399155139119029E-004
254 -5.630844427821138E-004 1.053793646686967E-003
255 1.543181085420928E-003 -2.888011686597364E-003
256 9.229194446732012E-005 -1.727212837796084E-004
257 3.494159238907398E-005 -6.539196439636504E-005
258 -6.127313859262690E-005 1.146704152196128E-004
259 9.988678167428037E-004 -1.869347620976363E-003
260 -3.064665683463787E-005 5.735428493527750E-005
261 3.511505760817346E-003 -6.571665255344169E-003
262 -5.813904371958495E-003 1.088052708231780E-002
263 2.830056825329991E-003 -5.296356577530100E-003
264 1.359627396037987E-004 -2.544497892915824E-004
265 -8.759307158712580E-004 1.639274964900550E-003
266 -7.114616567839569E-004 1.331476690381286E-003
267 -1.804534312673024E-004 3.377124169370107E-004
268 -5.746865721569643E-004 1.075506902023500E-003
269 -1.910659065444502E-003 3.575734389365049E-003
270 8.742065910346687E-005 -1.636048018038641E-004
271 1.158042355527858E-004 -2.167237192701892E-004
272 -2.637615018949202E-003 4.936208089417807E-003
273 6.429811822495981E-005 -1.203317815788149E-004
274 1.342836870242583E-003 -2.513074140074023E-003
275 6.307687855154408E-004 -1.180462684731601E-003
276 -1.833589058338792E-003 3.431500467595285E-003
277 3.894957674699189E-004 -7.289282681225277E-004
278 -1.342711994298134E-004 2.512840511475793E-004
279 1.266301439824821E-003 -2.369840632367207E-003
280 -3.331338905741620E-003 6.234488994164069E-003
281 -8.947914263138035E-004 1.674572310888980E-003
282 2.591767145658093E-003 -4.850405286638810E-003
283 3.957501333387705E-004 -7.406328905552907E-004
284 2.657288729709573E-005 -4.973025273018522E-005
285 1.780909773368024E-003 -3.332913002819739E-003
286 3.235900796163961E-003 -6.055879882824766E-003
287 4.774655247999554E-004 -8.935607194125175E-004
288 2.057746741174779E-004 -3.851004344181058E-004
289 -1.815961828309524E-003 3.398511694269182E-003
290 2.927206867734103E-004 -5.478169850058873E-004
291 -1.797049872258601E-003 3.363118559183074E-003
292 3.271105636350482E-004 -6.121764546458119E-004
293 2.895539914146579E-003 -5.418905822701349E-003
294 8.856258689823752E-004 -1.657419113872528E-003
295 4.904503105041205E-005 -9.178614734989496E-005
296 7.524809632706000E-005 -1.408243214112520E-004
297 -1.346089772929597E-004 2.519162002666582E-004
298 -9.057873305311705E-004 1.695150619725009E-003
299 1.000703022909192E-005 -1.872782380856974E-005
300 -3.901611557732522E-004 7.301735147011366E-004
301 3.679293366440215E-003 -6.885674135300680E-003
302 1.514542282051722E-005 -2.834418389059132E-005
303 -6.537461048303349E-006 1.223426391632726E-005
304 1.195163664507618E-002 -2.236708729463815E-002
305 -5.875848293128692E-003 1.099645309503592E-002
306 -1.330348708876888E-004 2.489703220670349E-004
307 2.079138013823398E-003 -3.891037090054364E-003
308 6.380487576391873E-004 -1.194086808772438E-003
309 2.628868613417028E-003 -4.919839436608705E-003
310 4.101458219179313E-004 -7.675740569746077E-004
311 1.274750575559587E-004 -2.385653069301897E-004
312 -2.749888618010032E-003 5.146324318596078E-003
313 -1.292572765594739E-004 2.419006270655414E-004
314 8.551999591925988E-004 -1.600478075012226E-003
315 -1.431639490235007E-003 2.679265332456732E-003
316 -1.873740043070626E-004 3.506641160367724E-004
317 1.061654262755750E-004 -1.986850633833202E-004
318 -3.806419306131519E-003 7.123586096924046E-003
319 9.251197050617070E-006 -1.731336450159091E-005
320 2.066380834489692E-005 -3.867157179611498E-005
321 -7.064626028615213E-004 1.322121082741512E-003
322 -2.584801040312878E-003 4.837368496194528E-003
323 -1.748249995735681E-004 3.271791446328823E-004
324 3.784007404454650E-003 -7.081642976246938E-003
325 -1.512081132931820E-003 2.829809149517905E-003
326 -1.642702404628063E-005 3.074260344045932E-005
327 3.819101929496647E-003 -7.147321205155170E-003
328 3.330125745247287E-004 -6.232218776454046E-004
329 3.051690542816206E-005 -5.711132011524827E-005
330 1.222353114742367E-004 -2.287592502012244E-004
331 -5.889582635557800E-004 1.102215643547303E-003
332 -3.701705252172902E-005 6.927597243241343E-005
333 2.664760191719998E-005 -4.987015380214973E-005
334 1.657822271838933E-003 -3.102558779644600E-003
335 -4.144168284845844E-003 7.755672059813607E-003
336 1.034390882280102E-004 -1.935828308377273E-004
337 3.743423018254168E-004 -7.005690957674136E-004
338 6.696904285092402E-005 -1.253302781709072E-004
339 1.577128337510021E-004 -2.951542646651365E-004
340 5.610189501669547E-004 -1.049928146499676E-003
341 -3.075672195365895E-003 5.756017375798454E-003
342 -1.679087941110856E-003 3.142356789685000E-003
343 -5.710826783178779E-005 1.068763730205869E-004
344 1.112213590742194E-004 -2.081464341878507E-004
345 -8.666238722752078E-005 1.621858078720446E-004
346 1.406109014558940E-003 -2.631485896420251E-003
347 -1.515912043364223E-003 2.836978548744808E-003
348 1.187363016789972E-005 -2.222105879524801E-005
349 1.163999488416472E-004 -2.178386271839781E-004
350 -1.317638195397885E-004 2.465916208093833E-004
351 -8.433148500268555E-004 1.578235476274780E-003
352 -7.732641137034907E-004 1.447137862255970E-003
353 -1.860018757292213E-003 3.480962717542633E-003
354 -3.473485348961534E-004 6.500510891851669E-004
355 3.188614678681573E-004 -5.967385950903961E-004
356 3.203121910852929E-003 -5.994535285000797E-003
357 -2.441399608974352E-005 4.569007448231496E-005
358 3.906482827252175E-004 -7.310851534464869E-004
359 9.413171938359494E-005 -1.761644301628106E-004
360 3.165514607658057E-003 -5.924154502561346E-003
361 -1.006123963301263E-003 1.882927272052983E-003
362 2.446275555838805E-004 -4.578122721520918E-004
363 6.997750675265470E-004 -1.309605505389794E-003
364 -2.088075732706096E-004 3.907764912050915E-004
365 -1.083255042922822E-002 2.027275497768957E-002
366 1.767935259804086E-005 -3.308634976419701E-005
367 2.195192048034625E-004 -4.108228470160389E-004
368 3.813334765600210E-004 -7.136528579107816E-004
369 5.485856074847847E-003 -1.026659574580796E-002
370 -2.476760210982854E-004 4.635173362289319E-004
371 8.343331136104311E-003 -1.561426452874414E-002
372 -2.192191902671191E-005 4.102623311002711E-005
373 -3.391873255065262E-005 6.347780274401173E-005
374 1.074723616256611E-002 -2.011309212680537E-002
375 -1.160332412183230E-003 2.171523293004402E-003
376 -5.063655141511488E-003 9.476460820043251E-003
377 5.088719110248323E-003 -9.523367246738863E-003
378 8.510844105685820E-004 -1.592775812919780E-003
379 3.282561422083054E-003 -6.143203693266278E-003
380 3.010128451923157E-004 -5.633354416670358E-004
381 3.223023813589475E-004 -6.031780814384017E-004
382 -5.473630277197354E-003 1.024371553572520E-002
383 -3.224726587445328E-005 6.034970947471894E-005
384 -6.190259630104928E-003 1.158486334173167E-002
385 -2.700470417569408E-004 5.053840546056804E-004
386 5.038641755583297E-003 -9.429649095829769E-003
387 -1.503053623422589E-006 2.812907061795662E-006
388 -5.763062261001328E-003 1.078537780328562E-002
389 -1.226504440423266E-002 2.295361940745628E-002
390 -1.474283770239482E-004 2.759072229015008E-004
391 -1.306219176579468E-003 2.444545390407931E-003
392 1.806552460702066E-003 -3.380902171891923E-003
393 1.596034015460040E-002 -2.986924149917289E-002
394 -2.921225250324937E-004 5.466975026858473E-004
395 9.702978000239088E-005 -1.815880005928625E-004
396 3.508785714517687E-003 -6.566574818737266E-003
397 -2.668696914432267E-004 4.994377001169984E-004
398 -1.370039619780893E-004 2.563982727365716E-004
399 1.597475051372334E-004 -2.989621117495272E-004
400 5.053639926577905E-004 -9.457717513181590E-004
401 -1.150629613952380E-002 2.153364748687905E-002
402 -3.789360917564144E-004 7.091661936546284E-004
403 1.103579386175589E-002 -2.065311826500791E-002
404 4.659624840840585E-004 -8.720330860354159E-004
405 -2.925360522949504E-003 5.474714169392868E-003
406 -4.413666915097010E-005 8.260021988891192E-005
407 -1.714969167243560E-005 3.209475856238091E-005
408 5.387536639736549E-005 -1.008259419510869E-004
409 -3.418720697888184E-003 6.398021186727083E-003
410 3.724320629808202E-003 -6.969941218325383E-003
411 -4.983480536587052E-003 9.326416741386963E-003
412 -1.797767265893095E-003 3.364461184974815E-003
413 3.062660839240660E-005 -5.731673810898588E-005
414 1.877497197740373E-003 -3.513673069735332E-003
415 -1.100283538785200E-004 2.059146969102106E-004
416 3.750674447246428E-003 -7.019261488321518E-003
417 8.400545017596980E-003 -1.572133836610009E-002
418 4.763161606351937E-004 -8.914097322868445E-004
419 4.418234563115347E-004 -8.268577877056859E-004
420 4.164526893851394E-003 -7.793772442823898E-003
421 -2.657367880811335E-004 4.973174835596631E-004
422 3.542089435054922E-003 -6.628901631860267E-003
423 3.538387011802576E-005 -6.621965490936396E-005
424 -1.392044777044940E-002 2.605165134803727E-002
425 -1.099907892267870E-002 2.058440746654330E-002
426 5.104439435081421E-004 -9.552787248038487E-004
427 -1.445463524341561E-004 2.705138290341625E-004
428 2.446287796641850E-003 -4.578145601830422E-003
429 -1.162522932125325E-002 2.175622689989914E-002
430 -5.322218410022944E-004 9.960353376545909E-004
431 -4.940043021829975E-005 9.245127774501973E-005
432 -2.403652032326407E-003 4.498354222672511E-003
433 -1.026970904596101E-002 1.921941619724268E-002
434 2.940388348178743E-003 -5.502838223915978E-003
435 -2.445362027924992E-004 4.576413368138653E-004
436 -1.792321829938048E-003 3.354270232269537E-003
437 1.313097851030900E-002 -2.457418608034198E-002
438 1.143527736282489E-003 -2.140073706416415E-003
439 -2.597146219354345E-002 4.860472070100143E-002
440 -5.378519727403753E-004 1.006571909825732E-003
441 -1.132669219640439E-003 2.119752430717136E-003
442 2.656183601034508E-004 -4.970958329858550E-004
443 8.730520523811279E-003 -1.633887653569824E-002
444 -4.933840841675540E-005 9.233520987052611E-005
445 4.913282367307500E-004 -9.195043055558033E-004
446 -3.520011515134570E-004 6.587583301564583E-004
447 1.073530273626990E-002 -2.009075914014463E-002
448 -5.694005024309858E-004 1.065613951794447E-003
449 1.749801197909858E-006 -3.274717500119727E-006
450 5.555223988086739E-003 -1.039641545913542E-002
451 -1.714498315275224E-005 3.208627000731513E-005
452 -4.760709206373418E-003 8.909507684733992E-003
453 3.348600999652990E-004 -6.266794573079217E-004
454 -2.863191868246455E-004 5.358367613836278E-004
455 -9.684207069048970E-003 1.812366884438697E-002
456 -6.210362677174484E-003 1.162248552434909E-002
457 -2.673899542599606E-003 5.004113321115815E-003
458 1.723171419332497E-003 -3.224857544500697E-003
459 -2.022627900549705E-004 3.785280600807436E-004
460 -2.078260878704971E-004 3.889395627231939E-004
461 1.195278518795279E-002 -2.236923677870262E-002
462 3.376533259917972E-005 -6.319070346726226E-005
463 -2.438573787377541E-004 4.563708956854068E-004
464 -2.034970533825599E-004 3.808379602884322E-004
465 6.809183994065379E-004 -1.274316027194116E-003
466 -1.088409074333986E-002 2.036921099868057E-002
467 1.685244516722865E-002 -3.153878620153134E-002
468 -4.372187030703720E-004 8.182401019178892E-004
469 1.920975569235094E-002 -3.595041374658522E-002
470 4.310247802636555E-003 -8.066484477743139E-003
471 1.111385002746835E-002 -2.079919780916777E-002
472 -1.125684612424966E-003 2.106681018184538E-003
473 -5.299873300596076E-004 9.918535168526599E-004
474 -2.075904280708960E-002 3.884985262810872E-002
475 7.351788443847832E-004 -1.375862564909223E-003
476 -2.813518879543664E-003 5.265406281913300E-003
477 1.758565967249952E-003 -3.291097207379278E-003
478 -1.727998312278672E-002 3.233890913118777E-002
479 9.157956116052184E-004 -1.713880828628983E-003
480 -1.924060331399053E-002 3.600814408794496E-002
481 -4.439387213849123E-003 8.308164405640013E-003
482 6.482454229386088E-003 -1.213169577869827E-002
483 -2.680857878089623E-004 5.017135762746716E-004
484 7.161411764313950E-004 -1.340234187384305E-003
485 2.226252367470444E-003 -4.166356636060478E-003
486 -7.659268178672605E-004 1.433406441980443E-003
487 2.025505231534686E-002 -3.790665136528530E-002
488 -9.115342343747477E-003 1.705905757925968E-002
489 -3.949365408494674E-003 7.391104956517231E-003
490 -3.553132703975307E-002 6.649568780548515E-002
491 1.318921971877348E-003 -2.468318164244875E-003
492 8.491412663217592E-004 -1.589139436120783E-003
493 -2.086895379071132E-004 3.905553597989254E-004
494 1.804297564696445E-004 -3.376682132355885E-004
495 1.286491408865285E-003 -2.407625554504961E-003
496 -1.115863156865194E-002 2.088300486914817E-002
497 -8.293471319259911E-004 1.552095394637605E-003
498 -8.453768405289575E-004 1.582094435217797E-003
499 -1.364819299290660E-002 2.554213571007659E-002
500 -1.220409728213158E-002 2.283955901019922E-002
501 -3.384424206541845E-005 6.333842291807152E-005
502 3.480083403732309E-003 -6.512859428069700E-003
503 1.626966608306989E-002 -3.044813473459520E-002
504 -2.235903459316372E-003 4.184418407686224E-003
505 1.803458379920883E-002 -3.375111897363758E-002
506 5.123454960000371E-004 -9.588373111657047E-004
507 -5.039226795821618E-004 9.430744023940128E-004
508 -1.515770464231552E-003 2.836713581880100E-003
509 -3.318471147941238E-002 6.210407484875875E-002
510 -1.748094740000130E-003 3.271501213808002E-003
511 -3.448512452171287E-004 6.453775241630803E-004
512 -1.481263232093773E-004 2.772131400781053E-004
513 -1.435874435764667E-002 2.687190901074820E-002
514 -1.849289281174694E-002 3.460882881673361E-002
515 -3.026106336386371E-004 5.663255676691124E-004
516 7.064384228044155E-005 -1.322075330566445E-004
517 1.480631863979075E-002 -2.770952895443947E-002
518 -2.796969772851933E-002 5.234435161428474E-002
519 5.956653104071726E-004 -1.114767730145206E-003
520 -6.816068195596861E-003 1.275604320120011E-002
521 -3.614978727630159E-002 6.765311483737543E-002
522 -7.681180634765703E-003 1.437507188526667E-002
523 3.424396472386450E-002 -6.408643214750012E-002
524 5.104638132646954E-003 -9.553159142526387E-003
525 -5.477338167608839E-004 1.025065422370204E-003
526 -1.246259558754274E-002 2.332332985449484E-002
527 -2.374352696847927E-003 4.443521573361965E-003
528 8.502678127649705E-004 -1.591247691311348E-003
529 1.035942206250819E-004 -1.938730473757297E-004
530 1.457505861777524E-002 -2.727673365600309E-002
531 1.635528447565375E-002 -3.060836649630420E-002
532 -1.122475335476292E-003 2.100674956705283E-003
533 1.385740376596085E-002 -2.593366659327958E-002
534 2.956262884393567E-003 -5.532546857198787E-003
535 4.456009059096309E-003 -8.339271530664554E-003
536 4.605803684014213E-002 -8.619607198140741E-002
537 4.621690331925078E-003 -8.649338540665146E-003
538 -3.669575130670462E-004 6.867486497358725E-004
539 -2.488459353470036E-002 4.657068254386297E-002
540 6.480797454692656E-003 -1.212859515654373E-002
541 -1.753768342791664E-002 3.282118655309558E-002
542 -3.756741183837775E-002 7.030615184255661E-002
543 -5.086857433420657E-004 9.519883081424456E-004
544 3.944271515787501E-004 -7.381571422450181E-004
545 2.700464464953421E-002 -5.053828722424906E-002
546 1.691251746286958E-004 -3.165120966093498E-004
547 6.605380109597657E-003 -1.236174739809611E-002
548 3.883390232265651E-004 -7.267634581260379E-004
549 -4.412988523599385E-004 8.258760320159193E-004
550 6.936815285102320E-003 -1.298201722611701E-002
551 -2.061436899988758E-004 3.857909367538025E-004
552 1.494950950144609E-003 -2.797750597986703E-003
553 1.832951589356961E-002 -3.430307456870096E-002
554 5.034993745082506E-003 -9.422821988967800E-003
555 -4.433271875597707E-002 8.296719681731926E-002
556 -3.922300319992456E-003 7.340453516942012E-003
557 4.016904861487179E-002 -7.517502773843086E-002
558 2.080970071159221E-003 -3.894465940332465E-003
559 -1.697394275974520E-002 3.176616486891963E-002
560 2.821122940635678E-002 -5.279637010622141E-002
561 2.977693079637430E-003 -5.572652731907087E-003
562 -7.931046273113036E-002 0.148426871599482
563 -7.402948366467115E-003 1.385436971913386E-002
564 1.687583888107987E-002 -3.158256679282822E-002
565 1.673524398347741E-003 -3.131944764889009E-003
566 -3.146690541019108E-002 5.888925846387383E-002
567 -7.669436819030816E-003 1.435309391508604E-002
568 1.049713632695231E-002 -1.964503866463002E-002
569 3.808929760263459E-002 -7.128284344455942E-002
570 -2.289313947336846E-004 4.284374302458627E-004
571 -2.167366083133970E-002 4.056152966908001E-002
572 -1.058919192481213E-002 1.981731761871373E-002
573 3.150620353702194E-002 -5.896280384759608E-002
574 2.179763958568998E-004 -4.079355896200736E-004
575 -7.722306996678031E-002 0.144520386350042
576 1.250840113856889E-003 -2.340905331511047E-003
577 -3.374723040706229E-002 6.315681036032569E-002
578 -4.193312739884696E-002 7.847644202863664E-002
579 -1.515814350690273E-003 2.836795858394228E-003
580 4.459488522916628E-002 -8.345783262207512E-002
581 -4.028372068439859E-004 7.538962981510661E-004
582 1.841636313759264E-002 -3.446560619110461E-002
583 -2.966726399700917E-003 5.552129032764676E-003
584 6.210042342662778E-002 -0.116218860330638
585 -5.294347022033305E-003 9.908192843320927E-003
586 3.792910528814166E-002 -7.098304879778450E-002
587 1.017532894742405E-002 -1.904278699266219E-002
588 -1.472230338341668E-003 2.755229727441868E-003
589 -5.839567052997969E-004 1.092855369514920E-003
590 2.904019268054497E-002 -5.434774691276373E-002
591 2.050727502865939E-003 -3.837867709877676E-003
592 2.638016263864365E-003 -4.936959002970185E-003
593 -1.431388364314594E-004 2.678795354952043E-004
594 1.616660482739427E-002 -3.025525894286191E-002
595 -2.785310454682330E-003 5.212615134082750E-003
596 -2.277326598820155E-002 4.261940378917861E-002
597 2.699444190126189E-003 -5.051919349889650E-003
598 -3.880564069417741E-002 7.262345568019661E-002
599 5.859479686668100E-004 -1.096581969398614E-003
600 -4.873366327528139E-005 9.120339173083949E-005
601 2.776032296894144E-002 -5.195251373828619E-002
602 -4.553123771069678E-002 8.521018492636862E-002
603 -1.256036872174251E-003 2.350630899438210E-003
604 -7.844214554651353E-003 1.468018456965479E-002
605 8.576403365435035E-004 -1.605045152965205E-003
606 7.559016054613732E-003 -1.414644511844592E-002
607 -4.760728990745292E-003 8.909544707163609E-003
608 -2.368654668763940E-003 4.432857808183125E-003
609 -3.177025660325165E-004 5.945696984746997E-004
610 -3.076634521688862E-004 5.757818258455422E-004
611 1.310329271278494E-002 -2.452237296075525E-002
612 5.493865551106734E-002 -0.102815851661009
613 -2.625467819581896E-004 4.913474974023339E-004
614 1.820662610323307E-003 -3.407309022846574E-003
615 -1.023637893367920E-002 1.915703996254045E-002
616 1.692163962638239E-004 -3.166828690135061E-004
617 8.287378576149588E-004 -1.550954871011104E-003
618 1.588762090466605E-003 -2.973315007301223E-003
619 -8.074372630879822E-003 1.511091771050812E-002
620 7.893425423196531E-003 -1.477228101053996E-002
621 -2.257760558370411E-002 4.225323197067865E-002
622 4.389105144970149E-004 -8.214061504746296E-004
623 -3.463436467373061E-004 6.481704834790064E-004
624 -2.050433785127464E-002 3.837318090534655E-002
625 -8.312632072086951E-004 1.555681175457317E-003
626 1.075167896611495E-002 -2.012140670287844E-002
627 -8.356888357877999E-004 1.563963530964069E-003
628 -8.242265086532133E-004 1.542512066783598E-003
629 2.624133270905100E-002 -4.910977438461164E-002
630 2.404259787629759E-002 -4.499491584645857E-002
631 4.163676198965611E-004 -7.792181594826351E-004
632 -2.283251236565044E-004 4.273027219319054E-004
633 1.877085701759731E-002 -3.512902952408758E-002
634 -6.443662774524949E-003 1.205909884946120E-002
635 1.678521788188993E-003 -3.141297150200953E-003
636 4.132630433855233E-003 -7.734079256594108E-003
637 -6.085714583588913E-002 0.113892108124667
638 -1.632792471620925E-004 3.055716858050088E-004
639 -1.423112063990892E-002 2.663306515870085E-002
640 2.925394961881473E-003 -5.474778593965313E-003
641 2.811299926696745E-002 -5.261253569101263E-002
642 -9.653842385956620E-004 1.806684269742555E-003
643 -1.097105105075677E-002 2.053195422292218E-002
644 6.352598051099962E-004 -1.188867417919047E-003
645 -1.224748291651776E-002 2.292075360691775E-002
646 -5.453322672074606E-004 1.020570756720900E-003
647 -0.216055704754399 0.404341007763263
648 3.114767695246761E-002 -5.829183304521708E-002
649 9.256619746663446E-005 -1.732346025531075E-004
650 8.410245087962147E-004 -1.573949263789518E-003
651 6.667725222605118E-002 -0.124784242079768
652 -1.358088438786761E-005 2.541627213611032E-005
653 0.115056097328431 -0.215323628859966
654 0.203230921312488 -0.380339856366068
655 5.813584967047176E-004 -1.087993024669636E-003
656 1.044068820215900E-004 -1.953939807441137E-004
657 -0.113735045093475 0.212851324151020
658 8.401755495461502E-002 -0.157236037316235
659 -7.589638565840133E-003 1.420375427703436E-002
660 2.340895297862636E-002 -4.380907060419069E-002
661 3.636648890689864E-006 -6.805868706968753E-006
662 -1.848656614601504E-002 3.459698879430553E-002
663 -3.312803168501525E-002 6.199800066015897E-002
664 2.657970454467112E-004 -4.974303225456594E-004
665 6.741288848855285E-003 -1.261609605782743E-002
666 1.781117891017604E-004 -3.333301177860693E-004
667 -1.634287623577314E-004 3.058512850365001E-004
668 -5.381847673089691E-003 1.007194748066538E-002
669 -4.978829465426300E-003 9.317712411101381E-003
670 -8.236571193882547E-005 1.541445890975497E-004
671 -8.232996005478109E-003 1.540777601800875E-002
672 -2.772759430726968E-004 5.189123933915052E-004
673 -3.290568025513994E-002 6.158187722921080E-002
674 1.568897672709268E-004 -2.936138260924356E-004
675 -1.316246020859197E-003 2.463310346185914E-003
676 3.301248106728458E-002 -6.178175128014742E-002
677 1.081210732755532E-004 -2.023448755238352E-004
678 -1.972465000189937E-003 3.691402106181112E-003
679 1.131424105362189E-004 -2.117420080121887E-004
680 -4.954564249868805E-004 9.272301623643622E-004
681 3.396550700171529E-002 -6.356530738375316E-002
682 5.316428322505787E-003 -9.949517361164091E-003
683 1.121599626121474E-004 -2.099035975675006E-004
684 8.577400059683139E-003 -1.605231666308242E-002
685 1.911871956389354E-005 -3.577999033762695E-005
686 6.967072186082397E-004 -1.303864225041604E-003
687 3.028827292125220E-005 -5.668350938196141E-005
688 -8.835391320028902E-003 1.653513858982886E-002
689 -2.451679494609149E-004 4.588236520129758E-004
690 -9.442064770766859E-005 1.767051075913907E-004
691 8.537170922833360E-003 -1.597702908765048E-002
692 1.728752410515485E-002 -3.235302175555369E-002
693 -1.657045952894887E-006 3.101081073239650E-006
694 -3.341505421180429E-004 6.253514292577206E-004
695 -1.304647316190545E-002 2.441603723605644E-002
696 -1.618780017319608E-003 3.029492531781432E-003
697 -2.846314320620717E-002 5.326781813822310E-002
698 -1.769713734323704E-002 3.311959907220723E-002
699 5.389264500151636E-005 -1.008583359271556E-004
700 9.935200095931390E-003 -1.859339380805494E-002
701 -4.728789028562486E-004 8.849769915127266E-004
702 1.907988589410734E-002 -3.570736667344902E-002
703 1.293433148636258E-004 -2.420616780458144E-004
704 4.616748040151489E-002 -8.640089248012298E-002
705 -1.322623566876943E-002 2.475245658222430E-002
706 -3.955886449405714E-004 7.403308789833874E-004
707 -2.146675997998414E-003 4.017432183125205E-003
708 -4.793120925664146E-004 8.970165204702288E-004
709 4.655541013782380E-003 -8.712688960304561E-003
710 1.016282686658243E-002 -1.901938976775208E-002
711 2.720857855822610E-005 -5.091983079886350E-005
712 -1.443362552258752E-005 2.701219746406568E-005
713 1.384470965086764E-002 -2.590991000202838E-002
714 2.587978717782994E-003 -4.843315385398417E-003
715 -7.269898447973192E-005 1.360536967204804E-004
716 -7.254281606773131E-005 1.357614375666640E-004
717 -3.444865506495660E-005 6.446950456960784E-005
718 2.714317730034753E-005 -5.079810829103624E-005
719 6.071053267120089E-003 -1.136177270255185E-002
720 4.330888598593846E-005 -8.105078891966990E-005
721 -2.607291654551878E-005 4.879459145457848E-005
722 -5.836600979275203E-005 1.092305190167281E-004
723 3.599379782626532E-006 -6.735839690016474E-006
724 -3.815296104764157E-003 7.140198737874237E-003
725 -7.981764531933475E-005 1.493758892335541E-004
726 -1.176774670335616E-002 2.202294342917521E-002
727 6.649471061569619E-005 -1.244423666801506E-004
728 2.028171044154784E-003 -3.795654123886466E-003
729 5.629698845875019E-005 -1.053578924416909E-004
730 8.753715103727943E-003 -1.638228435908895E-002
731 -5.113400830331531E-005 9.569571882731432E-005
732 1.979128246844708E-003 -3.703872189141036E-003
733 -4.561588369894809E-005 8.536830466938324E-005
734 -5.360887000992533E-004 1.003272081149487E-003
735 -1.475322206010820E-002 2.761016055790220E-002
736 -7.727332604927980E-005 1.446145126368553E-004
737 8.205674395344096E-003 -1.535664428430704E-002
738 -1.649074524175089E-002 3.086187662499153E-002
739 -3.893550726406163E-003 7.286649421183176E-003
740 -2.831180808455733E-004 5.298459881929540E-004
741 2.277338057934272E-004 -4.261964982418328E-004
742 -1.165351786753402E-002 2.180916795425318E-002
743 2.022762759667022E-006 -3.785825950789755E-006
744 -9.656757935203699E-003 1.807229860232559E-002
745 -4.185879981905877E-004 7.833734828743351E-004
746 1.032934934521965E-002 -1.933103105622169E-002
747 4.227775942976006E-004 -7.912139009899242E-004
748 1.169343494662073E-002 -2.188387169162904E-002
749 1.715360479569789E-003 -3.210239722150704E-003
750 -8.694989748473285E-003 1.627238183587554E-002
751 -1.650857264149818E-004 3.089523768577989E-004
752 1.796620237579205E-002 -3.362314520075080E-002
753 -2.051602646998418E-005 3.839513937065324E-005
754 -1.000110914696545E-002 1.871674049802790E-002
755 6.937352571518696E-003 -1.298302259954900E-002
756 1.589449690651758E-004 -2.974605253578975E-004
757 6.197687135410160E-005 -1.159873788765114E-004
758 3.792162345316803E-004 -7.096905842028718E-004
759 2.798883388991955E-003 -5.238016475690792E-003
760 -1.655893836521843E-005 3.098954741281096E-005
761 1.681007477552198E-005 -3.145935940065009E-005
762 3.648651920419962E-004 -6.828328732074465E-004
763 3.155349355588387E-003 -5.905130531467687E-003
764 7.092179273097523E-003 -1.327277552504671E-002
765 -2.779098103644197E-004 5.200987633075152E-004
766 6.795356161043390E-003 -1.271728128542941E-002
767 8.990871292837310E-005 -1.682612298868296E-004
768 -4.103688502163292E-005 7.679920624955359E-005
769 2.678785801779119E-003 -5.013257632837123E-003
770 -6.392601461717602E-007 1.196029256887593E-006
771 -1.902570302098612E-003 3.560596194251501E-003
772 3.415618918456771E-005 -6.392238497922579E-005
773 4.433198980410764E-003 -8.296583303385492E-003
774 -2.099437504144432E-005 3.929032628894453E-005
775 2.203232488420816E-004 -4.123276068422735E-004
776 -8.969873986523739E-004 1.678682119543385E-003
777 -6.339423182191673E-004 1.186401684181726E-003
778 -9.710504793942893E-005 1.817288834636451E-004
779 -3.107416179192358E-003 5.815425235281953E-003
780 6.650593129029500E-003 -1.244636236189146E-002
781 4.117788786564709E-003 -7.706304188434597E-003
782 1.326787738941646E-005 -2.483033976829048E-005
783 -1.546196807557284E-003 2.893655457660628E-003
784 -3.406564366654170E-006 6.375236587783620E-006
785 5.370406862261610E-003 -1.005053641427855E-002
786 1.802686060582720E-004 -3.373667697997211E-004
787 -3.395977319203921E-004 6.355456594489865E-004
788 -1.555285780201330E-006 2.910581765334007E-006
789 1.144028222159687E-003 -2.141010444079018E-003
790 -3.464562406930344E-005 6.483830173275118E-005
791 9.920517434993305E-004 -1.856591640385725E-003
792 -6.637467797778654E-005 1.242179744140084E-004
793 4.567212539175596E-003 -8.547385340932674E-003
794 8.909801482520777E-005 -1.667439621964028E-004
795 -1.272074134786932E-003 2.380644154026865E-003
796 -1.710975736741994E-005 3.202033749901779E-005
797 -2.108502459892234E-005 3.945992536119901E-005
798 4.427465397586382E-004 -8.285851679790650E-004
799 3.571430020634601E-005 -6.683801884367553E-005
800 -3.473305236869033E-003 6.500174042268568E-003
801 -1.356973871956753E-004 2.539530127544938E-004
802 -1.393566249781878E-003 2.608012628036221E-003
803 4.900071441074175E-005 -9.170325270749616E-005
804 -2.473562303607806E-003 4.629189179124973E-003
805 -3.941720322136305E-005 7.376783250689384E-005
806 8.364563232933478E-003 -1.565399949117963E-002
807 1.359666322314191E-002 -2.544569926516853E-002
808 1.189248973282405E-004 -2.225641520819180E-004
809 3.346074251548809E-003 -6.262066210892980E-003
810 3.777721765247581E-005 -7.069876666325470E-005
811 3.016681790189261E-003 -5.645618505259047E-003
812 -2.281524421556890E-004 4.269797625149877E-004
813 4.863303581606204E-003 -9.101509689685041E-003
814 -8.381652848238731E-005 1.568598133843763E-004
815 2.994770238807183E-003 -5.604612203217126E-003
816 1.447115617099575E-005 -2.708222640171297E-005
817 2.103689928117808E-003 -3.936985159918461E-003
818 -2.143200810015019E-003 4.010928454785635E-003
819 1.120472411298326E-003 -2.096926426971502E-003
820 -1.148330074954942E-004 2.149062224489772E-004
821 3.395305323079011E-003 -6.354199994299218E-003
822 7.045568523037883E-005 -1.318554980979667E-004
823 -2.417657622606596E-005 4.524538704888387E-005
824 -4.708282781140899E-005 8.811395040486992E-005
825 3.854002463321683E-003 -7.212636232130800E-003
826 -1.390050844937077E-005 2.601453310219255E-005
827 6.844624615238001E-004 -1.280948969542338E-003
828 -6.042737454707028E-005 1.130877733112291E-004
829 -1.323343126026427E-003 2.476592152395411E-003
830 -1.356129003467079E-003 2.537949744285250E-003
831 -1.192908276401714E-003 2.232488165539022E-003
832 9.728906495318160E-006 -1.820716771408535E-005
833 2.270568425893658E-003 -4.249292538138214E-003
834 1.816402908867444E-005 -3.399349507553764E-005
835 2.669234502085996E-005 -4.995398020893889E-005
836 -3.589748641876959E-003 6.718094002968736E-003
837 -6.744326652924962E-006 1.262155105676301E-005
838 -3.002398952491898E-004 5.618888283671773E-004
839 1.378638198369111E-004 -2.580076516235722E-004
840 -3.535266082035927E-003 6.616132071569067E-003
841 1.682174001109834E-003 -3.148132360812168E-003
842 -2.498715145318013E-004 4.676262463945613E-004
843 5.976810458190374E-003 -1.118540015108821E-002
844 3.552896363950962E-003 -6.649126460803660E-003
845 2.618029977266833E-005 -4.899555477891859E-005
846 2.832754873892369E-005 -5.301419270733578E-005
847 2.452540979274097E-005 -4.589843213374679E-005
848 -1.368600189662463E-003 2.561289132971709E-003
849 2.102156401393235E-005 -3.934123291689814E-005
850 -1.924422785570408E-003 3.601492881557750E-003
851 2.206639805668375E-005 -4.129652944657788E-005
852 4.193234089550873E-005 -7.847497244467598E-005
853 1.173674015587233E-003 -2.196491753646476E-003
854 6.229638605101362E-006 -1.165859785593074E-005
855 -5.681634193398729E-003 1.063298752838196E-002
856 -4.520515830998898E-005 8.459980385943730E-005
857 1.021771602279031E-003 -1.912211287482702E-003
858 9.878967580437204E-005 -1.848816062447286E-004
859 1.686156992705449E-005 -3.155551329680189E-005
860 -3.070168858001136E-004 5.745717193767215E-004
861 4.097753550217958E-004 -7.668807824139659E-004
862 -1.080664883798714E-004 2.022427324629622E-004
863 2.095407684223246E-003 -3.921485249937076E-003
864 6.948848964311542E-006 -1.300454028398052E-005
865 -6.936935790770509E-005 1.298223532770337E-004
866 1.900128328967603E-005 -3.556005222022155E-005
867 -3.239031590056248E-004 6.061738535592172E-004
868 -5.824006878072143E-005 1.089946015033181E-004
869 1.107473644820607E-004 -2.072600063515989E-004
870 3.900907776239160E-003 -7.300417924191401E-003
871 3.404851343156691E-004 -6.372068097323318E-004
872 -7.676255272336280E-005 1.436584931031853E-004
873 4.351593026349162E-003 -8.143860544819718E-003
874 1.654563798486080E-005 -3.096467083438530E-005
875 1.647194734538749E-004 -3.082669843535440E-004
876 -8.728570176601722E-005 1.633523333810539E-004
877 -3.820259529896914E-003 7.149487844113042E-003
878 -7.325738970287721E-005 1.370989072106166E-004
879 -2.943969128930939E-005 5.509521268210579E-005
880 1.369646216057756E-003 -2.563247059962669E-003
881 -9.910093017751404E-006 1.854635450306815E-005
882 1.173801902479182E-003 -2.196730514116803E-003
883 -6.288274994114220E-006 1.176831479092200E-005
884 2.588764236773762E-004 -4.844783957849510E-004
885 5.789260486952388E-004 -1.083440768675617E-003
886 -2.383367937751914E-005 4.460376530304000E-005
887 -3.333111467164657E-004 6.237804994032177E-004
888 1.811347113630612E-003 -3.389875479141789E-003
889 -9.034507680466072E-005 1.690774502417233E-004
890 -9.172877062599721E-005 1.716674538855320E-004
891 -1.400923476250168E-003 2.621781465207272E-003
892 -3.527508365280538E-003 6.601613772043770E-003
893 8.267998001685652E-004 -1.547328052246105E-003
894 1.185367990190352E-003 -2.218376180517085E-003
895 -1.144808131886658E-003 2.142469904663277E-003
896 3.349374092512361E-004 -6.268241530104424E-004
897 -4.792505736012132E-005 8.969019415565708E-005
898 1.265509128048541E-005 -2.368357968192880E-005
899 1.680191514465224E-003 -3.144422026505552E-003
900 8.347812956239222E-005 -1.562266683036720E-004
901 -5.577959905802250E-003 1.043896466651154E-002
902 1.030775225188269E-003 -1.929061064015772E-003
903 -3.957495573319332E-004 7.406319607303948E-004
904 -1.360368693844021E-003 2.545884454197758E-003
905 9.453033929706771E-005 -1.769102132213040E-004
906 1.086574198893084E-003 -2.033487321703707E-003
907 3.578517611055802E-004 -6.697072839992621E-004
908 1.341899978251839E-004 -2.511323399766264E-004
909 -3.308967492243355E-004 6.192622172020705E-004
910 5.967221507332683E-007 -1.116666582906256E-006
911 1.991462025062906E-004 -3.726952726517342E-004
912 5.836403816332090E-004 -1.092263477959447E-003
913 2.000575714780647E-004 -3.744009307376804E-004
914 7.624535183789592E-004 -1.426906398080208E-003
915 1.732190741538762E-003 -3.241737086822789E-003
916 -2.318996801533569E-003 4.339924642265239E-003
917 1.941175063466817E-004 -3.632843077882899E-004
918 -4.133639337912258E-005 7.735955131056854E-005
919 -4.552643989819144E-003 8.520120335866934E-003
920 -5.274461264037769E-005 9.870971864490589E-005
921 -7.301583742174624E-005 1.366467789223826E-004
922 1.058188426801843E-003 -1.980364232478829E-003
923 -2.691047472517003E-003 5.036205100162244E-003
924 1.894892140743830E-004 -3.546230411734326E-004
925 1.160008897415174E-004 -2.170912805653761E-004
926 2.789265227214339E-004 -5.220017953398113E-004
927 5.234668238256888E-004 -9.796499775551969E-004
928 -4.173421571675551E-003 7.810418355467555E-003
929 -1.006367895965740E-005 1.883379604530572E-005
930 7.860337876124991E-005 -1.471036389645397E-004
931 -9.480395129073441E-005 1.774224583227481E-004
932 1.432552370988987E-003 -2.680973847440444E-003
933 1.008758954180998E-004 -1.887856978190559E-004
934 8.112196940219672E-004 -1.518170651680509E-003
935 4.424785084394236E-005 -8.280850638107779E-005
936 -1.204607813871714E-003 2.254383136008055E-003
937 9.470890067572846E-005 -1.772445514403598E-004
938 1.260063973375451E-003 -2.358167341259617E-003
939 -7.661911676688693E-004 1.433900975882473E-003
940 1.172322802039124E-004 -2.193962698775243E-004
941 -2.046733626739805E-003 3.830393379440338E-003
942 -1.770303400862364E-004 3.313065000019817E-004
943 -2.619576631480489E-003 4.902449705909082E-003
944 -2.584496931371386E-005 4.836795473858461E-005
945 8.606757084737694E-004 -1.610726179261888E-003
946 2.596310745059660E-005 -4.858891683747260E-005
947 1.954082669611547E-004 -3.657000242215972E-004
948 -1.966463102297650E-003 3.680169892140964E-003
949 1.550781204227828E-003 -2.902235077093288E-003
950 3.263170855291606E-004 -6.106916862707450E-004
951 -2.628430161451075E-005 4.919026001942864E-005
952 1.941328456205258E-003 -3.633131092514597E-003
953 6.541911430678906E-006 -1.224299163964776E-005
954 1.246962372175590E-004 -2.333645553730157E-004
955 1.949600883412804E-005 -3.648645950301234E-005
956 3.481383515470847E-004 -6.515291861932520E-004
957 -9.443136775666856E-005 1.767251209636416E-004
958 2.439808189266216E-003 -4.566019339886101E-003
959 -1.149513036208004E-005 2.151270256180956E-005
960 1.080718101029974E-003 -2.022527889075693E-003
961 -6.233313592974584E-006 1.166518773562591E-005
962 1.453641036793165E-003 -2.720440160932326E-003
963 -4.615755535663846E-004 8.638233543737256E-004
964 2.030773275902384E-003 -3.800524028489615E-003
965 -1.727154598996821E-004 3.232312744839362E-004
966 -1.425988605499571E-003 2.668689831842712E-003
967 6.179824588447862E-006 -1.156550070644853E-005
968 9.519035896054659E-004 -1.781455657419761E-003
969 3.009805451700618E-005 -5.632757949473136E-005
970 -1.122255480750649E-003 2.100263525035863E-003
971 -9.309709732422542E-006 1.742283549371740E-005
972 -5.299480126419406E-004 9.917799883838784E-004
973 -2.357723879423167E-003 4.412401238694593E-003
974 3.749718669385280E-004 -7.017471650709881E-004
975 1.298840854894216E-005 -2.430737416972096E-005
976 2.039517883483724E-003 -3.816889037480496E-003
977 -3.185009688152495E-003 5.960638932702551E-003
978 -7.119799536009906E-006 1.332400049460792E-005
979 1.716977339198830E-005 -3.213261852219071E-005
980 -1.879887095946273E-005 3.518129947860832E-005
981 -3.537809154379074E-004 6.620888646229037E-004
982 -1.280467660931675E-004 2.396349951420617E-004
983 -1.978202284663716E-003 3.702139055736684E-003
984 -4.367519757850125E-005 8.173668323651060E-005
985 -3.284373177245511E-005 6.146596376146344E-005
986 -2.419498010419799E-003 4.528009588381621E-003
987 9.287048884024841E-007 -1.738294143554295E-006
988 1.817343922513204E-004 -3.401098642676186E-004
989 3.580555350543461E-005 -6.700886414401384E-005
990 3.482788192018079E-004 -6.517922383538389E-004
991 1.693702620983926E-005 -3.169720261539617E-005
992 -1.859664571818081E-003 3.480299999928235E-003
993 -1.868173321592485E-005 3.496193800567335E-005
994 -1.020804084679687E-005 1.910370052808776E-005
995 1.291162785466894E-004 -2.416371178867579E-004
996 6.388683119495255E-004 -1.195620677463977E-003
997 -7.616128873153151E-004 1.425332722917032E-003
998 7.397192073307698E-005 -1.384359346430048E-004
999 3.324065791072277E-005 -6.220917522660252E-005
1000 2.145653645477786E-005 -4.015539874708663E-005
1001 3.302934342127375E-005 -6.181344662267049E-005
1002 3.813218962181472E-005 -7.136296408768523E-005
1003 5.902802329342060E-005 -1.104692544221594E-004
1004 -1.743258600513464E-003 3.262450065729396E-003
1005 1.159349466207044E-003 -2.169683629463999E-003
1006 4.735220412557476E-006 -8.861657812933718E-006
1007 8.674101001236690E-006 -1.623333835545671E-005
1008 1.585040087766010E-005 -2.966325141607394E-005
1009 -6.469020442930020E-004 1.210655435215541E-003
1010 6.023912951925027E-004 -1.127355305659227E-003
1011 1.137073346146877E-003 -2.127994448864128E-003
1012 1.936848786709300E-004 -3.624746545412666E-004
1013 -2.020602835319137E-005 3.781458552231324E-005
1014 -4.550104005719704E-004 8.515366707157556E-004
1015 -7.118536596174737E-006 1.332211801279306E-005
1016 -1.113884362485978E-003 2.084597216310758E-003
1017 6.533108622888510E-004 -1.222649369892429E-003
1018 1.036379193265835E-003 -1.939548946745849E-003
1019 6.778543296800105E-005 -1.268581331684648E-004
1020 7.265771621517138E-006 -1.359812693030296E-005
1021 2.788627416598821E-005 -5.218833898029631E-005
1022 9.301278047209600E-004 -1.740702867178109E-003
1023 -1.291557651052360E-004 2.417104401692154E-004
1024 5.524625938316689E-005 -1.033913907725257E-004
1025 2.898268864614461E-003 -5.424012891983864E-003
1026 -6.162359982665699E-005 1.153264131077715E-004
1027 -7.895590574137068E-004 1.477632942662755E-003
1028 1.225006439701687E-005 -2.292575201213583E-005
1029 -9.031072134371034E-005 1.690134822909391E-004
1030 -1.786953256618137E-005 3.344234927002230E-005
1031 1.291186016351866E-004 -2.416411964159972E-004
1032 1.608818321067274E-003 -3.010849506058783E-003
1033 -3.346694075639381E-004 6.263225595456870E-004
1034 -1.185005555336308E-005 2.217701537508333E-005
1035 -3.543568841928086E-005 6.631681475673031E-005
1036 -9.309371164454873E-005 1.742217724212012E-004
1037 -1.179485654623520E-003 2.207367751986559E-003
1038 -6.342852725796414E-004 1.187043612565526E-003
1039 -4.762719949137221E-006 8.913588255550224E-006
1040 3.193598293491930E-004 -5.976715355913614E-004
1041 -9.714739973569905E-006 1.818066414789286E-005
1042 1.152448740448128E-003 -2.156769149271496E-003
1043 1.527930408010605E-004 -2.859469556978053E-004
1044 -1.505129861444173E-003 2.816800060194196E-003
1045 -4.294731191382122E-005 8.037444688490208E-005
1046 4.771968535291647E-006 -8.930282384858045E-006
1047 2.511406990087889E-004 -4.700014948154820E-004
1048 4.184284569102649E-004 -7.830749343027051E-004
1049 3.550231727998588E-005 -6.644130737802338E-005
1050 2.778684596293023E-005 -5.200218274390540E-005
1051 -5.845780849781272E-004 1.094018579693253E-003
1052 -2.058402885222715E-005 3.852241569209963E-005
1053 -4.422714254538315E-005 8.276956115816587E-005
1054 -1.195215686032749E-003 2.236806111777304E-003
1055 -1.371579696867523E-003 2.566865572668910E-003
1056 -1.147432333468933E-003 2.147381186786779E-003
1057 1.355349003155489E-005 -2.536488054322186E-005
1058 -5.725491308960634E-005 1.071506408002835E-004
1059 6.092089920047046E-005 -1.140112808136079E-004
1060 -1.725382785364942E-003 3.228995990147706E-003
1061 -1.321450761132673E-003 2.473050909817737E-003
1062 -1.110226749189738E-004 2.077754572302074E-004
1063 9.548371169669865E-004 -1.786945593529473E-003
1064 9.575075460453777E-006 -1.791930387514848E-005
1065 6.008212834664532E-006 -1.124400148415818E-005
1066 -1.456181566161197E-005 2.725200175390024E-005
1067 -2.145330289106785E-004 4.014914311668848E-004
1068 4.239122927424096E-005 -7.933389583724596E-005
1069 1.054742691984284E-006 -1.973952641807730E-006
1070 -1.995223681643489E-005 3.733993362674314E-005
1071 -6.185399441465348E-004 1.157576609470023E-003
1072 -8.280480205360019E-006 1.549689030596350E-005
1073 7.652824801207620E-004 -1.432200257151782E-003
1074 -2.555438430954915E-005 4.782422430848359E-005
1075 3.582854420195770E-004 -6.705192899964484E-004
1076 -1.446058476512339E-005 2.706253066551575E-005
1077 6.124609443542244E-006 -1.146202141683909E-005
1078 1.636796256568110E-003 -3.063209315777920E-003
1079 -5.232485372118678E-005 9.792379462334806E-005
1080 -2.112320625280938E-004 3.953136875135674E-004
1081 -2.860961898111469E-005 5.354183158339908E-005
1082 -1.839504263691878E-005 3.442571419453424E-005
1083 1.009317958411432E-003 -1.888904456901136E-003
1084 -1.685211231566625E-005 3.153806316152696E-005
1085 2.750023392363014E-005 -5.146609778013486E-005
1086 -1.455835814355362E-003 2.724547884996961E-003
1087 7.356994485241531E-004 -1.376836600155803E-003
1088 -1.229114771871166E-004 2.300249887696973E-004
1089 -1.708112417497062E-005 3.196691050498862E-005
1090 -1.724402583961475E-005 3.227175854603305E-005
1091 -2.990725776505818E-004 5.597039989805339E-004
1092 -4.411364032234733E-004 8.255718902822716E-004
1093 -2.344683947894992E-006 4.388002765319471E-006
1094 2.439277171152067E-004 -4.565026379133363E-004
1095 -3.692230614679184E-005 6.909893951629351E-005
1096 8.520588813730900E-004 -1.594599593783524E-003
1097 2.016075893963117E-003 -3.773018466137825E-003
1098 -9.687949772857631E-004 1.813067361790650E-003
1099 3.442207681837090E-005 -6.441995119515616E-005
1100 5.860400971099639E-005 -1.096753512124243E-004
1101 4.509551492477983E-004 -8.439473902369272E-004
1102 3.276596840434058E-005 -6.132075450807196E-005
1103 3.802154794250841E-004 -7.115603982989446E-004
1104 8.818357572972094E-006 -1.650328303221586E-005
1105 -3.146983883731398E-005 5.889491588943701E-005
1106 -4.099213671261855E-006 7.671480029458244E-006
1107 -4.491914885891011E-005 8.406477766328151E-005
1108 2.894786701944253E-004 -5.417494869101644E-004
1109 4.058497336059773E-004 -7.595340269274572E-004
1110 -2.271802576753280E-004 4.251603195881490E-004
1111 1.682108856034286E-003 -3.148010374657488E-003
1112 -1.972152301096862E-005 3.690823220881230E-005
1113 -5.508100801160622E-004 1.030822634668191E-003
1114 1.833609381685556E-003 -3.431538347197398E-003
1115 3.845393410625818E-005 -7.196502232638485E-005
1116 4.854691617740530E-004 -9.085392657386251E-004
1117 4.615227358305349E-007 -8.637700121848772E-007
1118 -3.228167335273181E-004 6.041407084576999E-004
1119 8.001571736986098E-005 -1.497468807203635E-004
1120 -7.063445458894570E-004 1.321900187995455E-003
1121 2.016747183029051E-005 -3.774257262616578E-005
1122 -4.045916269129363E-006 7.571948296147362E-006
1123 -5.309909234731813E-004 9.937320003949501E-004
1124 1.334396634595402E-006 -2.497283953910026E-006
1125 7.571312378681471E-005 -1.416948023609848E-004
1126 5.979970207891898E-004 -1.119131706913639E-003
1127 1.361673709491034E-006 -2.548248175527801E-006
1128 -1.822826184692104E-003 3.411358025794937E-003
1129 5.616646644847847E-004 -1.051136541649687E-003
1130 1.257568336668866E-004 -2.353496796524343E-004
1131 -1.617351391892943E-003 3.026818858011238E-003
1132 5.529468009479286E-005 -1.034820264115600E-004
1133 -4.790862405213241E-005 8.965950869639403E-005
1134 9.354176716187193E-004 -1.750602971369135E-003
1135 3.426262221129773E-005 -6.412148422453447E-005
1136 3.014643036292320E-004 -5.641802657109698E-004
1137 -3.836410580779699E-004 7.179712720796331E-004
1138 1.100762824515002E-005 -2.060045268985629E-005
1139 1.445284770368362E-004 -2.704802059082740E-004
1140 4.652863148954790E-006 -8.707688195562449E-006
1141 2.331966207060432E-003 -4.364196319988765E-003
1142 -2.149111963621119E-005 4.021974301102983E-005
1143 -1.094381754153005E-003 2.048098868346934E-003
1144 -1.229504296596321E-005 2.300973424595086E-005
1145 1.724238612644813E-005 -3.226855368792831E-005
1146 -4.209727866160205E-005 7.878339896017977E-005
1147 1.658700696126482E-004 -3.104198272408627E-004
1148 -8.814513946076949E-004 1.649606649678887E-003
1149 -8.357446315450917E-005 1.564066577267199E-004
1150 -1.577031637672376E-003 2.951361741068096E-003
1151 -3.758338408287233E-005 7.033610138166330E-005
1152 -8.965774026238141E-005 1.677914003644876E-004
1153 -2.740622685303579E-005 5.128999890112991E-005
1154 -1.190758757073812E-004 2.228463441723466E-004
1155 1.608070136297866E-003 -3.009449300588607E-003
1156 9.044347284967660E-005 -1.692618578258358E-004
1157 1.345941748896979E-003 -2.518885203161395E-003
1158 1.382174312316474E-004 -2.586693737173118E-004
1159 -1.047701224996895E-003 1.960737900882834E-003
1160 -1.014062528959840E-006 1.897864414335256E-006
1161 -9.795944270913950E-006 1.833277774867790E-005
1162 -8.095479365888979E-004 1.515041857475220E-003
1163 -3.794441027057352E-005 7.101174101300515E-005
1164 -3.022294274568265E-005 5.656140392269017E-005
1165 -2.076571819307694E-003 3.886234842759614E-003
1166 7.781788092650493E-004 -1.456335404096678E-003
1167 -4.601119603520582E-005 8.610849130436686E-005
1168 1.988563869151571E-003 -3.721530517690897E-003
1169 1.004663601110660E-005 -1.880226120415112E-005
1170 -1.230401796199105E-004 2.302657036397459E-004
1171 -6.490343024842492E-004 1.214645971008878E-003
1172 5.083947101639090E-004 -9.514435775930678E-004
1173 1.705927808742078E-003 -3.192586483031998E-003
1174 5.844445688347132E-004 -1.093768556274242E-003
1175 -1.362963597278127E-003 2.550740842311466E-003
1176 -1.206108227764672E-004 2.257189298993376E-004
1177 8.788310090232099E-004 -1.644702720890021E-003
1178 -6.731099091592998E-005 1.259703305417709E-004
1179 4.479622022121738E-005 -8.383501625220100E-005
1180 2.970579578463286E-005 -5.559316561135800E-005
1181 1.199502296234580E-003 -2.244828475783421E-003
1182 1.286191435643470E-004 -2.407064649423805E-004
1183 -8.996025682533249E-004 1.683575929686580E-003
1184 -2.578810545715948E-004 4.826156925478810E-004
1185 6.402969060729011E-004 -1.198294014137832E-003
1186 6.976892898029936E-006 -1.305683321368951E-005
1187 -3.523409460664870E-005 6.593953354959518E-005
1188 -2.140375653289875E-004 4.005640261450498E-004
1189 -2.793129768580116E-005 5.227242817371008E-005
1190 1.531212562204645E-003 -2.865613082470470E-003
1191 -5.955203538068506E-004 1.114496349574261E-003
1192 -1.482991819036508E-004 2.775370019933789E-004
1193 1.398750255445176E-005 -2.617735678343234E-005
1194 -6.246835374174021E-004 1.169074201200533E-003
1195 -3.035203079598064E-005 5.680278414368152E-005
1196 4.705966020182194E-005 -8.807061118509231E-005
1197 9.880325312201163E-005 -1.849068353080200E-004
1198 1.537596612107099E-003 -2.877560196545611E-003
1199 -6.143654062948073E-005 1.149764421136677E-004
1200 -3.869854652177199E-004 7.242300098298705E-004
1201 -7.507672287143442E-005 1.405035293213107E-004
1202 1.162878842829654E-004 -2.176290093470618E-004
1203 1.837774442573494E-005 -3.439341975120520E-005
1204 -2.472847238291338E-003 4.627850463865925E-003
1205 3.695960198630182E-004 -6.916867722161009E-004
1206 -6.261230093956449E-004 1.171768169464125E-003
1207 -3.769138887102647E-005 7.053792831881083E-005
1208 9.010040763254980E-004 -1.686199070801693E-003
1209 -4.115203158718229E-004 7.701465400001850E-004
1210 -9.190080367818522E-006 1.719885145847043E-005
1211 3.084985563920929E-005 -5.773472958819297E-005
1212 -3.745224287154442E-005 7.009061272556201E-005
1213 5.224275099138900E-005 -9.777047785328286E-005
1214 -2.782652383862393E-004 5.207640882703852E-004
1215 -1.010487857742473E-003 1.891094115184129E-003
1216 -3.362552299324457E-004 6.292904492561346E-004
1217 5.133111537659752E-004 -9.606445716987543E-004
1218 -7.956748829152957E-004 1.489078915605779E-003
1219 3.306459813735280E-004 -6.187932088672034E-004
1220 -1.228678651305563E-003 2.299430864694581E-003
1221 1.232924406835267E-004 -2.307375719356662E-004
1222 -1.051557849740039E-003 1.967955229877603E-003
1223 9.111666475850926E-006 -1.705231537797265E-005
1224 -5.512957330536266E-005 1.031731758996907E-004
1225 6.123987648371737E-005 -1.146084364545175E-004
1226 -7.820813526571059E-006 1.463635966427690E-005
1227 -5.380842870836209E-004 1.007006857707276E-003
1228 3.830443521543726E-004 -7.168546540277898E-004
1229 7.905815105932569E-005 -1.479548085965029E-004
1230 2.158649733996797E-004 -4.039842958469441E-004
1231 -9.085247680454043E-004 1.700273703633990E-003
1232 7.141654655821465E-004 -1.336536718531375E-003
1233 8.402643792556497E-006 -1.572535115596772E-005
1234 5.476367220193673E-004 -1.024884006957290E-003
1235 -3.160819052672303E-005 5.915396333286456E-005
1236 4.518652883080885E-005 -8.456499653574822E-005
1237 -1.168094816580159E-003 2.186050201449629E-003
1238 -1.230464682654158E-003 2.302773406248597E-003
1239 -9.887367599475151E-004 1.850387640793072E-003
1240 7.758529783552200E-005 -1.451983200704719E-004
1241 1.042206082029518E-003 -1.950453652848211E-003
1242 4.108169161077322E-005 -7.688313934935847E-005
1243 1.044917870904556E-005 -1.955549469651711E-005
1244 1.957291644751293E-004 -3.663004450616164E-004
