 # The norm of the isolated state is   3455999.99208959     
 # I think there should be     3456000 i.e.    99.9999997711109      %
1 2.513583960729847E-005 -4.704074570553420E-005
2 1.233140953165334E-005 -2.307787228898439E-005
3 8.579820709261595E-007 -1.606105783325831E-006
4 3.763358653330092E-006 -7.042275863822528E-006
5 1.198845371158209E-005 -2.243632199495856E-005
6 -5.896195340424181E-004 1.103453380657283E-003
7 -2.781568667262224E-005 5.205633226442769E-005
8 1.351557173677677E-005 -2.529346521321641E-005
9 8.787829828564151E-007 -1.644983250066284E-006
10 -7.179196105792541E-006 1.343557468068855E-005
11 -2.846733916936704E-005 5.327567291858162E-005
12 -1.295688402175054E-003 2.424837379244217E-003
13 5.759337981728457E-006 -1.077841191018761E-005
14 -1.498094694187987E-004 2.803634229213914E-004
15 -3.806219075257260E-005 7.123211400914917E-005
16 4.558806210203205E-006 -8.531649952553973E-006
17 1.976060591018501E-005 -3.698131103302526E-005
18 6.131772997684949E-006 -1.147541243399609E-005
19 -2.848165090598050E-005 5.330247836318880E-005
20 -7.590605547593152E-005 1.420556418224069E-004
21 -9.763595633628181E-006 1.827220274281091E-005
22 1.687903877966784E-005 -3.158873822019612E-005
23 -1.234931349002450E-005 2.311133942695391E-005
24 -2.026575369420310E-005 3.792666286109689E-005
25 -3.431369544512454E-004 6.421692456899775E-004
26 1.643596832095044E-005 -3.075870058353475E-005
27 -1.867325906809717E-004 3.494638081232240E-004
28 7.721365443261122E-005 -1.445027720702594E-004
29 -4.285685214405589E-006 8.020965544557596E-006
30 -1.405910485018955E-004 2.631114413214548E-004
31 1.785978592985080E-005 -3.342392011870242E-005
32 -8.383422467513445E-006 1.568927267924542E-005
33 -1.292672808413451E-005 2.419192645335099E-005
34 -7.311041076869465E-005 1.368238424559341E-004
35 -4.966987672097462E-005 9.295549369916196E-005
36 -2.071449927158080E-006 3.876715592134104E-006
37 -3.517597581362720E-005 6.583066880200289E-005
38 4.492739029202903E-007 -8.411475004438066E-007
39 -5.352362012820525E-005 1.001676415458837E-004
40 1.726303758258210E-005 -3.230717777493063E-005
41 7.934972576637838E-005 -1.485003031649618E-004
42 -1.660056496197528E-004 3.106742727630288E-004
43 7.206833062450119E-005 -1.348733649819509E-004
44 -4.329983268239504E-006 8.103424442617395E-006
45 -1.360550034913443E-006 2.546223776054380E-006
46 1.467150620389939E-004 -2.745723388992804E-004
47 -1.499044737955510E-005 2.805407015419117E-005
48 3.881819164934978E-008 -7.264214397476779E-008
49 4.959356340620415E-005 -9.281268393764754E-005
50 2.119433784287380E-004 -3.966452069287161E-004
51 -5.779632624442577E-006 1.081631537488840E-005
52 1.149865393413887E-005 -2.151928142675583E-005
53 1.300543509173231E-005 -2.433902542219578E-005
54 -6.376490646687387E-005 1.193343533143115E-004
55 -5.400052296667811E-005 1.010601658130841E-004
56 -4.046898149917053E-006 7.573624384803942E-006
57 9.907256481340857E-005 -1.854111402602932E-004
58 -6.480147550685793E-005 1.212737487092828E-004
59 3.378872519760807E-006 -6.323431212205863E-006
60 2.020293203502520E-007 -3.781019709161300E-007
61 -9.665038093112790E-005 1.808782236222422E-004
62 -2.287724894061278E-006 4.281396452960431E-006
63 -1.087634619644528E-004 2.035473928535326E-004
64 3.575023842862518E-006 -6.690554135390312E-006
65 2.702281965636733E-006 -5.057221413136237E-006
66 -7.514122452345795E-005 1.406242417706324E-004
67 7.074623768244558E-007 -1.323928702430079E-006
68 -2.180507874547647E-006 4.080740417379714E-006
69 6.864578240017320E-005 -1.284682782361544E-004
70 -2.669409142987718E-005 4.995698364431988E-005
71 -7.765209138330437E-006 1.453243546527918E-005
72 -7.447208620785218E-007 1.393726964969517E-006
73 -2.186350664354454E-004 4.091683476502832E-004
74 -2.658999106815410E-004 4.976227897820827E-004
75 -1.081118666528703E-007 2.023186248077558E-007
76 4.891700390937414E-005 -9.154658873260528E-005
77 1.192036422167590E-005 -2.230859161359821E-005
78 -5.059013379243286E-004 9.467773554694348E-004
79 -4.070180590630877E-005 7.617206407935607E-005
80 -1.965127703632567E-005 3.677671591953213E-005
81 1.066110211735480E-004 -1.995190561982293E-004
82 -2.690154533624132E-004 5.034535726263058E-004
83 5.532886741253385E-005 -1.035460768012085E-004
84 7.722894497035101E-005 -1.445314396489451E-004
85 -7.746126148130577E-006 1.449663715085013E-005
86 -2.907168557828565E-005 5.440647657956784E-005
87 1.086070533627008E-004 -2.032544617692162E-004
88 2.349076372501066E-006 -4.396237473266285E-006
89 6.015196523891206E-006 -1.125724748948642E-005
90 1.099873113740913E-004 -2.058372196609402E-004
91 1.108378376045387E-004 -2.074291336784151E-004
92 2.453897351415486E-005 -4.592387608447166E-005
93 -3.055142022809445E-006 5.717564280545217E-006
94 6.432876064950664E-006 -1.203883979628301E-005
95 -8.597670889699123E-005 1.609023094323708E-004
96 -3.689633410308343E-005 6.905022704753650E-005
97 -4.754322115089198E-006 8.897673846869511E-006
98 1.616554626981275E-005 -3.025327378448020E-005
99 -6.289427008945671E-005 1.177045431905133E-004
100 -3.601482508316720E-004 6.740053513046820E-004
101 -3.160350795546584E-005 5.914490736632257E-005
102 1.434165051401214E-004 -2.683991011067124E-004
103 -5.885295505333870E-005 1.101413477419686E-004
104 2.870237038202221E-006 -5.371551455461919E-006
105 4.256275675651073E-005 -7.965476318126359E-005
106 -2.946876222204322E-004 5.514977533965512E-004
107 -1.877276985382703E-005 3.513262277859544E-005
108 1.609090237189688E-005 -3.011363473507306E-005
109 -2.590500640905956E-005 4.848024035817098E-005
110 -6.984173276745956E-006 1.307067905412177E-005
111 3.708260463508787E-006 -6.939896678986852E-006
112 1.506713731217160E-004 -2.819764380514379E-004
113 -2.136279354698006E-004 3.997972655852137E-004
114 -7.291868796611167E-006 1.364648440661641E-005
115 1.297307181833187E-005 -2.427871295904446E-005
116 -8.904111899371593E-005 1.666374800979760E-004
117 -4.738447075728158E-006 8.867868356134807E-006
118 -4.249329419540298E-005 7.952479804937147E-005
119 1.631576629266084E-005 -3.053445438875945E-005
120 -2.569448722034648E-005 4.808628617653317E-005
121 -1.430522567107965E-005 2.677172398355558E-005
122 1.272612139165876E-005 -2.381650182298159E-005
123 -1.737891940882259E-004 3.252406685227700E-004
124 1.014225145449139E-005 -1.898087108926778E-005
125 1.675183401791599E-005 -3.135046826811210E-005
126 -6.028408719083405E-006 1.128196596271311E-005
127 3.123599776795889E-005 -5.845709718552204E-005
128 2.384590421679921E-004 -4.462680798923684E-004
129 3.580222458437092E-004 -6.700266317515376E-004
130 2.667442317540349E-006 -4.992055636847355E-006
131 8.209702688113154E-005 -1.536418392035799E-004
132 6.526559923250093E-006 -1.221423697980200E-005
133 2.265429631012568E-005 -4.239683581494160E-005
134 4.941645588581939E-005 -9.248123881695013E-005
135 -2.878978299109834E-005 5.387913514378628E-005
136 2.394464204096253E-004 -4.481159458891963E-004
137 -2.797725673791241E-004 5.235849720388852E-004
138 -3.145581714140592E-006 5.886843136847265E-006
139 -1.623844550119505E-005 3.038969923691400E-005
140 -1.809497198567743E-004 3.386413029417420E-004
141 1.093533219342935E-005 -2.046515049851328E-005
142 -5.313356349234059E-005 9.943761532298510E-005
143 1.410671313132686E-005 -2.640026172784988E-005
144 1.558355000817477E-004 -2.916410227999144E-004
145 4.715888808210775E-004 -8.825627846495142E-004
146 -2.630613192285247E-005 4.923104757995197E-005
147 -2.457787244371174E-004 4.599665801154788E-004
148 -1.014507546755757E-005 1.898612583912349E-005
149 -9.311272620107163E-005 1.742572915128387E-004
150 -1.548683049696035E-005 2.898309739836950E-005
151 -6.344240740760386E-005 1.187303351224360E-004
152 -2.852022951836359E-004 5.337465454298802E-004
153 4.815829567665267E-004 -9.012663458962443E-004
154 -1.021815967429315E-005 1.912306657785274E-005
155 3.208766954595822E-004 -6.005100294349366E-004
156 1.228232357583496E-006 -2.298566594771785E-006
157 -4.980685362198272E-007 9.320909168344843E-007
158 6.082477389244943E-004 -1.138315182112278E-003
159 -1.441396225981324E-004 2.697524528605822E-004
160 1.095451547164478E-005 -2.050102377449711E-005
161 -2.341196442110218E-005 4.381477512527386E-005
162 -5.156703780150039E-006 9.650580440550668E-006
163 -4.583538913154187E-005 8.577935561930372E-005
164 1.832731692228566E-004 -3.429896026228271E-004
165 4.462469979266770E-005 -8.351363857490930E-005
166 1.658178701118247E-005 -3.103227968825434E-005
167 -8.976925792703302E-005 1.680001302680507E-004
168 4.491603513527848E-005 -8.405915052537923E-005
169 -1.557807397109685E-005 2.915391326424426E-005
170 1.591776934902409E-004 -2.978957013227903E-004
171 2.762846362734031E-005 -5.170573066164058E-005
172 -3.380649500033910E-006 6.326808876599691E-006
173 8.152444245934300E-004 -1.525702616593489E-003
174 -6.728858516154685E-004 1.259283331967112E-003
175 -1.022148791667299E-005 1.912917023643280E-005
176 -2.930550049471692E-004 5.484426146956239E-004
177 6.591015808004571E-005 -1.233486477004440E-004
178 -2.356367219467704E-004 4.409862283989072E-004
179 -1.000516947731031E-004 1.872433686471599E-004
180 7.191527788807754E-006 -1.345872744593070E-005
181 -7.100911589710836E-004 1.328911806607187E-003
182 -5.719688659308984E-005 1.070420568403253E-004
183 -8.071714810111952E-005 1.510594501661231E-004
184 6.329084986592499E-005 -1.184467088384210E-004
185 -3.119029433499798E-005 5.837153488260417E-005
186 -4.620864593588167E-004 8.647792904543091E-004
187 -4.996183824596646E-004 9.350190398465375E-004
188 -1.877027160764025E-005 3.512803901017579E-005
189 -3.030891002640795E-004 5.672211070770650E-004
190 1.885940357896711E-005 -3.529478582178255E-005
191 -7.271328197162792E-004 1.360804612755923E-003
192 6.224015079051793E-005 -1.164803511058332E-004
193 -7.711969621428337E-005 1.443269197600262E-004
194 8.099461888277751E-006 -1.515789987785268E-005
195 6.072522914588614E-005 -1.136452342341100E-004
196 2.577598629338559E-004 -4.823889410023424E-004
197 -3.005334466253408E-004 5.624382734838136E-004
198 9.292643539288180E-004 -1.739087046238328E-003
199 -2.223450572773999E-005 4.161117015670448E-005
200 -1.203213929210682E-003 2.251773884841663E-003
201 4.126230718244610E-005 -7.722092222541712E-005
202 3.522823515328367E-005 -6.592848558805433E-005
203 -3.175317928220243E-005 5.942492630721762E-005
204 -5.737510008366581E-004 1.073755957313091E-003
205 -4.071878921749958E-005 7.620387981131883E-005
206 -2.967398374062404E-004 5.553384140380119E-004
207 1.841354668947378E-005 -3.446038836410266E-005
208 1.628466364263590E-004 -3.047620139773160E-004
209 -5.325296715293936E-005 9.966111715953187E-005
210 2.202240087496136E-005 -4.121420511445830E-005
211 -9.773749718143693E-005 1.829124211854757E-004
212 -2.087416273923989E-005 3.906531100057063E-005
213 1.289672440224729E-004 -2.413578877409597E-004
214 -4.795844773510518E-005 8.975264239775343E-005
215 5.547926455053230E-004 -1.038275864524101E-003
216 -5.421328121237025E-005 1.014583652135326E-004
217 -1.192011292131939E-005 2.230808001793869E-005
218 3.885008960528321E-004 -7.270663976123659E-004
219 -5.461083756988803E-005 1.022023217866022E-004
220 -2.308230669026296E-005 4.319775120413047E-005
221 1.765073333502060E-005 -3.303275714822678E-005
222 -4.986557874219872E-004 9.332175605337559E-004
223 2.768337940689561E-005 -5.180862660701825E-005
224 7.250047943998346E-004 -1.356822138398519E-003
225 -3.379186292062196E-005 6.324028729903105E-005
226 -5.347293446471791E-005 1.000728159005682E-004
227 -1.043317529144689E-004 1.952532860087471E-004
228 -9.845962653553296E-005 1.842639359059675E-004
229 -8.324509943441459E-006 1.557891119776730E-005
230 1.734260864642648E-004 -3.245611011529242E-004
231 1.431772411231577E-005 -2.679521314576087E-005
232 -8.770114395052876E-005 1.641296736243569E-004
233 5.262484061814858E-004 -9.848562527391379E-004
234 8.426137686576854E-005 -1.576923146549804E-004
235 -3.649267320129344E-005 6.829474727359376E-005
236 -8.978176614652606E-004 1.680235617333463E-003
237 -2.422825539580563E-004 4.534236242838698E-004
238 -2.076121127506539E-003 3.885391113409160E-003
239 1.985674695012334E-006 -3.716109122186788E-006
240 6.685334607751179E-004 -1.251137933432043E-003
241 6.454417858089490E-005 -1.207922705209912E-004
242 8.419036644175160E-004 -1.575594489296250E-003
243 1.597377205131369E-004 -2.989436569531564E-004
244 5.476238040186086E-004 -1.024859605923345E-003
245 -4.097840616848862E-005 7.668969434796550E-005
246 -4.820839162815152E-005 9.022090880571982E-005
247 8.255522200325159E-004 -1.544993289050469E-003
248 -1.063426469586827E-004 1.990167235747334E-004
249 9.248417845221315E-004 -1.730810378593083E-003
250 3.523778275870970E-005 -6.594633307772800E-005
251 9.608029644389617E-005 -1.798110296470579E-004
252 3.136621644108164E-006 -5.870069718572162E-006
253 -4.986666947921285E-005 9.332393307478026E-005
254 -1.067997132227288E-004 1.998720880121826E-004
255 -2.020065267763272E-004 3.780484508496319E-004
256 -2.637521978279943E-005 4.936033909114309E-005
257 6.135662592853263E-006 -1.148268301105749E-005
258 -5.770545006725190E-005 1.079939722651292E-004
259 9.788614900690083E-004 -1.831906472092855E-003
260 1.830067233468383E-005 -3.424910518713601E-005
261 5.260766547685244E-004 -9.845347916957712E-004
262 -1.385187076648950E-003 2.592331139382258E-003
263 6.967358524584813E-004 -1.303917785126874E-003
264 1.845924976306614E-004 -3.454585650784510E-004
265 -4.649682369406826E-004 8.701724594139287E-004
266 1.549329297100960E-003 -2.899517814562564E-003
267 5.970906922206574E-005 -1.117435021003475E-004
268 2.620287133341219E-004 -4.903780778862064E-004
269 1.140674839823016E-003 -2.134734814948715E-003
270 -7.072356434858844E-005 1.323567706482615E-004
271 1.030275103476512E-003 -1.928125319429172E-003
272 -9.821123265866180E-004 1.837990300301401E-003
273 5.648136685748777E-005 -1.057027685482632E-004
274 -7.531377495663093E-004 1.409472049313633E-003
275 -2.672028535177900E-004 5.000611086373837E-004
276 1.128887623926281E-003 -2.112675301574554E-003
277 -1.778079375506444E-004 3.327615957634143E-004
278 1.256764103810334E-005 -2.351992367900082E-005
279 1.172800433412650E-004 -2.194856685018026E-004
280 -5.954288757488560E-005 1.114326294041132E-004
281 1.008320973702683E-004 -1.887039520488147E-004
282 -2.545099534567726E-004 4.763068524103831E-004
283 4.125347085952396E-005 -7.720447546709673E-005
284 -2.461493190186360E-005 4.606601992819896E-005
285 7.514740703424128E-005 -1.406358278777102E-004
286 -5.907350062666533E-004 1.105540811225282E-003
287 -1.386622817668139E-004 2.595017749218619E-004
288 3.993335488346129E-005 -7.473393408474505E-005
289 -9.146244322466665E-004 1.711688961189423E-003
290 1.651210453031602E-004 -3.090185042309108E-004
291 1.300965391504675E-003 -2.434713127706865E-003
292 -1.011084479367945E-004 1.892210788929182E-004
293 -1.605862376368171E-004 3.005317937409745E-004
294 2.557900104695096E-004 -4.787024250767596E-004
295 1.809222459051712E-005 -3.385900886206084E-005
296 7.070153953602410E-006 -1.323148859827806E-005
297 3.595525335863646E-005 -6.728904251550431E-005
298 1.013459071901105E-004 -1.896654484836751E-004
299 1.105499399905929E-004 -2.068905303524362E-004
300 1.591618009790986E-004 -2.978660059628655E-004
301 8.035583854958462E-004 -1.503832602157276E-003
302 2.842772434487909E-007 -5.320176543353406E-007
303 -1.201909696835721E-004 2.249331425424678E-004
304 -6.945293228004678E-004 1.299788325829259E-003
305 -9.621664228437903E-004 1.800662213317784E-003
306 3.471603337525341E-004 -6.496989751600768E-004
307 1.352862222110011E-003 -2.531836288513458E-003
308 1.566636279344863E-004 -2.931907189134027E-004
309 1.504327854464427E-003 -2.815299170888320E-003
310 2.652418078734043E-004 -4.963911474210906E-004
311 -1.082514476933542E-004 2.025889274583412E-004
312 8.083284878524835E-004 -1.512759687218661E-003
313 2.416214210110407E-004 -4.521863606738833E-004
314 -1.142750340516023E-003 2.138618942936975E-003
315 2.209368618474960E-003 -4.134759313705553E-003
316 1.205750834671654E-005 -2.256521375749465E-005
317 -4.965106165248238E-005 9.292032136393275E-005
318 -4.267336970858176E-004 7.986178093718534E-004
319 3.054567882003647E-005 -5.716522263060704E-005
320 8.222965218843556E-005 -1.538898124404769E-004
321 1.060161342466518E-003 -1.984056419798704E-003
322 -7.056203508090983E-006 1.320540601923674E-005
323 1.274549333230852E-005 -2.385286335955046E-005
324 -6.168336001011900E-004 1.154383411945355E-003
325 -8.851210626522713E-004 1.656474381843273E-003
326 -6.659340490690578E-005 1.246272952322787E-004
327 -1.683391640559475E-004 3.150411282093679E-004
328 2.301438200984842E-004 -4.307064184225039E-004
329 4.673641162498025E-005 -8.746569715358047E-005
330 -2.176023890577595E-005 4.072351482253310E-005
331 1.130210251072675E-003 -2.115150606243674E-003
332 1.372614358205222E-004 -2.568802524877521E-004
333 1.011635005673000E-004 -1.893242555062022E-004
334 1.661997531639470E-004 -3.110372633144655E-004
335 -8.981696654120975E-004 1.680894408179179E-003
336 4.931619079064047E-006 -9.229280697045852E-006
337 -1.306291308404038E-003 2.444680406952827E-003
338 4.724260131966966E-006 -8.841348666882159E-006
339 -5.553172740122692E-004 1.039257659059319E-003
340 -2.520552058644130E-004 4.717130175437463E-004
341 1.230735776541482E-003 -2.303280739605971E-003
342 1.475206158914742E-004 -2.760798965333076E-004
343 6.564618718283206E-005 -1.228549205889701E-004
344 6.318773481076526E-005 -1.182537825496359E-004
345 -3.589544287993737E-005 6.717710784155003E-005
346 -1.129272652527819E-003 2.113395923049111E-003
347 -3.650128809096635E-004 6.831093669213831E-004
348 2.182971934229701E-005 -4.085362680112510E-005
349 -1.306306793680907E-003 2.444709371167253E-003
350 -5.007191249438184E-005 9.370784265075598E-005
351 -1.790526448107158E-004 3.350910119047299E-004
352 -1.152296076989757E-004 2.156483353859904E-004
353 1.378872243484583E-003 -2.580513162124558E-003
354 3.846168983049476E-005 -7.197976540191998E-005
355 -7.950553713532087E-006 1.487915577306001E-005
356 3.906581820114673E-005 -7.311036506960070E-005
357 3.482715180943437E-005 -6.517784704046348E-005
358 4.736347005908689E-004 -8.863914631517221E-004
359 4.595136504978126E-005 -8.599647200083941E-005
360 8.529828640058861E-004 -1.596328805742771E-003
361 1.614520600682554E-003 -3.021521183795380E-003
362 -4.464555427014285E-004 8.355265631265380E-004
363 -9.128501502366415E-004 1.708368482381253E-003
364 -2.323518276641778E-005 4.348381181070402E-005
365 -1.505697147500154E-003 2.817861754808037E-003
366 -7.405562311747021E-005 1.385926196055000E-004
367 -1.095563037337421E-004 2.050309432873440E-004
368 -1.433156719669493E-004 2.682104967566803E-004
369 -1.074330662909717E-003 2.010573803382816E-003
370 1.874760724968042E-003 -3.508551864360922E-003
371 -9.197320676288745E-004 1.721247757770285E-003
372 9.475220611138821E-005 -1.773255642475974E-004
373 9.548489255387747E-006 -1.786953914209712E-005
374 6.146493300013753E-004 -1.150295601725604E-003
375 -9.949233850917514E-004 1.861965689412295E-003
376 -4.055496113381624E-003 7.589725017484272E-003
377 1.522697773560517E-003 -2.849677806829444E-003
378 4.810728898409467E-004 -9.003117905384597E-004
379 -2.671650989491886E-003 4.999905250203635E-003
380 -5.800873533520542E-005 1.085614029467653E-004
381 -7.343135603312764E-005 1.374243313028856E-004
382 -1.102308659076496E-003 2.062933715918746E-003
383 1.070769251211940E-004 -2.003908810497023E-004
384 -1.847160582532709E-004 3.456898757208998E-004
385 -2.799464409352851E-005 5.239105958803666E-005
386 -1.128947439348029E-003 2.112787294492525E-003
387 -1.395660534963685E-004 2.611931890764668E-004
388 -3.770207995581586E-003 7.055817860067398E-003
389 2.614636117268762E-004 -4.893204160227433E-004
390 -2.405095087424981E-005 4.501056879206984E-005
391 3.106712186222186E-004 -5.814107856317128E-004
392 -8.423749743277310E-005 1.576476305283908E-004
393 3.127431450318222E-004 -5.852882641941587E-004
394 -1.753912867555557E-005 3.282389256887220E-005
395 -8.920223764394672E-005 1.669390023069600E-004
396 -4.767302312283104E-004 8.921846516960371E-004
397 -3.204101252206695E-003 5.996368103522439E-003
398 6.679521774624118E-005 -1.250050599892839E-004
399 4.977024343611734E-004 -9.314334257733688E-004
400 2.181174790162934E-003 -4.081995511332701E-003
401 7.165443547710165E-004 -1.340988725313373E-003
402 -6.951503222054087E-005 1.300950547765143E-004
403 -6.142903048271073E-004 1.149623751919396E-003
404 4.271839951193832E-005 -7.994606223185717E-005
405 -1.700739862116375E-003 3.182877652081095E-003
406 -5.432705712728637E-005 1.016712713467127E-004
407 -8.394826733294964E-005 1.571064285596114E-004
408 1.012280113217231E-005 -1.894447620519840E-005
409 -4.071657635631867E-003 7.619970792454404E-003
410 -1.391025062856663E-003 2.603256750584711E-003
411 1.826245099970195E-004 -3.417756602170952E-004
412 5.642197564077234E-005 -1.055918493047758E-004
413 -2.819091933078302E-005 5.275835478585853E-005
414 4.493090731175237E-005 -8.408668108736274E-005
415 -2.442202729113700E-005 4.570500183204061E-005
416 -1.086911407770539E-003 2.034118260268997E-003
417 -2.865044477666850E-004 5.361834884713993E-004
418 -6.021013747862950E-005 1.126812522132496E-004
419 -6.757547288093146E-005 1.264652223396279E-004
420 -1.884179638380773E-003 3.526179015751146E-003
421 7.935955016156810E-005 -1.485187352972204E-004
422 -1.200276294630031E-004 2.246276847958877E-004
423 -6.410350761726018E-005 1.199675995926129E-004
424 6.753526901085630E-003 -1.263899927655176E-002
425 1.627968121008419E-003 -3.046687809087770E-003
426 -7.344562946005465E-005 1.374510383181448E-004
427 2.769306872116709E-005 -5.182667556798725E-005
428 -8.878186702516221E-004 1.661522880678790E-003
429 1.116657296924644E-004 -2.089786422427982E-004
430 -1.852209712190800E-005 3.466348713725507E-005
431 -7.657031903245148E-006 1.432985827878896E-005
432 1.036251932606897E-003 -1.939310771765303E-003
433 6.222036292029195E-003 -1.164433233693363E-002
434 3.357602976079464E-004 -6.283641406209001E-004
435 4.934253974959730E-005 -9.234291197079660E-005
436 2.121242616778274E-003 -3.969834446952554E-003
437 1.773075374822967E-003 -3.318251127080660E-003
438 8.136525527798945E-005 -1.522723256688879E-004
439 -1.480933916357270E-003 2.771518115780305E-003
440 1.366059688369697E-004 -2.556534912920898E-004
441 9.045993197934433E-005 -1.692927219285368E-004
442 -1.607036596793759E-005 3.007511641993006E-005
443 -8.457284052060711E-004 1.582752365565727E-003
444 1.567831584132139E-004 -2.934144500486447E-004
445 -2.392217727321096E-004 4.476955706844174E-004
446 -4.505118514655722E-003 8.431178278859792E-003
447 -6.925433614582323E-003 1.296071683296594E-002
448 4.152368241190518E-004 -7.771017998139733E-004
449 9.890256674795710E-005 -1.850927915482658E-004
450 4.363651734635048E-003 -8.166427942907933E-003
451 3.891555485082198E-004 -7.282915600564519E-004
452 3.199115985304843E-003 -5.987038292403763E-003
453 -1.062663628225076E-003 1.988739359924040E-003
454 -7.305720018356858E-005 1.367241087625849E-004
455 6.212891458943096E-004 -1.162721823939277E-003
456 -2.127060570841673E-003 3.980722542499135E-003
457 -1.032459305478680E-003 1.932212927798120E-003
458 2.948571698402241E-003 -5.518153082384459E-003
459 -1.023996954471769E-003 1.916375992093318E-003
460 7.721524163583657E-005 -1.445057179919943E-004
461 2.254200906277890E-003 -4.218661400856792E-003
462 -9.809654574678754E-005 1.835843984869641E-004
463 -4.746895981205368E-005 8.883656488913600E-005
464 1.606608654451554E-005 -3.006714406517858E-005
465 4.236280142103666E-005 -7.928060585738831E-005
466 -1.007799503302466E-003 1.886062994814819E-003
467 2.367229500965630E-003 -4.430190646249858E-003
468 1.861905562266814E-004 -3.484493997232446E-004
469 5.987708502212928E-004 -1.120579535748533E-003
470 1.465279654477256E-004 -2.742222778413187E-004
471 -5.071466479779333E-003 9.491079544967652E-003
472 3.492394102659013E-003 -6.535898482388551E-003
473 1.360540918787052E-004 -2.546206205854979E-004
474 -1.265629218868876E-003 2.368582628510933E-003
475 3.540800344368982E-004 -6.626489079374894E-004
476 -3.392467082034623E-003 6.348888410393966E-003
477 1.118296617576107E-004 -2.092854491068105E-004
478 -6.707193128468855E-004 1.255228670178893E-003
479 -1.045586072623335E-004 1.956779285026890E-004
480 -3.593920130960819E-004 6.725901339004449E-004
481 5.473697925904578E-003 -1.024384216875378E-002
482 6.402513774854638E-003 -1.198208990781009E-002
483 4.076846279997335E-004 -7.629681084298574E-004
484 9.193203758892711E-003 -1.720477263618156E-002
485 2.237306139331827E-002 -4.187043443015893E-002
486 1.772447890796209E-003 -3.317076781726796E-003
487 -2.054186313544331E-002 3.844340819544585E-002
488 -6.363740229930989E-003 1.190952650063157E-002
489 1.301271922601416E-003 -2.435286776286917E-003
490 1.688054050119936E-002 -3.159136586460145E-002
491 6.001223838052280E-005 -1.123109159480072E-004
492 -3.105293000872808E-002 5.811451752855307E-002
493 9.087896536696668E-006 -1.700772924802929E-005
494 -6.820627226792583E-004 1.276457515803197E-003
495 1.935270325930060E-002 -3.621793536738036E-002
496 -8.702181608608694E-003 1.628584112585474E-002
497 -3.279002522551370E-004 6.136542923232963E-004
498 1.746285321450993E-004 -3.268114497518555E-004
499 7.571819547196266E-004 -1.417040650311386E-003
500 3.152232162399995E-002 -5.899296834167262E-002
501 -7.064544902305637E-004 1.322105899201831E-003
502 -1.870816458268219E-002 3.501170288189574E-002
503 -8.477904844851140E-002 0.158661146911614
504 -4.907057185222690E-003 9.183393011734825E-003
505 3.671665264801931E-002 -6.871398450469988E-002
506 3.711959746652123E-004 -6.946808451936392E-004
507 -1.115769001813987E-003 2.088124274367456E-003
508 -3.974288629227118E-003 7.437747949698754E-003
509 -0.114073651611606 0.213485015209954
510 -0.390750140311485 0.731275787405822
511 1.518702747027268E-003 -2.842201285007848E-003
512 -1.401101683316846E-003 2.622114841018345E-003
513 0.196146322746285 -0.367081268101756
514 4.631077181656966E-002 -8.666905711263077E-002
515 7.088124536217753E-004 -1.326518765552854E-003
516 9.314493143526521E-004 -1.743176131104593E-003
517 7.872463037210883E-004 -1.473305091231330E-003
518 -9.311833265323626E-003 1.742678384659098E-002
519 3.568829379070792E-004 -6.678944508412929E-004
520 -1.527382394698355E-004 2.858444599046138E-004
521 -1.019722912208351E-002 1.908377233887085E-002
522 -2.265569054859473E-003 4.239936535256376E-003
523 9.381152082900049E-004 -1.755651090306683E-003
524 9.613025613791036E-004 -1.799045478690910E-003
525 7.593842456277517E-005 -1.421162132537740E-004
526 -2.522526680838271E-002 4.720824121080609E-002
527 -4.204097359600556E-003 7.867827316538753E-003
528 3.910231947706605E-004 -7.317868120245176E-004
529 2.683807551299561E-005 -5.022662038786590E-005
530 2.627478194326511E-003 -4.917237325175669E-003
531 1.879376727952137E-002 -3.517190532998779E-002
532 -5.032662664743333E-005 9.418459077395660E-005
533 -1.661754384133384E-003 3.109917637021648E-003
534 7.677099185553398E-003 -1.436743380789759E-002
535 3.530855042153001E-004 -6.607876451457388E-004
536 2.076881098648334E-003 -3.886813297730137E-003
537 -1.224348532919840E-002 2.291327235439785E-002
538 4.569027181012793E-005 -8.550784334629245E-005
539 2.381423184463921E-003 -4.456753680569804E-003
540 -6.814309479660088E-004 1.275275210789655E-003
541 6.624041225580624E-003 -1.239667107936304E-002
542 2.399998099400226E-003 -4.491516059239788E-003
543 -1.511244097385283E-004 2.828242474735939E-004
544 6.278271108665362E-003 -1.174957392628832E-002
545 -4.894372718946489E-003 9.159654466513237E-003
546 -4.570345945764541E-005 8.553249581670336E-005
547 -1.196962456738011E-002 2.240075110324925E-002
548 4.992728068228446E-004 -9.343723299735569E-004
549 -1.857425890668449E-004 3.476110151356291E-004
550 4.667280850105948E-003 -8.734659660410376E-003
551 -8.605028003675950E-004 1.610402193609097E-003
552 6.742438877148036E-004 -1.261824818857672E-003
553 1.431771190591806E-002 -2.679511784775225E-002
554 3.339942151957311E-003 -6.250589713726181E-003
555 1.302329182927052E-002 -2.437265400810157E-002
556 5.641286016411922E-003 -1.055747763423785E-002
557 -3.439627980611538E-003 6.437148438688474E-003
558 1.830935137618786E-004 -3.426533365459491E-004
559 -1.123819329751914E-003 2.103190174960988E-003
560 2.472647626017274E-003 -4.627477102626218E-003
561 -5.740969465828365E-005 1.074402995954432E-004
562 -2.294899916822373E-003 4.294828285871159E-003
563 -2.598243133598048E-004 4.862524746105076E-004
564 1.116168374671938E-002 -2.088871689263326E-002
565 2.859274272457664E-004 -5.351035741257518E-004
566 -2.569892431102918E-003 4.809467533454823E-003
567 -4.036174224311646E-004 7.553564663968608E-004
568 -1.814316571489406E-003 3.395432665495565E-003
569 -6.356789582992492E-003 1.189651864908588E-002
570 1.717332342695324E-004 -3.213929861355596E-004
571 5.079857585664342E-003 -9.506783191837870E-003
572 2.317333778819980E-003 -4.336812485978167E-003
573 5.643222037408504E-004 -1.056110038902561E-003
574 7.557346720954628E-005 -1.414332191827237E-004
575 -1.064305806396914E-003 1.991812343039057E-003
576 2.337745886154599E-004 -4.375013073375038E-004
577 -5.110179058459202E-003 9.563528789814760E-003
578 -6.541728509964034E-003 1.224262557584033E-002
579 -2.330252990291660E-004 4.360989918124638E-004
580 -1.522929282637455E-003 2.850111267207097E-003
581 -2.413413270270571E-005 4.516621101941152E-005
582 1.924457806787222E-003 -3.601558262499017E-003
583 -5.341525578648281E-005 9.996489327075475E-005
584 5.787300407966273E-005 -1.083072874832918E-004
585 -2.137522951839038E-005 4.000300961121986E-005
586 -3.694027983893097E-003 6.913249443517399E-003
587 -7.669758289066347E-004 1.435369583141129E-003
588 2.226931142530964E-003 -4.167626971455851E-003
589 -7.349001437560141E-004 1.375340983678269E-003
590 3.885724420242222E-003 -7.272002984582906E-003
591 2.628181245761341E-004 -4.918553517901795E-004
592 -4.425427204556899E-004 8.282038721154890E-004
593 1.825330795247308E-005 -3.416045511543445E-005
594 -1.304384268760256E-003 2.441111446285903E-003
595 -8.684686701456503E-005 1.625309972713856E-004
596 3.848260416718963E-004 -7.201890490696140E-004
597 5.703304287416575E-005 -1.067354003096086E-004
598 -1.151739431612325E-004 2.155442374806106E-004
599 -1.197263071823061E-005 2.240637341442151E-005
600 -2.922290996881908E-005 5.468969078151014E-005
601 -3.320408662438008E-004 6.214033842603349E-004
602 -1.267326752454709E-003 2.371759557743276E-003
603 -3.690428594665664E-005 6.906508875115427E-005
604 -5.338234775152174E-004 9.990327147260073E-004
605 2.570278411663036E-005 -4.810189106551789E-005
606 1.778802692473761E-004 -3.328969380917588E-004
607 -4.081612765294664E-004 7.638601351583467E-004
608 1.239458132891953E-003 -2.319604344017203E-003
609 5.590629187727809E-004 -1.046267488636136E-003
610 8.654179098665566E-006 -1.619601904444416E-005
611 -1.829403583492432E-003 3.423667482976307E-003
612 -5.557210541460916E-004 1.040013576449077E-003
613 1.977015044532379E-005 -3.699917018008671E-005
614 -1.242368641718314E-005 2.325056234759862E-005
615 4.811027021290883E-004 -9.003676050705565E-004
616 3.051075779442151E-005 -5.709986290207209E-005
617 1.118399712276304E-005 -2.093045648433446E-005
618 2.177455942572107E-004 -4.075035853107250E-004
619 -9.293073382431267E-004 1.739167483508112E-003
620 1.938065569532805E-004 -3.627024679713794E-004
621 -1.098372356932311E-003 2.055566999238710E-003
622 1.545933561681120E-004 -2.893162739328692E-004
623 -5.860900012814636E-005 1.096847764630444E-004
624 -1.725350616691714E-003 3.228935785987032E-003
625 -3.333419071745426E-005 6.238388743746213E-005
626 2.885871422538230E-003 -5.400811617397580E-003
627 5.384783603492659E-005 -1.007744627140565E-004
628 -7.998432964640589E-005 1.496879736234654E-004
629 -3.427494392984156E-004 6.414441361100000E-004
630 -5.703148442026592E-004 1.067325084360676E-003
631 -2.275695837415965E-005 4.258888180437800E-005
632 5.069222500136699E-005 -9.486880318992547E-005
633 5.918877503623186E-004 -1.107698097917085E-003
634 -4.170338724508873E-003 7.804649086532773E-003
635 -1.165705357255272E-004 2.181579141620645E-004
636 -3.309528733712869E-004 6.193671988640564E-004
637 1.346681405882833E-003 -2.520269256798784E-003
638 1.884515126783977E-005 -3.526803529837098E-005
639 -9.281499981724767E-004 1.737001572936027E-003
640 1.042659261230187E-004 -1.951301943399286E-004
641 1.109859388663787E-003 -2.077064605559582E-003
642 5.385093799810865E-006 -1.007804395528448E-005
643 5.908051338771305E-004 -1.105672030020642E-003
644 -9.867049003380144E-005 1.846584809783551E-004
645 -2.676684704970435E-004 5.009325208877448E-004
646 -3.339401970651346E-005 6.249579357187480E-005
647 -2.400607207119710E-003 4.492655482589892E-003
648 -4.431924475876219E-003 8.294198036540010E-003
649 -1.054849554711606E-004 1.974114983434214E-004
650 -1.075190980988476E-004 2.012185075070190E-004
651 -1.114352660692724E-003 2.085473656039501E-003
652 -2.982034156331111E-005 5.580776727040962E-005
653 -8.653210990098891E-004 1.619419390745156E-003
654 -8.139411601759379E-004 1.523264082765762E-003
655 -1.184232372133239E-005 2.216251082384352E-005
656 6.883402147969631E-006 -1.288206545561640E-005
657 2.794876515551546E-004 -5.230519887794328E-004
658 2.116694322450335E-003 -3.961322502986388E-003
659 -2.004876806549473E-004 3.752060087341647E-004
660 5.686062287290674E-004 -1.064127462450690E-003
661 -1.035748263692163E-006 1.938371858847442E-006
662 -5.370921221485794E-004 1.005149888777707E-003
663 5.832466633334380E-004 -1.091526523780373E-003
664 -1.010504053937119E-005 1.891124047847377E-005
665 -6.165292988652136E-004 1.153813930917337E-003
666 2.190372317031738E-005 -4.099210639044033E-005
667 4.304474714617359E-005 -8.055678830958466E-005
668 2.522381728950565E-004 -4.720552938022276E-004
669 -3.302120881351205E-004 6.179808574536986E-004
670 1.147571587800285E-005 -2.147642559923658E-005
671 -8.598641238323989E-004 1.609206873427616E-003
672 -2.141620459675286E-005 4.007967295335165E-005
673 9.107361685789933E-004 -1.704412279001384E-003
674 -5.106963155747469E-005 9.557514371946762E-005
675 5.733680815138274E-005 -1.073039425996663E-004
676 -1.523985974116089E-003 2.852088655115132E-003
677 3.863344852982753E-005 -7.230123649242704E-005
678 -9.945186849286325E-004 1.861208391123255E-003
679 2.419372245189396E-005 -4.527785550175222E-005
680 2.156907662484631E-005 -4.036577368214783E-005
681 -4.108987091369898E-004 7.689832231347418E-004
682 2.194327133037655E-004 -4.106609799284324E-004
683 8.903900253317305E-006 -1.666336466592777E-005
684 -3.115287761498510E-004 5.830156352138775E-004
685 5.665897055787450E-006 -1.060352500335840E-005
686 -4.364414660365616E-004 8.167856021228454E-004
687 3.205639970988465E-005 -5.999245395271424E-005
688 1.444242371373156E-004 -2.702851476768742E-004
689 -1.189227435218050E-005 2.225602429155914E-005
690 -3.955288535591571E-006 7.402199222084254E-006
691 -9.882674309405206E-004 1.849509354033481E-003
692 -6.506198973635844E-005 1.217613054782992E-004
693 -3.655776210619016E-006 6.841659188008607E-006
694 -7.301694669022954E-006 1.366489645135137E-005
695 -1.710317039599619E-004 3.200801047726161E-004
696 -2.401243441692684E-004 4.493846064347589E-004
697 5.086380319043664E-005 -9.518995434978512E-005
698 3.411607976173206E-005 -6.384710959609564E-005
699 9.175641093344677E-006 -1.717187375025124E-005
700 -4.021030932735846E-004 7.525224756128117E-004
701 2.295737203051267E-005 -4.296399700635189E-005
702 4.061153328329230E-004 -7.600311943994918E-004
703 -1.664037241197144E-006 3.114201209002081E-006
704 1.567833254073603E-004 -2.934148213496081E-004
705 -2.845529042586453E-004 5.325312300252967E-004
706 -2.887888010880748E-006 5.404579057774151E-006
707 1.109761670728949E-004 -2.076881840810257E-004
708 4.915237156121312E-006 -9.198709726570414E-006
709 -1.208021714375311E-004 2.260772101277895E-004
710 6.765571503601203E-004 -1.266154035730862E-003
711 -2.358004735059933E-006 4.412895135916515E-006
712 -1.378853422895996E-005 2.580492277390051E-005
713 -2.700240256320356E-004 5.053408719883813E-004
714 -5.026735760599944E-004 9.407367494563572E-004
715 8.279358419427775E-006 -1.549458895983210E-005
716 -1.425594904680651E-005 2.667951572033997E-005
717 -1.607936137305024E-004 3.009198539663724E-004
718 4.970938373319249E-005 -9.302915660280870E-005
719 6.425636928810505E-005 -1.202536146029050E-004
720 3.861100478122988E-005 -7.226003522251429E-005
721 1.224746224059665E-005 -2.292067934919298E-005
722 -5.004144280871076E-006 9.365749951652441E-006
723 -6.450605095881048E-007 1.207069205163085E-006
724 -3.916218060035202E-004 7.329070420702059E-004
725 -3.976182693777427E-006 7.441631997689843E-006
726 3.516095200538261E-004 -6.580254421928961E-004
727 -1.281774641943622E-005 2.398782525330568E-005
728 4.335345884775399E-004 -8.113454443653858E-004
729 -5.588610643914324E-007 1.045949415616306E-006
730 -1.735826288410832E-004 3.248540734588132E-004
731 -1.590375023627588E-005 2.976321507816066E-005
732 -5.148374394091155E-004 9.635010274518704E-004
733 9.367865716815220E-006 -1.753185677702701E-005
734 -1.706200937814227E-005 3.193078166531973E-005
735 -6.301490333135161E-004 1.179302717904337E-003
736 3.806668007827778E-006 -7.124248514604204E-006
737 -3.187147762203796E-005 5.964636022917292E-005
738 5.369241771883828E-004 -1.004835863331196E-003
739 -4.080539193440135E-004 7.636591961197110E-004
740 -7.702667188688522E-006 1.441529537524112E-005
741 -2.388174740143887E-005 4.469353611867307E-005
742 4.085860310842558E-004 -7.646550142030688E-004
743 1.148060691108271E-005 -2.148523338469224E-005
744 1.295091945488836E-004 -2.423721074170409E-004
745 2.066798080616364E-005 -3.867944950416208E-005
746 -3.535592204347203E-004 6.616742479026217E-004
747 -2.623915850334579E-006 4.910612831007338E-006
748 2.358414886615779E-004 -4.413694211252296E-004
749 2.757580541470760E-004 -5.160718967744077E-004
750 -1.644209530337126E-004 3.077079830677794E-004
751 -2.096123668511042E-006 3.922818691659735E-006
752 2.064421565909817E-004 -3.863495517682853E-004
753 -6.563101596769497E-006 1.228260824938638E-005
754 1.469008044791680E-004 -2.749200927282669E-004
755 -5.551604511016382E-005 1.038963236930099E-004
756 3.447255086435949E-006 -6.451360548170344E-006
757 1.499033519804984E-005 -2.805385378492384E-005
758 -2.010663524922757E-004 3.762887286037602E-004
759 -1.228584805740251E-004 2.299255576428635E-004
760 6.706688247150364E-006 -1.255128248667999E-005
761 4.050439573414683E-007 -7.578226708671020E-007
762 -4.417633863290207E-005 8.267448553289240E-005
763 -4.416821861868937E-004 8.265934082893011E-004
764 -2.958260084917864E-004 5.536284002999186E-004
765 7.006921646684430E-006 -1.311311064244879E-005
766 1.565632612474346E-004 -2.930028554860452E-004
767 9.137866476841133E-006 -1.710107963159398E-005
768 -4.416443671688905E-006 8.265219625053640E-006
769 2.241201097208763E-004 -4.194332745263653E-004
770 3.096402098950766E-006 -5.794910694638490E-006
771 -3.466421176485009E-004 6.487292554240955E-004
772 1.601972037417475E-005 -2.998055518872675E-005
773 1.130994999133796E-004 -2.116619412287510E-004
774 -5.907534885596247E-006 1.105571798154842E-005
775 -1.777875129961871E-004 3.327232645193096E-004
776 3.449722907810445E-004 -6.456045270652271E-004
777 2.389258887018281E-004 -4.471418242537008E-004
778 -7.612017411340031E-006 1.424560619169203E-005
779 7.843002387622665E-005 -1.467792570934087E-004
780 4.672547364620067E-004 -8.744514872691303E-004
781 2.845991040208549E-004 -5.326175363294341E-004
782 7.657405316286415E-006 -1.433053762994447E-005
783 -2.927527342718817E-004 5.478770404731932E-004
784 -1.127198647697847E-005 2.109501357894077E-005
785 1.155014708566996E-004 -2.161572609539841E-004
786 5.883438772107565E-006 -1.101045719028776E-005
787 3.862096972510769E-004 -7.227783228676874E-004
788 6.655837446456724E-006 -1.245595191544531E-005
789 2.904732669574722E-004 -5.436110171697740E-004
790 1.153134837481710E-005 -2.158065917713099E-005
791 4.371062970853688E-005 -8.180325872233760E-005
792 1.912143120925350E-005 -3.578513200259475E-005
793 -4.863017923016498E-004 9.100973866639008E-004
794 6.267479614134907E-006 -1.172944613569190E-005
795 -2.805251237354335E-004 5.249933225885482E-004
796 5.141354343011726E-006 -9.621848347127244E-006
797 -5.186203383382482E-006 9.705815428274041E-006
798 7.304874996817276E-004 -1.367082597887838E-003
799 -1.137605907116824E-005 2.128983069419436E-005
800 -1.855452949656173E-003 3.472418242138410E-003
801 5.142420530241321E-005 -9.623860988366349E-005
802 8.648011027701987E-005 -1.618447139180247E-004
803 -3.458390290844794E-006 6.472283655973466E-006
804 -7.368950084772365E-005 1.379075853988091E-004
805 -3.304573643524464E-006 6.184395250475753E-006
806 -1.303343246840346E-003 2.439163557717841E-003
807 5.526168964782619E-005 -1.034202019737397E-004
808 -7.215084742296058E-006 1.350282303087771E-005
809 -6.498591293487132E-004 1.216189472512308E-003
810 2.263832569842725E-005 -4.236682784988557E-005
811 7.479050257663239E-004 -1.399679185504489E-003
812 2.319873553309182E-005 -4.341557166950667E-005
813 -2.556065419828759E-004 4.783589422625923E-004
814 -3.753439005885527E-006 7.024641135645166E-006
815 1.589087808970765E-003 -2.973924531425691E-003
816 9.216284467769393E-006 -1.724801746469841E-005
817 -2.950765788715961E-004 5.522260036966203E-004
818 2.801688727737139E-004 -5.243266322523594E-004
819 -1.464041146586357E-003 2.739904016242444E-003
820 1.080886798900636E-005 -2.022822408281768E-005
821 1.520597800107394E-004 -2.845747769215127E-004
822 -1.480804960399694E-005 2.771286028649858E-005
823 3.564989341712542E-005 -6.671766180720140E-005
824 -3.317966442000334E-004 6.209462151984949E-004
825 2.229827765476965E-004 -4.173045669077071E-004
826 -5.437408855768116E-005 1.017592096602439E-004
827 -1.442117511351827E-003 2.698874652618231E-003
828 -4.660093515332754E-005 8.721220284662215E-005
829 -1.351749654311100E-003 2.529754358934341E-003
830 -3.616215600853745E-004 6.767627567663011E-004
831 5.961817382094573E-004 -1.115733664479675E-003
832 1.209742406030781E-007 -2.264244151094360E-007
833 5.819004089493497E-004 -1.089007088529186E-003
834 8.954116507597560E-006 -1.675710024849106E-005
835 3.429538943691141E-006 -6.418404591362038E-006
836 -8.702892145038829E-005 1.628716701351310E-004
837 -8.216937223786546E-006 1.537777743067340E-005
838 -3.938301713355593E-004 7.370398290335641E-004
839 -2.383793450746737E-005 4.461178950452350E-005
840 -1.221186592567281E-004 2.285414749535703E-004
841 2.423382324293874E-004 -4.535275922792091E-004
842 -3.036967039713925E-005 5.683574480291710E-005
843 2.185583585354163E-004 -4.090244433523974E-004
844 -7.002331379557432E-004 1.310462841155419E-003
845 -2.708863029626467E-005 5.069581467106867E-005
846 1.085421746205773E-005 -2.031338877910326E-005
847 1.042407315483947E-005 -1.950820314675686E-005
848 -3.850748358898122E-004 7.206544909895431E-004
849 8.596332394129218E-006 -1.608776493715610E-005
850 -2.155135909722386E-004 4.033261923026427E-004
851 1.028167203143458E-006 -1.924165732572936E-006
852 1.271800946501526E-005 -2.380135185978597E-005
853 -3.378910059504278E-004 6.323515349310095E-004
854 -1.572141587377346E-005 2.942209769673889E-005
855 -3.803234517726559E-006 7.117481149190397E-006
856 4.929015761524607E-006 -9.224597538851817E-006
857 -6.338083452889913E-004 1.186151030471438E-003
858 -2.484408546902691E-005 4.649492518803166E-005
859 2.579006823490283E-006 -4.826373378173816E-006
860 8.056622830048744E-006 -1.507758133011317E-005
861 -4.893819542500406E-004 9.158621958880347E-004
862 -4.648828140248611E-006 8.700109264699237E-006
863 -5.368568650346730E-006 1.004708902605699E-005
864 2.193893307600549E-005 -4.105803729089405E-005
865 -3.016623291116025E-004 5.645511578765922E-004
866 -1.607929893253260E-006 3.009142730182660E-006
867 3.510129678717755E-004 -6.569090421074708E-004
868 -4.279318669100615E-006 8.008753204162549E-006
869 -1.132506500354685E-005 2.119451035085741E-005
870 -3.143273652152382E-004 5.882532613639878E-004
871 6.483880700595656E-005 -1.213436837393428E-004
872 9.349088269238523E-006 -1.749624279664939E-005
873 -5.727658837213145E-004 1.071911760885844E-003
874 -9.889447993628036E-006 1.850810993968927E-005
875 2.874734335309653E-004 -5.379967020480456E-004
876 -1.325440781867038E-005 2.480488203833547E-005
877 -1.944867010345914E-004 3.639754034003381E-004
878 3.373629394321385E-007 -6.313584402115770E-007
879 6.840778516617377E-006 -1.280241344847658E-005
880 2.075883872629347E-004 -3.884946323669536E-004
881 2.027111584040835E-005 -3.793668057045584E-005
882 -1.054431362886494E-003 1.973333193154004E-003
883 -7.951491126860432E-006 1.488119673267061E-005
884 -3.029237724663804E-004 5.669116876434932E-004
885 7.753073243052810E-005 -1.450963323390974E-004
886 -3.256117181254041E-006 6.093615436828308E-006
887 3.367561804610115E-004 -6.302276165454205E-004
888 5.432758498640243E-004 -1.016722342396628E-003
889 -5.204534072970929E-005 9.740113884368516E-005
890 -1.612371226725133E-005 3.017484833422792E-005
891 -4.088896088427900E-004 7.652229510181845E-004
892 -2.663336091735373E-004 4.984345294977530E-004
893 2.453737195019969E-004 -4.592083814893469E-004
894 3.778266697590680E-004 -7.070898000318353E-004
895 1.088224488468668E-003 -2.036575510252307E-003
896 -2.450534274204901E-004 4.586092197138678E-004
897 4.250163271957794E-006 -7.954084506952035E-006
898 -6.615037080859332E-006 1.237966304858416E-005
899 2.601391316084959E-005 -4.868417451752016E-005
900 1.104192215678611E-005 -2.066428820560690E-005
901 2.148511487354093E-004 -4.020872774467056E-004
902 3.465181670148985E-004 -6.484968670726018E-004
903 -1.260731477888128E-004 2.359418799619734E-004
904 -4.246707579463351E-004 7.947570287759011E-004
905 -2.934053893068668E-005 5.490954998410666E-005
906 -5.233975764139587E-004 9.795210890789238E-004
907 -6.482105365328068E-005 1.213102999816303E-004
908 -7.688319380112551E-005 1.438845144148476E-004
909 2.479399630112064E-004 -4.640116144003155E-004
910 4.070227660712680E-006 -7.617280241975082E-006
911 8.265724993053404E-005 -1.546902088611335E-004
912 3.387487801282090E-004 -6.339569493844996E-004
913 -2.585437581148958E-005 4.838550529707826E-005
914 4.467906698370553E-005 -8.361536869967782E-005
915 -1.865765891119553E-007 3.492992370362053E-007
916 1.106990639215078E-006 -2.071675507924513E-006
917 2.389761293688402E-005 -4.472346984725797E-005
918 -2.703042836842746E-006 5.058657867843923E-006
919 -2.535430369319613E-004 4.744974760256468E-004
920 -8.652701166753925E-006 1.619322552850288E-005
921 -8.391311630135151E-005 1.570406552015500E-004
922 1.728847850033094E-004 -3.235479928817222E-004
923 2.977586114387276E-004 -5.572450223910255E-004
924 -2.177874016441330E-005 4.075778296391578E-005
925 -5.299028916213217E-006 9.916606994675647E-006
926 -5.453283379360070E-005 1.020563852521044E-004
927 1.541211391018771E-005 -2.884344569265903E-005
928 -1.682227126133125E-004 3.148231301998778E-004
929 2.046374674851046E-005 -3.829694333325424E-005
930 -2.015544849411481E-005 3.772012793556007E-005
931 6.554855845296166E-004 -1.226719408999067E-003
932 1.991967266091150E-004 -3.727897825412689E-004
933 5.281530427863663E-006 -9.884352372000340E-006
934 5.356202809719339E-005 -1.002398649199398E-004
935 -6.686468167203550E-006 1.251351623646700E-005
936 3.480192831436229E-004 -6.513066279738341E-004
937 1.492085571905957E-005 -2.792379764763144E-005
938 2.935355318195012E-004 -5.493421244106556E-004
939 -7.021095882968949E-005 1.313974813926268E-004
940 2.795564298006025E-005 -5.231800552684549E-005
941 -1.202458738979399E-004 2.250360441431566E-004
942 -1.182514664807295E-005 2.213045145478456E-005
943 1.474989551287846E-004 -2.760392425169717E-004
944 5.618529625687058E-007 -1.051630244477860E-006
945 1.928548558566464E-004 -3.609212186101589E-004
946 9.861448779023733E-006 -1.845563299898252E-005
947 2.333931754915905E-006 -4.367727325346226E-006
948 -6.660870189713155E-006 1.246565243325138E-005
949 -7.154114514947406E-005 1.338867284787045E-004
950 -5.143102898789396E-007 9.623772006354623E-007
951 3.860053639535801E-006 -7.223913471824019E-006
952 1.002970684304958E-004 -1.877028101730197E-004
953 -8.183906267760279E-006 1.531585144752688E-005
954 -8.908295512623667E-005 1.667157114324347E-004
955 2.503708777925367E-006 -4.685608643346517E-006
956 4.986197447504194E-004 -9.331501700518756E-004
957 -8.793585407574688E-005 1.645689263353163E-004
958 2.151759615345612E-004 -4.026947104034611E-004
959 1.378064109683507E-006 -2.578967898933744E-006
960 5.413463367794531E-004 -1.013111281715873E-003
961 9.616269521381413E-006 -1.799654096306491E-005
962 -6.554913702814777E-004 1.226730201690799E-003
963 -9.049024624704455E-005 1.693492889765158E-004
964 2.973636519355174E-004 -5.565060638835921E-004
965 1.338938863645361E-005 -2.505776700404818E-005
966 1.553090498458887E-004 -2.906557101262617E-004
967 2.728074245459598E-006 -5.105160953041959E-006
968 3.969221118730794E-004 -7.428263766199757E-004
969 1.457376815369584E-005 -2.727441986288893E-005
970 1.170794886362514E-004 -2.191102703064792E-004
971 5.979740187179174E-006 -1.119091811707069E-005
972 -1.211424302910623E-005 2.267141058832577E-005
973 5.472923568430841E-006 -1.024241785374126E-005
974 -2.368419519044640E-004 4.432418573522551E-004
975 -1.098891003631180E-005 2.056553534977194E-005
976 -2.311333514064550E-004 4.325580612534691E-004
977 8.839044563404842E-005 -1.654196489605892E-004
978 2.222424300971537E-006 -4.159189732174437E-006
979 8.084417007191671E-005 -1.512968085829637E-004
980 7.723222984609217E-007 -1.444946799467104E-006
981 -2.929559918888563E-004 5.482573099661043E-004
982 -1.183746555834097E-004 2.215341126432388E-004
983 -1.591148210852203E-004 2.977782042306971E-004
984 -7.094236892938641E-006 1.327660278551650E-005
985 -7.740196737246488E-006 1.448548999602073E-005
986 5.030151530881346E-004 -9.413761546166542E-004
987 9.722557446859973E-007 -1.819703744927679E-006
988 3.478226193133345E-005 -6.509400254432402E-005
989 -2.963213390282287E-005 5.545550529536136E-005
990 -2.976841271889086E-004 5.571057897522408E-004
991 -2.179987501934994E-006 4.080202976122136E-006
992 -1.870603017254174E-004 3.500770586179438E-004
993 7.435163795653519E-006 -1.391476961044462E-005
994 1.505577549819804E-005 -2.817650596108583E-005
995 5.012424416400209E-004 -9.380583242875173E-004
996 3.304837154202746E-006 -6.184647829521646E-006
997 -1.638773959894222E-004 3.066910305294987E-004
998 1.270383668885411E-005 -2.377473001987155E-005
999 6.288960055029044E-006 -1.176979201497423E-005
1000 4.766834829937291E-006 -8.920725057412279E-006
1001 -1.217519637045814E-005 2.278561461689755E-005
1002 -1.567139233877301E-005 2.932847259488025E-005
1003 6.274186298804955E-006 -1.174175841346087E-005
1004 -1.154372083013521E-004 2.160369749242568E-004
1005 -3.326579396823076E-005 6.225580170792061E-005
1006 8.423305425148235E-006 -1.576349394949113E-005
1007 -3.707527769052915E-006 6.938251659277847E-006
1008 2.376120409918471E-007 -4.446097566891001E-007
1009 3.820528205527632E-005 -7.150008191313859E-005
1010 -3.601289719354990E-005 6.739680171230724E-005
1011 -9.046805346828510E-005 1.693078591613516E-004
1012 -3.933524710977839E-005 7.361470052773301E-005
1013 3.252938551540605E-007 -6.086159842975087E-007
1014 -1.318557855349579E-004 2.467636751906477E-004
1015 1.210457887276758E-005 -2.265342930284248E-005
1016 1.213577694302962E-004 -2.271168663350964E-004
1017 -3.663102099722681E-005 6.855383895796624E-005
1018 -2.043899452482279E-004 3.825087933658267E-004
1019 -7.709989045711430E-006 1.442910916004643E-005
1020 -1.564309453330285E-006 2.927535239267396E-006
1021 -3.689986178293186E-007 6.907989911273630E-007
1022 -2.177634849807419E-004 4.075369385449141E-004
1023 4.149437762474186E-005 -7.765531327745836E-005
1024 -4.595842592960968E-006 8.601257488707906E-006
1025 -4.803398694074562E-007 8.992278455321919E-007
1026 -3.872489937646208E-006 7.247119292351293E-006
1027 4.134307793270390E-006 -7.737544899027005E-006
1028 -3.366023654851193E-006 6.299370222104277E-006
1029 -9.704520401103123E-005 1.816166039426390E-004
1030 -7.946217711893983E-007 1.487260856258871E-006
1031 -1.679838298450528E-004 3.143760396629963E-004
1032 2.511421332760219E-004 -4.700045897692372E-004
1033 1.547007711468149E-004 -2.895170480556454E-004
1034 3.513319308729845E-006 -6.575191325236124E-006
1035 5.267889064311073E-006 -9.858648005922307E-006
1036 -5.732499713735660E-006 1.072818333535324E-005
1037 -7.811628228397562E-005 1.461918184918308E-004
1038 5.168084464896016E-005 -9.671890413667019E-005
1039 5.322993426499907E-006 -9.961756903184135E-006
1040 -1.382678930295634E-004 2.587637373794560E-004
1041 1.341138604941907E-006 -2.509794345430524E-006
1042 9.870895202922259E-005 -1.847301107284260E-004
1043 1.465033601514253E-005 -2.741743828038215E-005
1044 -6.594505155334886E-005 1.234137643957461E-004
1045 -2.317478899237321E-006 4.337291143260752E-006
1046 -3.961519057769162E-006 7.414100342411770E-006
1047 2.183203122069516E-005 -4.085812325634301E-005
1048 1.349279237577352E-004 -2.525129802353903E-004
1049 -8.094810335623310E-007 1.514778974705037E-006
1050 5.569182868536515E-006 -1.042267904792378E-005
1051 5.977537778102387E-005 -1.118676947106640E-004
1052 5.427514000985813E-006 -1.015743326289500E-005
1053 -7.597795489702408E-005 1.421901831482395E-004
1054 -2.332668779860851E-004 4.365509429251466E-004
1055 7.604279409213561E-005 -1.423110033215396E-004
1056 7.329871132860122E-005 -1.371760232395187E-004
1057 -2.616576439809079E-006 4.896493625670882E-006
1058 8.085098701178459E-006 -1.513116710769640E-005
1059 -2.897483795647568E-005 5.422539100012120E-005
1060 1.419773816234903E-004 -2.657058168019389E-004
1061 1.078584690394678E-004 -2.018534974252044E-004
1062 7.381240411990287E-006 -1.381376755548150E-005
1063 -1.967266837798759E-004 3.681671311425871E-004
1064 6.442524307633798E-007 -1.205605958750130E-006
1065 -3.031813918005025E-006 5.674145810533312E-006
1066 3.030337268009274E-007 -5.671580034983821E-007
1067 3.874571532391370E-005 -7.251124540888584E-005
1068 -2.645065588426218E-005 4.950145193055477E-005
1069 -1.403539634804573E-006 2.626717383435424E-006
1070 -3.128294330848188E-006 5.854630688515113E-006
1071 6.301803325681664E-005 -1.179360092714113E-004
1072 1.716019662747831E-007 -3.212599571689334E-007
1073 -1.760688846421777E-004 3.295069134132151E-004
1074 7.201744444219783E-006 -1.347772322965685E-005
1075 -2.986053041622638E-004 5.588297577333599E-004
1076 2.111595288018016E-007 -3.951066457873798E-007
1077 -6.994715751225745E-006 1.309044476841983E-005
1078 1.691572824634398E-004 -3.165721088814720E-004
1079 -9.306401201992886E-006 1.741669473260446E-005
1080 1.990667169943665E-005 -3.725468928069506E-005
1081 -2.412524839496517E-006 4.514939073703498E-006
1082 -3.460599043169560E-007 6.476257278907349E-007
1083 7.775788448439625E-005 -1.455213203325083E-004
1084 -4.922197369244330E-007 9.211750800718715E-007
1085 5.875664077100531E-006 -1.099612388993851E-005
1086 -1.032979633902879E-004 1.933187304810824E-004
1087 1.429867158831583E-005 -2.675946882695847E-005
1088 6.461222593548261E-005 -1.209197348357937E-004
1089 1.381863220359092E-006 -2.586115357687479E-006
1090 -6.790453015816446E-006 1.270819212663097E-005
1091 -1.599151300386088E-004 2.992758656112223E-004
1092 3.841527583435504E-006 -7.189167472280378E-006
1093 -3.019069555982158E-007 5.650034450801147E-007
1094 -6.975646328890675E-006 1.305460679675359E-005
1095 1.763998568641478E-006 -3.301310783205384E-006
1096 2.009505825053642E-006 -3.760695143205844E-006
1097 -2.516978227265895E-004 4.710441164595041E-004
1098 1.246084934406883E-004 -2.332004968251903E-004
1099 -2.638923457962917E-006 4.938565140805670E-006
1100 -4.409594058068388E-006 8.252399692050856E-006
1101 1.474253125722145E-004 -2.759015401325511E-004
1102 1.763465538250736E-005 -3.300278035851758E-005
1103 7.131516001379685E-005 -1.334637495224082E-004
1104 -2.504816108873582E-006 4.687916178467496E-006
1105 -1.859352410760210E-005 3.479712883392781E-005
1106 -2.845842278789882E-007 5.326328080498133E-007
1107 5.238943569079120E-006 -9.804338857311349E-006
1108 -6.891130927329674E-005 1.289651699796577E-004
1109 -4.579640283084782E-005 8.570635319984839E-005
1110 9.359030731867520E-006 -1.751522824866877E-005
1111 -4.722956933157337E-005 8.838860062041137E-005
1112 -4.028522023927727E-006 7.538975724063662E-006
1113 -1.974006001839171E-004 3.694284858787360E-004
1114 1.873723686686672E-006 -3.506646780080642E-006
1115 6.031073245939481E-006 -1.128721984166028E-005
1116 -4.143817024917526E-005 7.755014262106010E-005
1117 -2.281675157255747E-006 4.270210478026018E-006
1118 4.779520047099198E-005 -8.944718244815889E-005
1119 -7.567597235538171E-006 1.416228663677463E-005
1120 6.388035754312909E-005 -1.195501958823765E-004
1121 -1.675510264392968E-006 3.135476599289228E-006
1122 2.256502918931120E-006 -4.222947435412497E-006
1123 1.204447014740639E-004 -2.254081927225121E-004
1124 -2.856440474954330E-006 5.345650069847242E-006
1125 -1.770659285356497E-004 3.313729291458049E-004
1126 -8.389919846544711E-005 1.570145011924561E-004
1127 -1.706964062725202E-006 3.194580879803468E-006
1128 3.474145059081644E-004 -6.501747652000008E-004
1129 -2.191239529145538E-004 4.100829042559839E-004
1130 -4.023885797820113E-005 7.530569926364240E-005
1131 1.373381835789581E-004 -2.570236721081886E-004
1132 -9.983699095267512E-007 1.868585735667806E-006
1133 -2.710300030749658E-006 5.072161282066166E-006
1134 3.335759320325353E-004 -6.242764503798671E-004
1135 5.083752446385075E-004 -9.514072039764603E-004
1136 -1.481477651472678E-004 2.772535023254489E-004
1137 2.351918559838941E-004 -4.401537676734699E-004
1138 3.320309839346087E-006 -6.213827389328197E-006
1139 -1.973060175890626E-004 3.692515911696695E-004
1140 -9.707457690683769E-006 1.816729588950927E-005
1141 6.679093094009667E-005 -1.249968228118084E-004
1142 4.978930006976730E-006 -9.317990246971631E-006
1143 -1.687900031341465E-004 3.158848037149212E-004
1144 3.187733495114769E-006 -5.965523616389295E-006
1145 -1.369717625311221E-006 2.563347448460106E-006
1146 7.850943976492000E-006 -1.469280514668602E-005
1147 -7.409970618658431E-006 1.386731228105118E-005
1148 8.540338704044133E-005 -1.598295696362954E-004
1149 1.556923416619874E-006 -2.913902177807555E-006
1150 -1.861213748582977E-004 3.483202830474965E-004
1151 -1.814207273927821E-006 3.395277794082799E-006
1152 8.135736376798496E-005 -1.522574824304218E-004
1153 5.434984800108842E-007 -1.017103519043786E-006
1154 6.015745436666585E-006 -1.125825910725240E-005
1155 -1.200609423333643E-004 2.246897301086286E-004
1156 3.018758714087933E-005 -5.649515531491636E-005
1157 5.083504345658399E-004 -9.513608127196930E-004
1158 1.440708489003012E-006 -2.696422353281984E-006
1159 -6.068803878583092E-005 1.135757325199622E-004
1160 -4.114257574224676E-006 7.699617926431256E-006
1161 -8.474109086475002E-006 1.585897005091757E-005
1162 -1.376545685400881E-004 2.576158516796899E-004
1163 -9.431829536696307E-006 1.765124943129934E-005
1164 -3.855290923513072E-006 7.214835318303539E-006
1165 -5.669836785741058E-006 1.061111675928151E-005
1166 -3.699044078833742E-004 6.922638016834763E-004
1167 1.235603125442057E-005 -2.312386913359224E-005
1168 1.256197737883341E-004 -2.350931858708030E-004
1169 2.568317534134506E-006 -4.806433972593637E-006
1170 -5.758004886470191E-006 1.077585192584413E-005
1171 -1.902274718572111E-004 3.560044746755191E-004
1172 -1.382374928987774E-004 2.587067666944598E-004
1173 -2.339186982703969E-004 4.377708273524246E-004
1174 -9.889787838005974E-005 1.850840733129329E-004
1175 -1.277803861648361E-004 2.391364558978827E-004
1176 -6.008103530905362E-006 1.124394826622338E-005
1177 8.338490703734527E-005 -1.560521834326172E-004
1178 -1.881347149785261E-005 3.520914282641233E-005
1179 -3.284870399098687E-006 6.147482474511442E-006
1180 -1.570100736582715E-004 2.938391027392312E-004
1181 1.545400275877274E-004 -2.892162337248441E-004
1182 1.936253946919306E-005 -3.623600544577394E-005
1183 7.493051260820957E-006 -1.402307110105033E-005
1184 3.769663678470162E-005 -7.054804765401004E-005
1185 -6.821315392252832E-005 1.276587007950397E-004
1186 -1.494499252198493E-005 2.796914126467836E-005
1187 1.963225123864720E-005 -3.674123815527550E-005
1188 1.448750279930861E-004 -2.711288701407964E-004
1189 7.670399542811471E-007 -1.435358248308209E-006
1190 -1.730464909618174E-004 3.238506660859328E-004
1191 -4.775018816804757E-005 8.936295982253321E-005
1192 8.784834690056194E-006 -1.644055591900425E-005
1193 -1.998226555097174E-006 3.739623404535692E-006
1194 -1.283281103034713E-004 2.401618431198703E-004
1195 1.485043862951157E-004 -2.779214015735779E-004
1196 -5.258909981166882E-006 9.841956197532511E-006
1197 -3.412674061429403E-005 6.386703784313625E-005
1198 -1.391376706410027E-004 2.603918114857222E-004
1199 -2.302678501936902E-004 4.309384101203419E-004
1200 8.476148005215213E-005 -1.586282439970916E-004
1201 -1.660469071315845E-005 3.107501826076078E-005
1202 8.221166622533411E-005 -1.538562958772597E-004
1203 -1.624509744425135E-005 3.040207786667396E-005
1204 -1.273101128002084E-004 2.382563169234746E-004
1205 5.720510281577071E-005 -1.070578541218205E-004
1206 2.299345407882293E-004 -4.303146375506473E-004
1207 6.979581919960412E-007 -1.306320877608277E-006
1208 1.660417745713134E-004 -3.107416949007011E-004
1209 4.390300456957786E-005 -8.216309160555003E-005
1210 -4.967831898773769E-006 9.297052949636150E-006
1211 5.269203778637257E-006 -9.861294429115839E-006
1212 -4.381877940775029E-005 8.200537989380561E-005
1213 8.478571271852742E-006 -1.586720138856060E-005
1214 -4.853574888760550E-005 9.083315939086380E-005
1215 -1.680885303031012E-004 3.145722231259687E-004
1216 -3.846526054234859E-005 7.198640052171422E-005
1217 -1.301469556615982E-006 2.435486255246310E-006
1218 3.028284344944122E-007 -5.667022799559251E-007
1219 2.304949136317791E-005 -4.313634335978160E-005
1220 -8.335017925356314E-005 1.559872248491555E-004
1221 1.462137597873102E-006 -2.736363408369210E-006
1222 -4.017808272674126E-005 7.519219765537249E-005
1223 4.652796335304845E-005 -8.707566779183508E-005
1224 4.080040290025432E-007 -7.633217887936875E-007
1225 4.249840926601134E-006 -7.953162907731286E-006
1226 -4.606555106068206E-006 8.621078822140358E-006
1227 -1.154572834777721E-004 2.160745724550829E-004
1228 -1.303367794310456E-004 2.439208173477880E-004
1229 -3.072496928754762E-005 5.750066272361047E-005
1230 -3.876205288061865E-005 7.254179721018421E-005
1231 1.048455718398411E-004 -1.962150307416224E-004
1232 1.284171369513477E-004 -2.403285203093982E-004
1233 6.134556482955329E-006 -1.148059786730865E-005
1234 -2.879629792838292E-005 5.389127544330457E-005
1235 4.699817804837147E-005 -8.795551337135456E-005
1236 -3.928684825646466E-006 7.352675670107222E-006
1237 1.248016426791324E-005 -2.335623519759293E-005
1238 1.075586147789128E-005 -2.012917220506193E-005
1239 3.928986763050916E-006 -7.352954767762793E-006
1240 -3.548825803658933E-006 6.641554137547230E-006
1241 -6.239524415334588E-006 1.167703971799468E-005
1242 2.131153113882405E-007 -3.988340495307626E-007
1243 2.622718372564383E-006 -4.908326977068709E-006
1244 1.278000141461168E-004 -2.391733237922909E-004
