 # The norm of the isolated state is   3456000.01369601     
 # I think there should be     3456000 i.e.    100.000000396296      %
1 1.023606088916231E-003 -1.915643393133878E-003
2 -1.502901841370217E-006 2.814568225126969E-006
3 8.185879009847579E-003 -1.531959846202405E-002
4 -1.451652101698927E-006 2.716318977926018E-006
5 -1.169740713251780E-004 2.189129530971661E-004
6 2.453164105116178E-004 -4.591016055002233E-004
7 -0.467394738411259 0.874713581420399
8 4.061731651209019E-004 -7.601380024666675E-004
9 -5.551377140254869E-002 0.103892161001437
10 -1.433881698415505E-004 2.683485960291820E-004
11 7.017021064883690E-004 -1.313211964252403E-003
12 5.105760163376160E-004 -9.555245958039276E-004
13 3.067484318714691E-007 -5.740725903192141E-007
14 2.635477054754908E-003 -4.932206985661357E-003
15 7.617750042384121E-005 -1.425636294385496E-004
16 -1.790781497432433E-005 3.351386849601338E-005
17 -8.084547546004244E-004 1.512995954006767E-003
18 1.735972645636573E-005 -3.248814136549328E-005
19 -1.099382137622455E-005 2.057463308741105E-005
20 1.372752075304957E-003 -2.569059472581147E-003
21 -1.078444958399553E-005 2.018267622065972E-005
22 4.812176900648559E-005 -9.005829385446837E-005
23 -1.796728704052913E-005 3.362520369190731E-005
24 1.774015948169259E-003 -3.320011401353384E-003
25 3.805950680787312E-003 -7.122709114903188E-003
26 -1.351453499338509E-005 2.529236722834737E-005
27 1.850066167456310E-003 -3.462336672374947E-003
28 -1.886349264301390E-005 3.530187229563268E-005
29 6.853930827024260E-004 -1.282690261295209E-003
30 1.967975026154748E-003 -3.682999141418820E-003
31 2.187111141023205E-005 -4.093107112284565E-005
32 5.649580748174169E-006 -1.057294724365528E-005
33 -6.727107678073758E-004 1.258955651267524E-003
34 -7.493284528892473E-005 1.402339736596721E-004
35 -9.794541410008950E-004 1.833015643488113E-003
36 3.545004301325751E-005 -6.634398927430025E-005
37 3.909597376368833E-004 -7.316679547084100E-004
38 1.039288729392076E-004 -1.944992795894774E-004
39 -1.231801716583276E-004 2.305284514486556E-004
40 2.102178142686516E-003 -3.934156004938916E-003
41 1.292329017953153E-004 -2.418553916498990E-004
42 6.464629179917229E-003 -1.209833700024680E-002
43 -2.357797144684413E-003 4.412538322650104E-003
44 4.357909712530209E-005 -8.155680395677968E-005
45 1.561854429384265E-005 -2.922957595800026E-005
46 -1.060983944581712E-003 1.985595473195440E-003
47 -4.942478790047090E-005 9.249690082382786E-005
48 2.109796431515011E-006 -3.948421995845279E-006
49 -1.857716294424591E-003 3.476654269022165E-003
50 -1.636765159070514E-003 3.063151365975053E-003
51 -9.771381200271082E-005 1.828681699765529E-004
52 -9.635710141966693E-004 1.803290927081966E-003
53 3.551599477413090E-005 -6.646706760901936E-005
54 7.241630157084794E-004 -1.355247025838220E-003
55 -5.319435492662849E-005 9.955146282738092E-005
56 -5.871041326583370E-006 1.098747406329618E-005
57 -7.647974138642015E-004 1.431292731459379E-003
58 -1.131434486440857E-003 2.117441994316312E-003
59 -1.088108776471973E-006 2.036363834090525E-006
60 1.384969536991406E-005 -2.591925130060993E-005
61 -1.086332439982163E-003 2.033034702842377E-003
62 1.045919595818725E-005 -1.957403538260047E-005
63 7.108080349443175E-004 -1.330253323964444E-003
64 2.093390423184952E-006 -3.917690469025180E-006
65 -9.138147632822289E-006 1.710175520264993E-005
66 -5.347455499375330E-005 1.000758730842596E-004
67 6.839469943567997E-006 -1.279986931569507E-005
68 2.787269202777073E-005 -5.216276417178603E-005
69 -2.076636985305960E-004 3.886356598836947E-004
70 -4.758990545493618E-003 8.906291277729544E-003
71 1.487363171492572E-004 -2.783550067636726E-004
72 5.923076981631805E-006 -1.108483142945510E-005
73 3.250321324932118E-003 -6.082867586146948E-003
74 2.943530670169591E-003 -5.508719259659899E-003
75 -8.589660634891808E-005 1.607525982407214E-004
76 3.794761159381513E-004 -7.101768051923690E-004
77 -2.369011853818493E-005 4.433529972834945E-005
78 2.893756250206363E-003 -5.415568030306981E-003
79 2.143424904968833E-004 -4.011348612040249E-004
80 1.571427591027579E-004 -2.940874054003592E-004
81 -2.191884193372405E-003 4.102037387132341E-003
82 4.491441722383174E-003 -8.405582434900017E-003
83 -8.785656361997663E-004 1.644206209159739E-003
84 2.006087435910636E-003 -3.754325505193233E-003
85 -7.401205552164103E-005 1.385110654596186E-004
86 5.092459575938370E-003 -9.530366813896301E-003
87 -3.957418601595724E-004 7.406176379858682E-004
88 -6.027811506156451E-005 1.128084401166764E-004
89 -8.781754430612544E-005 1.643475899481324E-004
90 -3.583472637858865E-003 6.706348728987069E-003
91 3.278665444403622E-003 -6.135912487782077E-003
92 9.925970717785950E-005 -1.857612417118502E-004
93 -2.597942360239040E-005 4.861965828336804E-005
94 -6.599622258526283E-006 1.235092073915235E-005
95 3.741115438051322E-003 -7.001371854683722E-003
96 -2.116663842441371E-003 3.961265402787899E-003
97 2.953778948304413E-005 -5.527905524017333E-005
98 1.711840179139189E-005 -3.203653310659402E-005
99 -1.085809127217836E-004 2.032055502519710E-004
100 -5.634201977886452E-004 1.054422048210183E-003
101 9.256389608235213E-004 -1.732302210497855E-003
102 -3.143670251705951E-003 5.883273433500260E-003
103 1.023704285417383E-003 -1.915828297747957E-003
104 -3.681506416980440E-005 6.889815627522161E-005
105 5.367373015664377E-004 -1.004485836712840E-003
106 -4.484459796174186E-003 8.392516347074486E-003
107 -1.515364541285409E-004 2.835953851377814E-004
108 9.162371680428278E-006 -1.714713225570964E-005
109 -2.154187189710401E-003 4.031489121630206E-003
110 -3.142693803153455E-005 5.881449157243274E-005
111 -5.317978459749498E-006 9.952432467540759E-006
112 -1.162619571830685E-003 2.175803650111172E-003
113 2.827483135127859E-003 -5.291539830499870E-003
114 -1.868619877617811E-005 3.497059460516877E-005
115 9.898137309855257E-006 -1.852403376301915E-005
116 -4.973762994046688E-004 9.308230235445541E-004
117 -2.063083644974548E-005 3.860991640045742E-005
118 3.347665135857798E-004 -6.265043313950530E-004
119 -1.696756234866617E-005 3.175426210205578E-005
120 3.457140182106645E-005 -6.469914741254152E-005
121 1.688953858335769E-003 -3.160820206213966E-003
122 -4.271064358510970E-005 7.993154312461222E-005
123 -6.160149595018364E-004 1.152851372504570E-003
124 3.460428352687293E-005 -6.476077876054783E-005
125 1.557990899554165E-003 -2.915727648484294E-003
126 -1.264006982369273E-005 2.365546554985653E-005
127 -6.452739941740685E-005 1.207608917209217E-004
128 -7.393615506391179E-004 1.383690340905467E-003
129 -6.963803949064630E-004 1.303252558836152E-003
130 1.128640335942491E-005 -2.112211434607888E-005
131 5.852443422761544E-004 -1.095265171006762E-003
132 -4.134996471268719E-006 7.738485353885215E-006
133 -2.545553567306161E-006 4.763866548663940E-006
134 3.712974872056671E-005 -6.948708211973004E-005
135 5.091460180493710E-006 -9.528499342551575E-006
136 8.337162057596605E-004 -1.560271933328873E-003
137 8.485356267028180E-005 -1.588006090363140E-004
138 -1.301323818765331E-005 2.435381931226238E-005
139 -1.742157292008460E-005 3.260386511380823E-005
140 -3.490843713894655E-004 6.532997027292423E-004
141 -1.234897766299861E-005 2.311072955110509E-005
142 -3.899045083151276E-005 7.296931954033866E-005
143 -6.191115463122138E-006 1.158645606106435E-005
144 1.267414015593298E-003 -2.371922950870134E-003
145 -9.275378236484774E-004 1.735855962380424E-003
146 2.889358857252957E-005 -5.407338455197646E-005
147 -6.554437972163385E-004 1.226641241924934E-003
148 1.551165891530069E-006 -2.902993802625019E-006
149 -9.109855871899972E-004 1.704878985873186E-003
150 -1.972419551542052E-005 3.691316789029732E-005
151 -2.615552360185030E-005 4.894914765251004E-005
152 -1.381638507620412E-004 2.585689914023364E-004
153 1.811680030705189E-004 -3.390498513434056E-004
154 1.654224551808449E-005 -3.095826614466696E-005
155 -8.669595398144170E-005 1.622484959930459E-004
156 6.866101663209705E-006 -1.284967618671556E-005
157 1.427415214777766E-005 -2.671356172390783E-005
158 -7.133666944763236E-004 1.335042062653996E-003
159 9.401191611548050E-004 -1.759401427819940E-003
160 -6.214336021807384E-004 1.162992144121478E-003
161 1.045583162825639E-005 -1.956770446960967E-005
162 -3.484746161796442E-005 6.521585733288798E-005
163 3.303387781073176E-004 -6.182178145307902E-004
164 -1.266817534762320E-003 2.370806565349968E-003
165 -4.615671437889949E-004 8.638073737932924E-004
166 1.947238938048254E-006 -3.644157713178288E-006
167 6.281235598628159E-004 -1.175512193921768E-003
168 -4.958196104514239E-006 9.279147710998330E-006
169 9.739621038650315E-006 -1.822740144582597E-005
170 3.469762565624836E-004 -6.493545197585322E-004
171 -5.686299229594249E-007 1.064173433363275E-006
172 8.816521126033353E-006 -1.649982580840557E-005
173 3.808040388728318E-004 -7.126619715480075E-004
174 7.740542077201345E-005 -1.448616545092562E-004
175 -1.779977677974676E-007 3.331851857518894E-007
176 -1.627520137944284E-005 3.045849786185760E-005
177 1.812252426045688E-005 -3.391570302008858E-005
178 -4.344595253670956E-005 8.130763035945537E-005
179 2.423043381292607E-004 -4.534644224749074E-004
180 -5.389346184430730E-006 1.008592422377229E-005
181 -6.040020355615207E-005 1.130369908985709E-004
182 -4.690319270791196E-006 8.777778641060661E-006
183 2.469777645411403E-005 -4.622117998959928E-005
184 1.092322516850712E-004 -2.044244901345619E-004
185 7.624920580458800E-006 -1.426971160179604E-005
186 -2.659523883662388E-004 4.977209602835045E-004
187 4.152068079095492E-005 -7.770454799189840E-005
188 1.815467237130332E-005 -3.397584373016082E-005
189 -4.625337594445756E-004 8.656164366556648E-004
190 7.448883951451856E-006 -1.394032911432988E-005
191 -3.793068396010229E-004 7.098599046949270E-004
192 6.276221661649120E-005 -1.174573734536053E-004
193 1.399905087436218E-004 -2.619875222465708E-004
194 -9.149439057980761E-006 1.712285488171874E-005
195 8.647119158464712E-005 -1.618279112709610E-004
196 6.954329635572147E-004 -1.301479297323074E-003
197 -9.538943230095667E-005 1.785181870443145E-004
198 4.846876129985681E-004 -9.070765719957638E-004
199 7.860530332599533E-007 -1.471057563703789E-006
200 5.992447036490558E-004 -1.121467089604708E-003
201 -1.618174999149969E-005 3.028359614241879E-005
202 1.234296718813015E-004 -2.309944956913730E-004
203 -3.360947550338838E-004 6.289900597969949E-004
204 8.219190582966131E-004 -1.538193777841479E-003
205 2.189866884630583E-005 -4.098260459526041E-005
206 -2.680545823010146E-004 5.016550077517464E-004
207 -5.914065828304828E-006 1.106800525184671E-005
208 4.524610654467465E-004 -8.467657703740221E-004
209 -9.269659208775787E-004 1.734785668263238E-003
210 -4.867051287772138E-005 9.108521000164459E-005
211 2.485863590211497E-004 -4.652210071885305E-004
212 1.522007464714157E-005 -2.848382324350636E-005
213 3.796668644994131E-004 -7.105337690436907E-004
214 -7.927725499368455E-005 1.483647295478941E-004
215 1.274164582028931E-004 -2.384555709433552E-004
216 -2.834120306700102E-005 5.303967317224235E-005
217 -4.801452398299825E-006 8.985737520131519E-006
218 -3.974925658857004E-005 7.438940631278540E-005
219 8.486256837590490E-006 -1.588176795731390E-005
220 1.778008640377873E-005 -3.327484140238684E-005
221 -8.522263376844989E-005 1.594913147716412E-004
222 2.314512606648456E-005 -4.331537667700832E-005
223 7.176423546290122E-006 -1.343057318211342E-005
224 5.388240922914386E-004 -1.008391224916124E-003
225 -5.879507665613316E-006 1.100326946097904E-005
226 -5.768325806512671E-004 1.079522926767691E-003
227 -6.381045519498268E-004 1.194191246732035E-003
228 3.040091187706931E-004 -5.689428784616902E-004
229 -5.040974507624763E-006 9.433921150703298E-006
230 -4.021847291681619E-004 7.526752539037077E-004
231 -2.019086301456164E-005 3.778649154036609E-005
232 3.966661218621424E-005 -7.423479856621864E-005
233 -7.997220202112773E-005 1.496653084138294E-004
234 -2.029574343969838E-004 3.798280941899132E-004
235 1.072323850618988E-005 -2.006815384383786E-005
236 -2.983012615608990E-004 5.582607409630392E-004
237 -1.056426382444305E-005 1.977068182235431E-005
238 1.835389990278946E-005 -3.434872706968793E-005
239 -8.663517953054144E-006 1.621349259123877E-005
240 5.583344283405637E-004 -1.044904198710227E-003
241 -2.712504297340079E-005 5.076359296587891E-005
242 3.145789697732413E-006 -5.887238435524620E-006
243 -1.667231097481165E-004 3.120167847978476E-004
244 -7.658361410479061E-004 1.433236692046199E-003
245 -7.746008805334940E-006 1.449637046184447E-005
246 5.577634597019205E-006 -1.043832369682229E-005
247 5.699562281135545E-005 -1.066653996472408E-004
248 1.972970607651760E-005 -3.692340421630628E-005
249 9.256125974409914E-005 -1.732253076159647E-004
250 1.207323048832327E-005 -2.259464048124448E-005
251 7.519675260941710E-004 -1.407282049920247E-003
252 -4.974558049645031E-005 9.309713244011051E-005
253 2.744581946617068E-005 -5.136411413342275E-005
254 1.252065343027564E-004 -2.343198235886878E-004
255 4.114337867232141E-004 -7.699844801436180E-004
256 -6.223752247259012E-005 1.164754361352154E-004
257 1.037145707820691E-006 -1.940958568330083E-006
258 8.669590553010845E-006 -1.622477130563717E-005
259 4.568365662823712E-004 -8.549543119348214E-004
260 -5.118278420216439E-006 9.578680404585505E-006
261 1.197383022033523E-004 -2.240862192090003E-004
262 -7.237593459813138E-004 1.354491334791244E-003
263 3.216844566347189E-004 -6.020216884979384E-004
264 1.983210764472533E-005 -3.711516471463604E-005
265 -3.091669659636467E-004 5.785956143742495E-004
266 2.595577102132278E-004 -4.857535466225076E-004
267 -1.073662683571419E-005 2.009324192602085E-005
268 4.553306788072646E-005 -8.521347364467510E-005
269 4.539575632804904E-005 -8.495662534107824E-005
270 3.281196488620889E-005 -6.140647545676544E-005
271 -1.796931852024859E-004 3.362897589195761E-004
272 -8.729437495003403E-004 1.633684973512234E-003
273 2.423377144867822E-005 -4.535260726959824E-005
274 -1.693737531770674E-004 3.169773175672034E-004
275 3.355283857491215E-004 -6.279300692686270E-004
276 -9.401095171604064E-004 1.759383469642486E-003
277 1.658452554620176E-004 -3.103738373542708E-004
278 3.299815513944723E-005 -6.175491572834568E-005
279 -1.212284217269439E-003 2.268749261702212E-003
280 -1.822456605634557E-004 3.410665827995939E-004
281 -7.648644503104478E-005 1.431420220421978E-004
282 -4.350104521003336E-004 8.141074565464424E-004
283 -9.310577755085818E-005 1.742441986500032E-004
284 4.062881579681447E-005 -7.603546896572899E-005
285 -5.807698361565427E-004 1.086891248870631E-003
286 1.328235244145502E-003 -2.485747653038532E-003
287 2.002121318145996E-004 -3.746902911536256E-004
288 3.450796827597339E-005 -6.458051262665340E-005
289 1.849132767137691E-004 -3.460589851426842E-004
290 -5.146598516427325E-005 9.631681804862019E-005
291 -1.102232266213950E-003 2.062790762013448E-003
292 1.451923655044788E-004 -2.717226271520366E-004
293 1.136709352014046E-003 -2.127313413720823E-003
294 3.322236793234668E-006 -6.217459210538230E-006
295 -1.031823658950056E-005 1.931023579383927E-005
296 2.008776801527400E-005 -3.759357101185376E-005
297 -2.542134456058825E-005 4.757515662819190E-005
298 -7.265937605307652E-006 1.359791532437906E-005
299 1.406369172125152E-004 -2.631972741487443E-004
300 3.270895361837816E-004 -6.121370822248658E-004
301 3.468961809946571E-005 -6.492044097839934E-005
302 -7.806968115921300E-006 1.461047653754746E-005
303 -2.254735108774983E-005 4.219674980902006E-005
304 4.512014885574484E-004 -8.444083920625068E-004
305 -1.626526144735684E-004 3.043988910242375E-004
306 3.761670963662440E-004 -7.039840760688150E-004
307 1.167463819735565E-003 -2.184869380535664E-003
308 8.574525113848070E-005 -1.604693349538743E-004
309 5.589019872942613E-004 -1.045966338138149E-003
310 4.318613079874239E-005 -8.082142530211685E-005
311 2.151898179825799E-005 -4.027204554335785E-005
312 -3.932971383870797E-004 7.360424625995998E-004
313 -3.874098652283462E-005 7.250221781699107E-005
314 5.677959627217813E-004 -1.062611089983773E-003
315 -3.988179660612241E-004 7.463744939878125E-004
316 -7.495383410862759E-006 1.402732693663209E-005
317 2.455943471573358E-005 -4.596209275090744E-005
318 -2.790967138069375E-004 5.223201657882259E-004
319 2.704320308022117E-005 -5.061037534552750E-005
320 -1.539389536699422E-005 2.880916868768332E-005
321 3.626950890458436E-004 -6.787716914704979E-004
322 -7.026525949855147E-004 1.314990813303597E-003
323 -6.144217833527283E-005 1.149869253886183E-004
324 4.311527586417003E-004 -8.068879218082243E-004
325 1.957507338441687E-004 -3.663409347245206E-004
326 2.387487642509047E-005 -4.468102709299005E-005
327 3.478240983269790E-004 -6.509411864056674E-004
328 -2.964467248208820E-004 5.547900943432226E-004
329 6.747833444924443E-005 -1.262834949369827E-004
330 -3.925930722672361E-006 7.347283437738786E-006
331 3.031107582550564E-004 -5.672616312808885E-004
332 5.386545226869447E-005 -1.008073039395506E-004
333 3.341222554845884E-005 -6.252975089228802E-005
334 -6.321568956948044E-004 1.183060450199821E-003
335 -4.124795540133422E-004 7.719416869251097E-004
336 -2.049935962379902E-006 3.836303568931388E-006
337 -7.223529354402940E-004 1.351859324408362E-003
338 -1.370303576809110E-005 2.564479504827287E-005
339 1.028655970650916E-004 -1.925095091956423E-004
340 -7.136020202747639E-005 1.335482550070491E-004
341 3.143548838085645E-004 -5.883046207756803E-004
342 -8.757435335401090E-004 1.638924645733295E-003
343 -1.554639881225085E-004 2.909458583194771E-004
344 3.565178040778609E-006 -6.672281505442544E-006
345 -6.093296981242381E-007 1.140316427883131E-006
346 -4.554789057108377E-005 8.524134648781010E-005
347 -7.242552863693382E-004 1.355419496496249E-003
348 3.834409020993699E-006 -7.175983210738741E-006
349 -3.566066334012902E-004 6.673773591756392E-004
350 -3.518174702382842E-005 6.584145471262341E-005
351 -3.937878164673604E-004 7.369606866530793E-004
352 -3.234608961406204E-004 6.053462358017198E-004
353 -1.001981396840087E-004 1.875174914474618E-004
354 -2.468612529842893E-005 4.619925947374445E-005
355 1.981697594689194E-005 -3.708678613830742E-005
356 1.855432214370448E-004 -3.472379080128321E-004
357 4.512027660421529E-007 -8.444074002302225E-007
358 -1.016285191406514E-004 1.901943661074536E-004
359 1.269046404502902E-005 -2.374974520385314E-005
360 5.645732748216261E-004 -1.056579944892225E-003
361 -8.020929735155080E-004 1.501090115486127E-003
362 3.954398425823309E-004 -7.400524023321585E-004
363 8.317638156929616E-004 -1.556618129132598E-003
364 -5.386507327362717E-005 1.008066056698796E-004
365 -1.266768928090302E-003 2.370715606897953E-003
366 -1.316796646824371E-005 2.464342303984265E-005
367 -6.711738093684141E-006 1.256078724082378E-005
368 2.455305839908107E-005 -4.595020265966894E-005
369 7.903207656672586E-004 -1.479058827245559E-003
370 7.674310192450249E-004 -1.436221415609121E-003
371 1.088079445004667E-003 -2.036304185160935E-003
372 -1.128475373457489E-005 2.111903225757064E-005
373 -2.083597457821310E-006 3.899512629545989E-006
374 3.838126380117918E-004 -7.182925013728723E-004
375 -7.974774228821097E-005 1.492452888322779E-004
376 -3.832187349166337E-004 7.171809956188034E-004
377 3.975993795739195E-004 -7.440939125566433E-004
378 9.097570750550939E-005 -1.702580108819567E-004
379 -4.659711809094615E-004 8.720493829072880E-004
380 -9.569773440115069E-006 1.790950970654274E-005
381 -1.216453474622733E-005 2.276554500179536E-005
382 -4.870041877859070E-004 9.114119852771368E-004
383 9.915202298161752E-006 -1.855594875140679E-005
384 -1.044956442667839E-004 1.955601207132413E-004
385 -1.393143300480595E-005 2.607227192134909E-005
386 3.930034173679485E-004 -7.354927304828130E-004
387 -6.978189537633898E-006 1.305945167774442E-005
388 -1.271628826091425E-004 2.379810421446156E-004
389 -2.362059532169219E-004 4.420514838189505E-004
390 -7.227293205670852E-006 1.352562176564000E-005
391 -7.500228895211848E-004 1.403642710768131E-003
392 8.446342842735221E-005 -1.580704967637700E-004
393 1.187603637648354E-004 -2.222560476289307E-004
394 -6.379117013593210E-006 1.193829935164323E-005
395 -2.334037898649388E-005 4.368076158579201E-005
396 5.026734065453251E-004 -9.407364202064045E-004
397 -3.820045076931010E-004 7.149086421865752E-004
398 -2.713215385433251E-006 5.077631829155692E-006
399 3.773333932481914E-005 -7.061666292980932E-005
400 1.615761260789468E-004 -3.023842840632199E-004
401 -5.583371758942624E-004 1.044909252270192E-003
402 -2.208549095845407E-005 4.133226040589562E-005
403 1.139258699136363E-003 -2.132084468262874E-003
404 5.630304663829200E-005 -1.053693218791660E-004
405 -3.338198467069146E-004 6.247326248138790E-004
406 -1.057462135802217E-005 1.979007726673497E-005
407 5.852639948741347E-006 -1.095291446244082E-005
408 5.012179429511597E-006 -9.380129881395320E-006
409 -2.184280146948817E-004 4.087806872758566E-004
410 3.546741775734497E-004 -6.637608006865481E-004
411 -5.046053507919614E-004 9.443520283406563E-004
412 -1.860667146533721E-004 3.482176034436225E-004
413 -4.203515468481748E-005 7.866739645055631E-005
414 5.040931137165646E-004 -9.433933622260990E-004
415 -1.617063372315083E-005 3.026276492226989E-005
416 2.272746543625856E-004 -4.253368904928010E-004
417 8.885561877292008E-004 -1.662903117722585E-003
418 5.365982143509474E-005 -1.004225475849922E-004
419 2.971735390423147E-005 -5.561505515730100E-005
420 1.602448423508451E-004 -2.998928488063207E-004
421 -5.530226249115759E-006 1.034963978805754E-005
422 4.454932442884826E-005 -8.337256923227608E-005
423 -2.511506375121380E-006 4.700242746365088E-006
424 -6.962375872685401E-004 1.302985229616423E-003
425 -7.249351063349959E-004 1.356691770768980E-003
426 3.138656415970445E-005 -5.873890520823646E-005
427 -1.177266248379762E-005 2.203213041983828E-005
428 2.916350531472393E-004 -5.457852217494451E-004
429 -7.452601657404789E-004 1.394729411068479E-003
430 -4.144734883226917E-005 7.756732236737536E-005
431 1.780276560481398E-005 -3.331725835292080E-005
432 -2.253324425731556E-005 4.217019179902609E-005
433 -3.682407284365950E-004 6.891502071785762E-004
434 6.127755471782196E-005 -1.146788899133674E-004
435 -3.884660722896909E-005 7.270014062781116E-005
436 -3.602557729959810E-004 6.742065763329403E-004
437 1.134795920083371E-003 -2.123732471274069E-003
438 1.026837208621917E-004 -1.921691489836997E-004
439 -1.499471455051376E-003 2.806210508537043E-003
440 -3.797475957683626E-005 7.106849567883525E-005
441 -7.802580671701404E-005 1.460226967314261E-004
442 -4.904267808880587E-006 9.178192600441168E-006
443 4.041972445057897E-005 -7.564414857094424E-005
444 5.866150347476557E-006 -1.097829354943776E-005
445 2.452845939825834E-005 -4.590419413871968E-005
446 -4.546023346757751E-004 8.507730274643963E-004
447 7.654327330953409E-004 -1.432481719858274E-003
448 -4.556732359502036E-005 8.527773432032266E-005
449 -4.924759493375907E-006 9.216536090157334E-006
450 4.113845160995299E-004 -7.698923065903154E-004
451 -3.217929525714693E-005 6.022247155826031E-005
452 -8.268488168119696E-004 1.547419846264710E-003
453 5.227504421808643E-005 -9.783099409782498E-005
454 1.113172446696788E-005 -2.083264552159081E-005
455 -2.956551420889340E-004 5.533086799858522E-004
456 -1.143657927820693E-005 2.140318437723972E-005
457 6.527470693207840E-006 -1.221592566227825E-005
458 1.325708341434509E-004 -2.481018798241703E-004
459 -2.920814157693838E-005 5.466205704478585E-005
460 8.197823604052645E-006 -1.534193312116644E-005
461 1.491474656035085E-005 -2.791247155844264E-005
462 -1.999236756751580E-005 3.741504707165903E-005
463 3.032712028473520E-004 -5.675618898343684E-004
464 -3.059303170839474E-005 5.725382536678067E-005
465 1.010038870850854E-004 -1.890253755358762E-004
466 -1.611880664733897E-003 3.016580634420265E-003
467 4.415165137900917E-004 -8.262833978262119E-004
468 -3.301260045703248E-005 6.178196525856494E-005
469 6.895843308138898E-004 -1.290534047244152E-003
470 1.288713994762453E-004 -2.411785036102872E-004
471 7.311930927352494E-004 -1.368403395349165E-003
472 -2.478385629044476E-005 4.638214665247292E-005
473 -1.374251335445921E-005 2.571863314739219E-005
474 -5.188235342642365E-004 9.709608249389936E-004
475 1.952073292957049E-005 -3.653239434009967E-005
476 1.290247408744081E-004 -2.414654711135442E-004
477 5.341937936644173E-005 -9.997255544139977E-005
478 -4.202743615998519E-004 7.865293851718536E-004
479 6.953413669099983E-006 -1.301308842459329E-005
480 -3.897121242971308E-004 7.293331664254452E-004
481 3.359276109658633E-004 -6.286772950551299E-004
482 6.131812529210512E-004 -1.147548158790238E-003
483 1.923988193116913E-006 -3.600650992255203E-006
484 8.339634121635455E-005 -1.560734613905313E-004
485 2.455196160700856E-004 -4.594818477062312E-004
486 -4.018552199376069E-006 7.520686366687573E-006
487 6.067958701638073E-004 -1.135598147447306E-003
488 6.321122331057506E-005 -1.182976665721796E-004
489 -1.138042054469741E-004 2.129808036119061E-004
490 -1.491943443289983E-003 2.792122197351858E-003
491 5.844375565087441E-005 -1.093755772689300E-004
492 3.209469129995277E-004 -6.006414123556330E-004
493 -1.312767972491580E-005 2.456787130088615E-005
494 2.379962457285989E-005 -4.454020433240563E-005
495 7.101107991622318E-004 -1.328948560397134E-003
496 -8.322281489246745E-004 1.557487091710372E-003
497 -4.751261843563670E-005 8.891827937061004E-005
498 -3.919740009808286E-005 7.335660537296998E-005
499 -8.893778977037026E-004 1.664440957115905E-003
500 8.406696959778778E-005 -1.573285185194208E-004
501 -2.208860579083240E-005 4.133805533754569E-005
502 2.200783300403052E-004 -4.118692122272386E-004
503 1.012848289701406E-003 -1.895511573694507E-003
504 -1.392733988875769E-004 2.606455081887940E-004
505 1.069388527556640E-003 -2.001324792190303E-003
506 3.426295652036712E-005 -6.412198308420033E-005
507 -3.502066370906256E-005 6.553998311011378E-005
508 -1.071130643239848E-004 2.004585404123080E-004
509 -2.430094741424577E-003 4.547840907115222E-003
510 4.043946242572271E-004 -7.568112534238977E-004
511 -4.339211210006180E-005 8.120687479582121E-005
512 -1.184937772618148E-005 2.217571245979048E-005
513 -3.152178905436269E-004 5.899200640843765E-004
514 -3.705640339551269E-004 6.934982948460933E-004
515 -4.715696174921338E-008 8.829757524237003E-008
516 1.356681114225819E-005 -2.538992507066556E-005
517 7.389139001347431E-004 -1.382852603203472E-003
518 -3.913931476148691E-004 7.324790966979209E-004
519 2.004907405169818E-005 -3.752120325437027E-005
520 2.578730290550411E-004 -4.826007272000121E-004
521 -5.872423696042338E-004 1.099004595772677E-003
522 -1.254302505858361E-004 2.347385197206714E-004
523 1.063410513658841E-003 -1.990137240812791E-003
524 1.512946747010985E-004 -2.831429185739920E-004
525 -2.994335608831724E-005 5.603794972599922E-005
526 -3.310593645533409E-004 6.195665348171160E-004
527 -7.419376728194798E-005 1.388511378225119E-004
528 -5.995970598942539E-007 1.122153179081423E-006
529 -3.357086838265901E-005 6.282678658128724E-005
530 -5.430375009738997E-004 1.016276489335077E-003
531 9.191474319049181E-004 -1.720153638220525E-003
532 -4.027742252667936E-005 7.537785970189783E-005
533 1.171441773461785E-003 -2.192314032206183E-003
534 8.460827446320274E-004 -1.583415515928099E-003
535 8.547092087389462E-005 -1.599559386216517E-004
536 8.988751281608025E-004 -1.682214616361878E-003
537 2.634213772088227E-004 -4.929842568027664E-004
538 7.293870837816528E-006 -1.365023177220173E-005
539 -2.365152317993502E-004 4.426302114819457E-004
540 2.954640521601424E-005 -5.529515757300288E-005
541 6.721288247446737E-004 -1.257866571356679E-003
542 -7.679305146465026E-004 1.437156239890630E-003
543 2.725688128254849E-005 -5.101034514832794E-005
544 3.118980556932255E-004 -5.837067707653817E-004
545 1.041690437468991E-003 -1.949488704563691E-003
546 -1.552293639103298E-006 2.905089067053692E-006
547 8.100988133636194E-004 -1.516072781861022E-003
548 -4.717457824095422E-005 8.828565117238312E-005
549 2.085356198229777E-005 -3.902674626616889E-005
550 -5.775334274099903E-004 1.080834431977902E-003
551 5.320852738042927E-005 -9.957804750128428E-005
552 1.111395940969355E-005 -2.079942838208774E-005
553 3.453031433092233E-004 -6.462233125172512E-004
554 8.028876161341128E-005 -1.502576880538009E-004
555 -1.526891886052741E-003 2.857527046106445E-003
556 -7.015255050789103E-004 1.312881442499582E-003
557 1.091030354697706E-003 -2.041826719635761E-003
558 4.504529245204847E-005 -8.430073820074316E-005
559 -9.259138443238835E-004 1.732816725543007E-003
560 1.603219610250678E-003 -3.000371727773165E-003
561 7.686043011747475E-005 -1.438417194017508E-004
562 -2.652630168279870E-003 4.964308607006321E-003
563 -2.488240529928892E-004 4.656658481989379E-004
564 -1.170748545076059E-004 2.191016055366648E-004
565 5.072526819396672E-005 -9.493065957118857E-005
566 -5.982285777628370E-004 1.119564738778534E-003
567 -1.479667827674768E-004 2.769148475890334E-004
568 1.716863921203264E-004 -3.213053251607973E-004
569 6.643346771709488E-004 -1.243280092620196E-003
570 2.993849096533409E-006 -5.602895364927640E-006
571 -8.763104565045187E-004 1.639985636709856E-003
572 -3.985835270152601E-004 7.459357059083555E-004
573 1.169499979427710E-003 -2.188680122574746E-003
574 -4.041928840501974E-006 7.564350033605141E-006
575 -3.451609356973361E-003 6.459571284883157E-003
576 3.474585326558501E-005 -6.502569797051034E-005
577 -6.958908734569639E-004 1.302336534306507E-003
578 -8.389752657632235E-004 1.570114120917324E-003
579 -5.513374886812822E-005 1.031809651973673E-004
580 9.399002665594481E-004 -1.758991937770150E-003
581 -2.276285722932891E-005 4.259991627738204E-005
582 6.554978978009377E-004 -1.226742341121079E-003
583 -7.187012532630767E-005 1.345024691122886E-004
584 9.707467441748141E-004 -1.816720056126626E-003
585 -8.555148953682736E-005 1.601068987861878E-004
586 6.357680808755060E-004 -1.189818613588367E-003
587 1.844507895777595E-004 -3.451934862775534E-004
588 6.433597787792094E-004 -1.204026249882487E-003
589 -2.616247077660436E-004 4.896218505772543E-004
590 1.043545504760015E-003 -1.952960376352028E-003
591 7.706977223741345E-005 -1.442334760454673E-004
592 3.246496571162416E-005 -6.075709127501730E-005
593 -2.410983187424704E-006 4.512071713933955E-006
594 3.106759680635335E-004 -5.814196372166187E-004
595 -3.336861675442431E-005 6.244825561221947E-005
596 -2.596785092613087E-004 4.859796657203701E-004
597 6.359854073810544E-005 -1.190225265957889E-004
598 -8.223393337563511E-004 1.538980437317240E-003
599 1.184130744973477E-005 -2.216062159731429E-005
600 -1.141909217288831E-005 2.137044344619840E-005
601 1.462517717112987E-004 -2.737052911181431E-004
602 -5.364863334450091E-004 1.004016277502587E-003
603 -1.195301688138798E-005 2.236962866476413E-005
604 -1.005445661711244E-005 1.881659670506055E-005
605 5.499772773122193E-006 -1.029262823791357E-005
606 -2.362449685335241E-004 4.421245192746211E-004
607 1.605642313771208E-004 -3.004905663674443E-004
608 -5.318651599828368E-005 9.953678558097113E-005
609 -1.543610174929109E-005 2.888815931935460E-005
610 -3.200288795272470E-006 5.989253400443727E-006
611 -5.083865681522725E-005 9.514287437870158E-005
612 2.783678901625344E-004 -5.209563784452584E-004
613 1.523961100465389E-006 -2.852045977497738E-006
614 4.509056283723810E-006 -8.438528177352123E-006
615 1.723818135907310E-005 -3.226063223767247E-005
616 5.045283642922020E-006 -9.442120226819072E-006
617 -7.261454311103407E-006 1.358952752851887E-005
618 -5.089189790614315E-005 9.524247625853331E-005
619 2.013726793758596E-004 -3.768622118128953E-004
620 -7.581175427055446E-005 1.418791360227276E-004
621 -2.145336167741871E-004 4.014924945903439E-004
622 3.259450059244776E-005 -6.099955029873691E-005
623 -1.164212142296312E-005 2.178785543805361E-005
624 1.481600851925748E-004 -2.772766252586959E-004
625 -7.802681605296758E-006 1.460249121230337E-005
626 1.428578585130932E-004 -2.673537174429207E-004
627 2.673007334158912E-006 -5.002434301990394E-006
628 -7.785894006893484E-006 1.457103621864903E-005
629 5.234478361928836E-005 -9.796154071704142E-005
630 2.729493107308201E-004 -5.108155068129531E-004
631 2.223784263479470E-006 -4.161707576503031E-006
632 4.764993009303773E-006 -8.917530628576055E-006
633 -2.236367332206779E-004 4.185285930484062E-004
634 3.095882547061826E-004 -5.793840467427437E-004
635 4.696344828360082E-005 -8.789048612518390E-005
636 1.315050931022562E-004 -2.461073613956017E-004
637 -1.612134486054856E-003 3.017055614445971E-003
638 -8.524488918118194E-008 1.594750911333730E-007
639 7.068078169953055E-005 -1.322767506175426E-004
640 4.328458719684590E-005 -8.100563624593663E-005
641 3.992077310152001E-004 -7.471039025007658E-004
642 -1.347908716832149E-005 2.522563015175261E-005
643 -4.177136378558997E-004 7.817370720433340E-004
644 1.658776748188146E-005 -3.104342952585061E-005
645 -5.017587182686334E-004 9.390246421455218E-004
646 -9.263490357371100E-006 1.733619369504432E-005
647 -1.816966193528688E-003 3.400391149546108E-003
648 -1.564029162611359E-004 2.927028487214742E-004
649 -1.241860838479959E-005 2.324105231504066E-005
650 -6.535345531229947E-006 1.223070885767009E-005
651 4.789324739065677E-004 -8.963060806205489E-004
652 -5.226871368600449E-006 9.781922980906932E-006
653 3.066720072849926E-004 -5.739262645647854E-004
654 3.671341858869296E-004 -6.870790859800752E-004
655 -1.725932913745821E-006 3.229960632767170E-006
656 -8.799380885386173E-007 1.646756818912062E-006
657 6.895591354637809E-004 -1.290486570538865E-003
658 -8.879147858201800E-004 1.661702729225448E-003
659 1.450725548764080E-004 -2.714984350914706E-004
660 -5.993174649401156E-004 1.121602497307464E-003
661 1.642893930907962E-006 -3.074616529198750E-006
662 1.944228189284964E-004 -3.638558233516432E-004
663 9.265043199888182E-005 -1.733922254480849E-004
664 -2.716092284235590E-006 5.083115211896144E-006
665 6.755277243187125E-005 -1.264227379892379E-004
666 4.390115467541933E-006 -8.215958006385579E-006
667 7.287920946127853E-006 -1.363905401779571E-005
668 9.060967053211261E-005 -1.695729592058731E-004
669 -5.794420382102938E-005 1.084406402233433E-004
670 1.445054256658327E-006 -2.704427740776260E-006
671 9.818227788472970E-004 -1.837448365398100E-003
672 5.848149956930651E-006 -1.094456561277800E-005
673 5.057886897152083E-005 -9.465656771908540E-005
674 -1.433956627551398E-005 2.683585305283377E-005
675 3.431812461358996E-005 -6.422522776319695E-005
676 -7.525774175062947E-004 1.408423374538038E-003
677 4.138972169763647E-006 -7.745948439139057E-006
678 -1.518311652703886E-004 2.841469381439832E-004
679 5.626671120892008E-006 -1.053042182494622E-005
680 1.276648709691322E-005 -2.389211896793247E-005
681 -5.984159541379755E-004 1.119915230203218E-003
682 -2.108573764587334E-004 3.946125224394870E-004
683 -1.446281881110714E-006 2.706675296371208E-006
684 -1.135852859353121E-004 2.125710647213358E-004
685 -5.966859929496792E-007 1.116673909270864E-006
686 -1.421750654701982E-004 2.660758796814777E-004
687 9.548105150281188E-006 -1.786905813621490E-005
688 3.612380383858806E-004 -6.760448912048099E-004
689 2.895266534888971E-006 -5.418343736782041E-006
690 6.021004055346460E-006 -1.126812221830269E-005
691 -6.685282957821858E-005 1.251127643323186E-004
692 -3.734169293612292E-004 6.988372389953852E-004
693 8.394785092375518E-006 -1.571055843426352E-005
694 7.519374616681129E-006 -1.407226346342608E-005
695 3.299524610238796E-004 -6.174949615256996E-004
696 6.776882493997754E-004 -1.268270822345785E-003
697 5.326042456288888E-004 -9.967509103704995E-004
698 3.178267936947506E-004 -5.948021877524955E-004
699 -3.037268603028628E-005 5.684147652033325E-005
700 1.827933918130020E-004 -3.420917287184416E-004
701 -2.276847626158289E-006 4.261040067163184E-006
702 -3.902808159830971E-004 7.303975263233798E-004
703 -2.121950141645548E-006 3.971159534381259E-006
704 -1.208755633937915E-003 2.262145514178884E-003
705 2.839678708146994E-004 -5.314363654426152E-004
706 1.093974189999575E-005 -2.047337250992854E-005
707 9.247199936536298E-005 -1.730582522536256E-004
708 1.572170014938545E-005 -2.942263280844588E-005
709 -1.686097268531911E-004 3.155474448890413E-004
710 -1.320718597243135E-004 2.471680290267181E-004
711 1.488827399309021E-007 -2.786384386143364E-007
712 -7.265821664648481E-006 1.359777029567069E-005
713 -9.054526095779583E-005 1.694524364859796E-004
714 4.593017593603866E-005 -8.595676682887957E-005
715 3.968102956487926E-006 -7.426234992993364E-006
716 5.067903471195672E-006 -9.484409656183093E-006
717 5.160079469259861E-005 -9.656915532555949E-005
718 1.794775990811600E-005 -3.358864914482285E-005
719 -9.082583612267423E-005 1.699775601829684E-004
720 1.731194144972726E-007 -3.243252598718430E-007
721 -4.921579861737993E-007 9.210670183366445E-007
722 -3.933917784280115E-006 7.362302605930819E-006
723 2.872798230335298E-006 -5.376299194571491E-006
724 -7.712037516610957E-005 1.443282024284961E-004
725 4.434169897954843E-006 -8.298628137723805E-006
726 5.126618522703397E-004 -9.594293456569194E-004
727 -7.769685839352081E-006 1.454086845962522E-005
728 -1.348874857740512E-004 2.524373990796304E-004
729 -1.638022806948270E-006 3.065435195448567E-006
730 -6.121792989104181E-004 1.145672985656311E-003
731 -3.014148203818540E-006 5.641159905082602E-006
732 -3.592645909500859E-004 6.723516754223465E-004
733 1.131033497907858E-005 -2.116633343026729E-005
734 3.028100189849889E-005 -5.666997322044985E-005
735 6.300699065902368E-004 -1.179154768301331E-003
736 3.283822724220232E-006 -6.145698812563376E-006
737 -5.457272228941980E-005 1.021309372110214E-004
738 -6.753501239296532E-004 1.263895054391383E-003
739 -5.185705082442167E-004 9.704874009727096E-004
740 -1.474061288551337E-006 2.758627577059736E-006
741 -6.935717598035924E-005 1.297997688699676E-004
742 1.486648682887143E-003 -2.782213049193558E-003
743 1.851721404837185E-005 -3.465428779929771E-005
744 7.528845625816875E-004 -1.408998277319682E-003
745 2.568734488643240E-006 -4.807336935858356E-006
746 -2.632288143146079E-004 4.926238334967612E-004
747 -5.210952884895498E-005 9.752124211757683E-005
748 -1.454785944597698E-003 2.722583115988285E-003
749 -2.163685176713840E-004 4.049264595203691E-004
750 1.438174515046707E-003 -2.691495350025924E-003
751 1.169670535539684E-005 -2.189000023479429E-005
752 -1.006055855573872E-003 1.882799923205783E-003
753 -1.373803001729490E-006 2.571188661459551E-006
754 3.508322743467501E-004 -6.565711664917564E-004
755 -6.363417509837866E-004 1.190892159474970E-003
756 -1.062552031775374E-005 1.988471519897255E-005
757 -3.849127087885551E-006 7.203592244027384E-006
758 3.477039654531817E-004 -6.507163749146811E-004
759 -8.188651998861522E-004 1.532478954201486E-003
760 8.922335668850729E-006 -1.669784707971759E-005
761 2.908150218795961E-006 -5.442691958606818E-006
762 2.341046753731585E-005 -4.381190403869603E-005
763 3.219829933273310E-004 -6.025802307944389E-004
764 -7.018961114674766E-004 1.313575164272726E-003
765 3.298271236318099E-005 -6.172591632855359E-005
766 -9.818886666936679E-004 1.837571678887535E-003
767 -1.344574306017023E-005 2.516333491704591E-005
768 -4.864837547666516E-006 9.104385486425193E-006
769 1.130966289128583E-003 -2.116565570321569E-003
770 -8.888751654307452E-006 1.663491838029500E-005
771 -6.065388500086177E-004 1.135117236517219E-003
772 2.788895358167105E-005 -5.219324081344397E-005
773 -5.530231245679932E-004 1.034964305408635E-003
774 -8.416119443338125E-006 1.575038905887872E-005
775 -2.193810283165569E-004 4.105642808592477E-004
776 5.411626805437857E-004 -1.012767570788410E-003
777 3.756886309984371E-004 -7.030884328939781E-004
778 4.469201084010806E-006 -8.363996987355799E-006
779 5.101398552918139E-004 -9.547097106951232E-004
780 -1.197600543186455E-003 2.241269297625288E-003
781 -7.404671929467844E-004 1.385759428114130E-003
782 -1.825950727871663E-006 3.417170823733592E-006
783 2.996132738642609E-005 -5.607164015111667E-005
784 4.779859923434914E-007 -8.948292626599337E-007
785 -2.897769319189150E-005 5.423051814725767E-005
786 1.320314844147884E-005 -2.470893979765462E-005
787 -5.710008628317675E-004 1.068608828984550E-003
788 -5.708624461619630E-007 1.068212115684706E-006
789 -1.401677439760400E-004 2.623192186819883E-004
790 6.591259153789316E-006 -1.233530213022791E-005
791 -2.759427970754688E-004 5.164176245346627E-004
792 -1.375849114149847E-007 2.576161706268516E-007
793 -4.480811580579436E-004 8.385688419892991E-004
794 -1.091067094607061E-005 2.041900668363446E-005
795 -1.316809539196415E-005 2.464368541738960E-005
796 6.015585950191703E-006 -1.125798038433428E-005
797 3.210877428030960E-006 -6.009120533517350E-006
798 -3.367183208491596E-004 6.301570297458916E-004
799 6.176902029075663E-006 -1.155976369429625E-005
800 7.090706017515038E-005 -1.327001168238549E-004
801 1.555363569929101E-005 -2.910808700220779E-005
802 1.118940316324860E-004 -2.094059678410468E-004
803 -8.588074021832976E-006 1.607214675650087E-005
804 2.572164682124964E-004 -4.813722946491824E-004
805 -1.949757585677380E-007 3.649365203907764E-007
806 -1.039495971688620E-003 1.945381707301901E-003
807 -1.083204732287309E-003 2.027181200193393E-003
808 -1.292163901277252E-005 2.418244391618153E-005
809 -5.211819470924742E-004 9.753746186125684E-004
810 4.197955029295417E-006 -7.856184310216016E-006
811 -1.833067183980877E-005 3.430510123939030E-005
812 1.472883193546775E-005 -2.756471745033064E-005
813 -3.566316476518274E-004 6.674244647247108E-004
814 8.774147342955417E-006 -1.642057795606058E-005
815 -5.205948798280633E-004 9.742758757599477E-004
816 6.346310342977430E-006 -1.187701712091773E-005
817 -8.405903749708260E-004 1.573136617359714E-003
818 8.391866248022064E-004 -1.570509835074814E-003
819 5.679406822343609E-004 -1.062882208042983E-003
820 2.850685679856365E-006 -5.334921922871850E-006
821 -2.137448420485564E-004 4.000162382644080E-004
822 2.073587591259399E-007 -3.881696630611802E-007
823 7.108060411956942E-007 -1.330138509445556E-006
824 1.377234133621758E-005 -2.577443201924934E-005
825 -7.219509985548134E-005 1.351102267435963E-004
826 -6.350015224350127E-006 1.188374933904928E-005
827 -1.220078902171960E-004 2.283339479397053E-004
828 -2.327813728772050E-006 4.356157762186654E-006
829 1.290628183484991E-004 -2.415369837200669E-004
830 1.346595080057456E-004 -2.520111787312600E-004
831 1.370752744017487E-004 -2.565320199515129E-004
832 -3.862291655959204E-006 7.228181014117099E-006
833 4.943135296102492E-004 -9.250909663683083E-004
834 8.847561505751623E-006 -1.655788697655870E-005
835 5.758302299339328E-006 -1.077651512388089E-005
836 1.121046331050881E-004 -2.098001487682793E-004
837 -5.178560990596631E-006 9.691407320509857E-006
838 -1.497075992403715E-004 2.801725849226091E-004
839 -7.889006070925623E-006 1.476388727228698E-005
840 -2.442823132810359E-005 4.571687322125498E-005
841 4.183163694994633E-004 -7.828650435573490E-004
842 -5.800126535381035E-005 1.085477556922402E-004
843 -9.101469936954285E-005 1.703308773145159E-004
844 -4.158269542694578E-004 7.782059114184196E-004
845 -6.586832867720389E-006 1.232696180207380E-005
846 -8.211488858036592E-007 1.536564707239320E-006
847 4.401485203509072E-006 -8.237476170256809E-006
848 3.040639323238599E-005 -5.690450041077928E-005
849 1.844559152813278E-006 -3.452127522513956E-006
850 4.186760862035355E-004 -7.835381494828734E-004
851 -8.070231226573237E-006 1.510329053862579E-005
852 4.257426433463220E-006 -7.967659303663732E-006
853 -4.435559283611577E-004 8.300999952661288E-004
854 -1.071349375619774E-005 2.005023482590532E-005
855 2.846551264742453E-004 -5.327224502466505E-004
856 2.483738763877938E-006 -4.648196235590560E-006
857 2.931445931426081E-004 -5.486103205771446E-004
858 8.775604290702723E-006 -1.642319783635038E-005
859 -9.500317559153665E-006 1.777971516050536E-005
860 9.851648890252468E-005 -1.843704437129871E-004
861 -3.754346623232796E-004 7.026133147296985E-004
862 7.262946818137610E-006 -1.359254760857425E-005
863 -2.149395148516600E-004 4.022520727807293E-004
864 -2.798193084224013E-005 5.236707801122681E-005
865 3.124119648589904E-004 -5.846686441895541E-004
866 -2.661026703108876E-006 4.980218421661584E-006
867 9.044133540581130E-006 -1.692573328585000E-005
868 1.185934778408070E-005 -2.219427800352368E-005
869 -1.504515742523559E-005 2.815638013784965E-005
870 -6.000709439783596E-004 1.123012454942934E-003
871 8.785850781008036E-004 -1.644242619447879E-003
872 -9.720084979937846E-006 1.819054909768129E-005
873 2.302273721146822E-004 -4.308628679553637E-004
874 -1.202379067828417E-006 2.250071931389658E-006
875 -1.939465804494275E-004 3.629644824259761E-004
876 1.367248036757917E-005 -2.558748210718250E-005
877 5.159796693262522E-004 -9.656387269050556E-004
878 1.097109950406161E-005 -2.053193319421056E-005
879 -3.821323238941727E-006 7.151566638728739E-006
880 -1.177701639633431E-004 2.204028384332572E-004
881 3.211112767039884E-007 -6.008834083332097E-007
882 -2.547057619265949E-004 4.766733761353597E-004
883 6.091195519172848E-007 -1.140019712493815E-006
884 3.340910290051198E-005 -6.252420310216565E-005
885 2.353119309198279E-004 -4.403787535849977E-004
886 6.051152767836428E-006 -1.132449162142982E-005
887 2.076073018356062E-004 -3.885300115942449E-004
888 -6.604322701531646E-005 1.235974168631271E-004
889 -5.046447785105947E-006 9.444170409112778E-006
890 1.419910265506829E-005 -2.657319227967101E-005
891 1.674115697513822E-005 -3.133065222854168E-005
892 8.568195566105261E-004 -1.603509098939872E-003
893 -1.840187620495570E-004 3.443849266764205E-004
894 -2.467848681141643E-004 4.618497459887983E-004
895 6.234477498858215E-005 -1.166764145602123E-004
896 -1.999214150735311E-005 3.741451301216813E-005
897 2.795274564823674E-006 -5.230966381263948E-006
898 -4.891166493708805E-006 9.152653333122769E-006
899 -1.932194411962998E-004 3.616035740700064E-004
900 -2.063667779386765E-006 3.861982625267162E-006
901 3.016768492543394E-004 -5.645777754556679E-004
902 2.115041509758287E-005 -3.958230035395959E-005
903 1.669139392799016E-004 -3.123737927271944E-004
904 5.278592270394310E-004 -9.878711416012220E-004
905 8.991680115872521E-006 -1.682744250747570E-005
906 2.134658908133618E-004 -3.994944447246865E-004
907 2.124350377089007E-005 -3.975635008816223E-005
908 1.495214299055818E-005 -2.798290169560811E-005
909 -1.342716488628892E-005 2.512823927952458E-005
910 5.108590916677296E-006 -9.560754721480446E-006
911 6.851427523757983E-005 -1.282217905847780E-004
912 2.731294889180055E-004 -5.111524875495949E-004
913 -5.202445197550140E-005 9.736198922635963E-005
914 -1.099165678403507E-004 2.057051388332003E-004
915 -1.976463064267423E-004 3.698884628925283E-004
916 2.635202997926751E-004 -4.931692981276706E-004
917 -1.141118476137772E-005 2.135529575908350E-005
918 6.301910447904055E-006 -1.179370021012282E-005
919 4.054798310549313E-004 -7.588422294736090E-004
920 1.554673828411418E-005 -2.909515351683818E-005
921 1.644144069093495E-004 -3.076958964720963E-004
922 1.048942793122816E-004 -1.963064672466302E-004
923 4.903174933493499E-004 -9.176125495175003E-004
924 -2.682127274347514E-005 5.019542475953130E-005
925 2.559131214809377E-006 -4.789858673337693E-006
926 1.475065738257471E-004 -2.760534456805096E-004
927 2.131629764367455E-005 -3.989277871216378E-005
928 -1.756584582972944E-004 3.287387704985894E-004
929 4.401661127363894E-006 -8.237570678468429E-006
930 -6.802341918685989E-007 1.273367077336651E-006
931 7.618312269132273E-005 -1.425741966163741E-004
932 -4.348812095965620E-004 8.138656115524828E-004
933 -1.863949181709978E-005 3.488315747013567E-005
934 -2.571737280211788E-004 4.812919625709111E-004
935 -5.281780120300819E-006 9.884313392367291E-006
936 -1.899525672614914E-005 3.554900740385882E-005
937 8.904922831824518E-006 -1.666523655242315E-005
938 1.297479233814283E-004 -2.428186409996972E-004
939 -1.163043348161408E-004 2.176596818946553E-004
940 1.711318370091095E-005 -3.202676589849394E-005
941 -3.565463987590155E-005 6.672655135122535E-005
942 -9.662721808256755E-007 1.807476029000553E-006
943 -9.726412614780129E-005 1.820267638341385E-004
944 3.822689018015267E-006 -7.154112022831068E-006
945 -1.479759282090730E-004 2.769316840930560E-004
946 -7.664705717731115E-006 1.434382901256497E-005
947 2.144381510601640E-005 -4.013143674925010E-005
948 -2.165849044224187E-004 4.053315396703838E-004
949 -4.994716281572496E-006 9.347695835617122E-006
950 1.089991381344523E-005 -2.039877441446522E-005
951 -1.628637264312744E-007 3.050937905087569E-007
952 -1.085762581279492E-005 2.031997791077871E-005
953 3.357830384498560E-005 -6.284045309385696E-005
954 3.394930160921035E-004 -6.353498100187006E-004
955 8.809183638214957E-006 -1.648620644044735E-005
956 4.955692364063975E-004 -9.274414495567407E-004
957 -7.096647002175914E-005 1.328115884573665E-004
958 -6.795264141286529E-004 1.271710674911334E-003
959 1.044908713170082E-005 -1.955541816949405E-005
960 -5.074927286908051E-004 9.497555030795603E-004
961 -4.495956132052491E-006 8.413863556793392E-006
962 -5.540132894217942E-004 1.036817696962794E-003
963 5.959082653550532E-006 -1.115212583111180E-005
964 -8.028679846013408E-005 1.502537518816651E-004
965 2.365671641590545E-005 -4.427258982466301E-005
966 3.041124777271453E-004 -5.691363450239311E-004
967 -3.593248302690235E-006 6.724656339201130E-006
968 4.969332078879259E-004 -9.299929444987828E-004
969 5.560663230344131E-006 -1.040664647977433E-005
970 3.923431332852846E-004 -7.342568875492473E-004
971 9.580920091195997E-006 -1.793037669945574E-005
972 3.947132126034082E-005 -7.386932830980818E-005
973 2.592652939725667E-004 -4.852061047177866E-004
974 3.720143664061040E-004 -6.962123496653475E-004
975 1.186193121733496E-005 -2.219912343824871E-005
976 6.873886903054002E-004 -1.286424702642825E-003
977 3.588601206134321E-004 -6.715948726799358E-004
978 1.387336128223636E-005 -2.596367766874724E-005
979 -3.895552447080665E-004 7.290395185801892E-004
980 6.323053757855897E-006 -1.183305810274284E-005
981 3.488019594052379E-004 -6.527711713342411E-004
982 1.369514072939857E-004 -2.562998934313008E-004
983 3.581911607521775E-004 -6.703423257764131E-004
984 1.428784947020828E-005 -2.673916453000392E-005
985 8.470161554194998E-006 -1.585147147988208E-005
986 4.177569046415940E-005 -7.818209177624516E-005
987 -1.824745416760233E-005 3.414901608658144E-005
988 -1.876836420580274E-004 3.512436653027508E-004
989 2.780281950756239E-005 -5.203189831207903E-005
990 4.147768242943950E-004 -7.762409002433594E-004
991 1.453142584160799E-005 -2.719519934131109E-005
992 5.632961776314352E-005 -1.054190266535416E-004
993 1.988731921896487E-006 -3.721709835129071E-006
994 2.185931361569362E-005 -4.090898656404452E-005
995 4.165481866604361E-004 -7.795560453209337E-004
996 -4.240931415175074E-004 7.936760698114035E-004
997 3.231193489395914E-004 -6.047067803778296E-004
998 -2.927474044204592E-005 5.478667845621889E-005
999 -5.842478965490788E-006 1.093416879545262E-005
1000 -2.840338917859147E-006 5.316082677834222E-006
1001 1.923152958735297E-004 -3.599116555797965E-004
1002 1.784540829493613E-004 -3.339707957392750E-004
1003 -1.386461756689938E-005 2.594697642987465E-005
1004 -1.844271098388640E-004 3.451492017941669E-004
1005 -2.203523449733578E-004 4.123818173583645E-004
1006 -2.435272993580624E-004 4.557531415090025E-004
1007 6.001436588031893E-005 -1.123152043958289E-004
1008 -5.712525240643803E-006 1.069076769593030E-005
1009 1.607137259836118E-004 -3.007701186769336E-004
1010 -1.493108795620649E-004 2.794305556942659E-004
1011 -1.971758510915981E-004 3.690086181073471E-004
1012 -1.692450051431231E-004 3.167364454101782E-004
1013 1.048742385625791E-005 -1.962660166796824E-005
1014 2.800915508135843E-004 -5.241820162394652E-004
1015 -1.248830405797819E-005 2.337140332853697E-005
1016 1.411083133551725E-004 -2.640795920533738E-004
1017 -7.182431157990967E-005 1.344168563387118E-004
1018 -2.333759337577110E-004 4.367551906797489E-004
1019 -9.444801631970746E-006 1.767554703559638E-005
1020 -5.902171538334447E-006 1.104538779236560E-005
1021 -4.393949784329354E-006 8.223083110844079E-006
1022 6.557164315937578E-004 -1.227151156809331E-003
1023 4.155348692359737E-005 -7.776587872655503E-005
1024 -2.253698974880775E-006 4.217955132612917E-006
1025 -8.714758836881864E-005 1.630938645942637E-004
1026 1.604042844366212E-005 -3.001895100946848E-005
1027 4.640722741030878E-004 -8.684956459122655E-004
1028 -1.524546965875099E-005 2.853144896370132E-005
1029 2.802080597543498E-004 -5.243997116032295E-004
1030 -1.575395111560567E-005 2.948279995210999E-005
1031 -6.468786274881478E-005 1.210612991684384E-004
1032 1.679222017785818E-004 -3.142603157585178E-004
1033 3.082006761820101E-004 -5.767871994874008E-004
1034 8.587703684384480E-006 -1.607166482870231E-005
1035 1.739108527405662E-005 -3.254696424155238E-005
1036 1.611921946369809E-005 -3.016671431852624E-005
1037 2.057285209203508E-004 -3.850138929271816E-004
1038 -5.943671946667578E-005 1.112339314378934E-004
1039 1.177045272265150E-005 -2.202817543620869E-005
1040 -4.584630331697769E-004 8.579980319847934E-004
1041 4.024554543752089E-006 -7.531896888799093E-006
1042 -2.177876392561433E-004 4.075818882968281E-004
1043 -3.746504990296592E-005 7.011485944280188E-005
1044 -1.537220943711375E-004 2.876862718100432E-004
1045 5.495772763232417E-006 -1.028504843236603E-005
1046 -9.044523582057989E-006 1.692656953185685E-005
1047 8.974678169695507E-005 -1.679584034729496E-004
1048 1.319366355644498E-004 -2.469150688711452E-004
1049 -8.493958038022102E-007 1.589808696682343E-006
1050 -7.832108070515030E-006 1.465752157843538E-005
1051 1.573036707717293E-004 -2.943885228613992E-004
1052 -6.795352422073546E-007 1.271739467186225E-006
1053 1.158224269697441E-004 -2.167575528772153E-004
1054 1.058629340511958E-004 -1.981189888078501E-004
1055 9.153930074329102E-005 -1.713129051294618E-004
1056 6.413083556597120E-005 -1.200190376315781E-004
1057 -1.892998973683634E-006 3.542725368853867E-006
1058 1.541132526811038E-006 -2.884239548959913E-006
1059 1.907439555309640E-004 -3.569708356022968E-004
1060 1.674282482895643E-004 -3.133364484676414E-004
1061 1.217978286974983E-004 -2.279404638102173E-004
1062 6.462641138418221E-006 -1.209448221412813E-005
1063 -2.583244375385839E-004 4.834454077776709E-004
1064 -2.900801471793162E-006 5.428343715876388E-006
1065 -3.812759050966702E-006 7.135435908184122E-006
1066 -1.529369044938601E-006 2.862236570347446E-006
1067 -7.311698298364110E-005 1.368360150452943E-004
1068 2.656576565003848E-005 -4.971685646676143E-005
1069 2.564482285537466E-006 -4.799315011460285E-006
1070 3.086370092921624E-007 -5.777260211389356E-007
1071 1.219077415357082E-004 -2.281461883700559E-004
1072 2.653685375158007E-006 -4.965965706027664E-006
1073 2.136783816889337E-004 -3.998922614980538E-004
1074 -2.042020013488239E-004 3.821570506888166E-004
1075 1.003742924007622E-004 -1.878471225869716E-004
1076 -8.115036903501129E-007 1.518772902540502E-006
1077 7.608775799100612E-007 -1.423763287791803E-006
1078 1.335190088220748E-004 -2.498762424779634E-004
1079 -9.467663655879854E-006 1.771843678415754E-005
1080 1.346744593028996E-004 -2.520387710830380E-004
1081 3.433323770058598E-007 -6.428422829322160E-007
1082 4.907872133990545E-006 -9.184952449348034E-006
1083 -1.325063586524767E-004 2.479810217269120E-004
1084 4.211896503824801E-006 -7.882248984963039E-006
1085 1.856262925757818E-007 -3.478110759319394E-007
1086 -1.406804484795988E-005 2.632773958172254E-005
1087 -3.844426029689659E-004 7.194715414732254E-004
1088 -4.746654744431938E-005 8.883208692362493E-005
1089 -6.617776457637989E-006 1.238512682933486E-005
1090 5.146138323730430E-006 -9.630705773381255E-006
1091 1.128144938236653E-004 -2.111285599743154E-004
1092 1.784182802701999E-004 -3.339041117000847E-004
1093 3.474227587048760E-006 -6.502036145836165E-006
1094 6.659707881326126E-005 -1.246343366172019E-004
1095 3.830328007319594E-006 -7.168277559592128E-006
1096 -9.225201943796335E-005 1.726466972544441E-004
1097 -1.861843562550240E-004 3.484378233911059E-004
1098 9.198377367097996E-005 -1.721444371019677E-004
1099 -4.537735549033692E-006 8.492140014898414E-006
1100 -6.478758210387006E-006 1.212473123490233E-005
1101 -1.105630658591105E-004 2.069150055450594E-004
1102 -5.390085106460764E-006 1.008755958541146E-005
1103 -9.186505400748696E-005 1.719223263232495E-004
1104 -4.895256574294863E-006 9.161163243979817E-006
1105 1.442913178572549E-004 -2.700362306148322E-004
1106 3.574763388689703E-006 -6.690061578568738E-006
1107 2.599711493697942E-006 -4.865332535634343E-006
1108 -5.426793622475250E-005 1.015606184050471E-004
1109 -3.934473024147289E-005 7.363221567444884E-005
1110 1.831245488099495E-005 -3.427102859294320E-005
1111 -1.435754254138515E-004 2.686965801171838E-004
1112 -5.454078539308829E-006 1.020705588579728E-005
1113 -9.943772640200942E-005 1.860941659798544E-004
1114 -3.454653302290845E-004 6.465267567315335E-004
1115 -5.914114463551248E-006 1.106803161058234E-005
1116 -7.383584958726008E-005 1.381813204662444E-004
1117 1.786898426790594E-006 -3.344248164569121E-006
1118 3.945622928321932E-005 -7.384098288792938E-005
1119 -1.817656633818533E-005 3.401675034741218E-005
1120 3.444512953262275E-004 -6.446291512253743E-004
1121 -1.206975541167849E-005 2.258836606354642E-005
1122 5.446831103626813E-006 -1.019355689261280E-005
1123 5.621256186283557E-005 -1.051996550182357E-004
1124 1.421021713156840E-006 -2.659419738664879E-006
1125 2.066195123070178E-005 -3.866803389166431E-005
1126 9.461240188076274E-005 -1.770638609719458E-004
1127 -5.064036724509323E-006 9.477288111723341E-006
1128 1.181710569864597E-004 -2.211530653983581E-004
1129 -2.026953696136067E-004 3.793372220625185E-004
1130 -4.649332406310268E-005 8.701037900841011E-005
1131 8.462261972812066E-005 -1.583683780763632E-004
1132 -3.566404073511104E-006 6.674377558908371E-006
1133 2.041236884321768E-006 -3.820024943936445E-006
1134 2.845855924837906E-005 -5.325921390534946E-005
1135 -1.226275492916901E-004 2.294932962717446E-004
1136 -7.346239635017888E-006 1.374825434481555E-005
1137 1.177906912085481E-005 -2.204393793775764E-005
1138 7.525391634562852E-006 -1.408346748224779E-005
1139 -1.296805087475428E-004 2.426926933458646E-004
1140 -8.890832980713126E-006 1.663865321371327E-005
1141 1.256576803893020E-004 -2.351641761216090E-004
1142 4.961458811335936E-006 -9.285075125146658E-006
1143 9.060704867473595E-005 -1.695681639552802E-004
1144 -5.926135879787341E-007 1.108632070897814E-006
1145 8.522764229048388E-007 -1.595157329218774E-006
1146 -4.031279326374112E-005 7.544428375379771E-005
1147 1.927778425330499E-004 -3.607770148802165E-004
1148 3.318519740908180E-004 -6.210497816837702E-004
1149 2.255636705856438E-005 -4.221352949135906E-005
1150 1.303439474253535E-004 -2.439339748204062E-004
1151 -3.758145039524948E-006 7.033185626792000E-006
1152 -1.846367809565959E-004 3.455414014069032E-004
1153 3.326120027122656E-006 -6.224850435409093E-006
1154 2.310456587372317E-005 -4.323908653414818E-005
1155 -2.038936875614192E-004 3.815802125278011E-004
1156 -8.110653619035850E-006 1.517892972585141E-005
1157 -1.586517034121947E-004 2.969114064635864E-004
1158 -4.792493723643450E-007 8.968103320434534E-007
1159 -2.423087406305691E-006 4.534666400224589E-006
1160 -4.043080936916995E-006 7.566371965983916E-006
1161 -1.920233506721008E-006 3.593617952881728E-006
1162 6.945752394071431E-005 -1.299874450184740E-004
1163 3.705986110062977E-006 -6.935622574789016E-006
1164 -6.109658211131190E-007 1.143508464598957E-006
1165 1.387751338525028E-004 -2.597129808153146E-004
1166 -1.894158513599781E-004 3.544853001313256E-004
1167 9.872460667413573E-006 -1.847579325531136E-005
1168 -4.899520611180399E-005 9.169316288106542E-005
1169 2.035475618973716E-006 -3.809265988884532E-006
1170 1.577910758199514E-005 -2.952994527882110E-005
1171 1.701377064692168E-004 -3.184070776357590E-004
1172 -1.535411040369546E-004 2.873472401059408E-004
1173 -2.435603694397046E-004 4.558152436577699E-004
1174 -8.662662943710890E-005 1.621187794017773E-004
1175 2.675914347743253E-004 -5.007884423193168E-004
1176 1.685795524400291E-005 -3.154914956372202E-005
1177 -4.683124106101937E-005 8.764303623679202E-005
1178 3.005540245806547E-006 -5.624724634819777E-006
1179 -3.540433167699792E-006 6.625754029918186E-006
1180 2.527398121209001E-004 -4.729938154316159E-004
1181 -3.291605483401918E-005 6.160121926267188E-005
1182 2.738723488545671E-006 -5.125102349625184E-006
1183 7.767387184326018E-005 -1.453639813935841E-004
1184 -4.869549120176701E-005 9.113185084798987E-005
1185 1.287701950675387E-004 -2.409889979194370E-004
1186 -4.534852392093749E-006 8.486875526626533E-006
1187 2.036643820123967E-005 -3.811502178003769E-005
1188 9.503554322462303E-006 -1.778539578324226E-005
1189 3.310034373037297E-005 -6.194622425046820E-005
1190 -4.238618946845894E-004 7.932430981654401E-004
1191 6.032618789240603E-005 -1.128982401489199E-004
1192 1.798794210556162E-005 -3.366377623892121E-005
1193 -1.092280049693116E-005 2.044152600298799E-005
1194 -1.328637762077586E-005 2.486502575707676E-005
1195 -1.856504898321514E-004 3.474391173630563E-004
1196 -6.045602577966505E-006 1.131423235483244E-005
1197 -8.536811582510007E-006 1.597638797782129E-005
1198 -8.293047132216759E-005 1.552014804969189E-004
1199 1.784785543438860E-005 -3.340160872330466E-005
1200 2.991222543022220E-004 -5.597973514981873E-004
1201 -8.916396202027678E-007 1.668602373896911E-006
1202 3.735254808366272E-005 -6.990436262517427E-005
1203 -1.658339380336884E-005 3.103500058391934E-005
1204 3.605054575661032E-004 -6.746737564230369E-004
1205 -9.477547476228406E-005 1.773689163268686E-004
1206 -2.090230128877512E-004 3.911797770064196E-004
1207 6.881570225154381E-006 -1.287882325189867E-005
1208 -3.180305036651479E-004 5.951831305217761E-004
1209 -7.811121289305522E-005 1.461826184004630E-004
1210 4.662712492198590E-006 -8.726100643233235E-006
1211 -3.498551388884036E-006 6.547440432043288E-006
1212 -1.070565851973297E-005 2.003528038137429E-005
1213 1.166614029953678E-005 -2.183292115082622E-005
1214 -4.345747691272185E-005 8.132922120232861E-005
1215 -1.314322378108478E-004 2.459711266505476E-004
1216 -1.030911605832067E-004 1.929321082548682E-004
1217 -2.237189568739395E-005 4.186818817724443E-005
1218 4.782060183984015E-005 -8.949469655122914E-005
1219 -5.204951221217492E-005 9.740882071947239E-005
1220 2.136935979506844E-004 -3.999202237930195E-004
1221 -1.118753790702953E-005 2.093676337369438E-005
1222 3.193880556978552E-005 -5.977230813573559E-005
1223 -1.116133509713602E-004 2.088805559769431E-004
1224 1.014888995135630E-005 -1.899303443518093E-005
1225 -8.971424437892497E-006 1.678987583660720E-005
1226 3.778370570330654E-006 -7.071131375358339E-006
1227 1.964327278408554E-004 -3.676172065503619E-004
1228 3.525162420614343E-005 -6.597221673561619E-005
1229 7.706116133917674E-006 -1.442174239023620E-005
1230 -5.551984491147104E-005 1.039037417765195E-004
1231 1.755858642224397E-004 -3.286031358661013E-004
1232 1.276052512730222E-004 -2.388088085633714E-004
1233 7.238846058159587E-006 -1.354723345007439E-005
1234 -8.534643216187471E-005 1.597229223343751E-004
1235 7.912803119516679E-005 -1.480855042409007E-004
1236 -1.545707686561967E-005 2.892755195596447E-005
1237 8.131508807308785E-005 -1.521786194345092E-004
1238 9.460268074187013E-005 -1.770457288040611E-004
1239 -6.205918631290618E-005 1.161416814032744E-004
1240 -4.532516957668449E-006 8.482485340182050E-006
1241 -1.348025771187446E-004 2.522785240592380E-004
1242 -4.123656991646608E-006 7.717296950301561E-006
1243 -2.615009581242302E-006 4.894085453287643E-006
1244 -4.024468008889800E-005 7.531650586818933E-005
