 # The norm of the isolated state is   3456000.00476705     
 # I think there should be     3456000 i.e.    100.000000137935      %
1 -3.645475703251196E-002 6.822385564089380E-002
2 -2.691815413323624E-004 5.037635580730000E-004
3 -0.469599199275289 0.878839156599849
4 -1.765220252264161E-005 3.303374244654904E-005
5 -1.611624975938046E-004 3.016110200143400E-004
6 -2.090526683276553E-004 3.912350741647569E-004
7 -8.852012184230830E-003 1.656624393499852E-002
8 5.801623875227254E-006 -1.085768408622382E-005
9 1.078591903870828E-004 -2.018532959353192E-004
10 -4.592320388834862E-006 8.595565290123234E-006
11 -1.830777201208372E-004 3.426238164599110E-004
12 -5.606261165958102E-005 1.049188104038631E-004
13 -3.265680897837126E-006 6.111656541093405E-006
14 -8.782788764147332E-004 1.643669469227715E-003
15 -1.557527301105273E-004 2.914860035123447E-004
16 3.919010741293636E-005 -7.334297491831889E-005
17 3.448170980446774E-004 -6.453136428406171E-004
18 -8.606106253785698E-006 1.610601369927824E-005
19 1.723912630507774E-005 -3.226246969538525E-005
20 -5.840405705813211E-004 1.093012368548166E-003
21 7.760520800945327E-006 -1.452356511037105E-005
22 -3.949473090534110E-005 7.391118316683825E-005
23 1.422313235858868E-005 -2.661816033706068E-005
24 -8.963979336938288E-004 1.677578669073621E-003
25 -2.176561864574240E-003 4.073362399948300E-003
26 -1.351725605683553E-006 2.529304524136196E-006
27 -1.604242492164869E-003 3.002285968938450E-003
28 9.163567335400591E-006 -1.714916960733635E-005
29 -3.445965850536608E-004 6.449005952841192E-004
30 -9.378211933186600E-004 1.755100953814510E-003
31 -1.997612594220359E-005 3.738454655834045E-005
32 -1.695542018808927E-006 3.173004023147487E-006
33 5.139937900648096E-004 -9.619221451641488E-004
34 6.840387299172103E-005 -1.280153348724927E-004
35 5.763626173313442E-004 -1.078643321733069E-003
36 -2.045077021226847E-005 3.827191673341226E-005
37 -1.611006544644619E-004 3.014945777926304E-004
38 -5.586714625893689E-005 1.045535225719390E-004
39 1.025219964507910E-004 -1.918660135974732E-004
40 -1.346091363249351E-003 2.519164804386658E-003
41 -1.231727761547375E-004 2.305138546177206E-004
42 -6.008652294912252E-003 1.124499143339710E-002
43 2.214824578886341E-003 -4.144969870009224E-003
44 -4.321882811226735E-005 8.088260050112904E-005
45 -1.479372701014455E-005 2.768596687103554E-005
46 1.365305918630517E-003 -2.555124203698199E-003
47 4.659393186714484E-005 -8.719896941397124E-005
48 -5.041390394642149E-006 9.434781517143202E-006
49 2.032544009385894E-003 -3.803838202443279E-003
50 2.564945719646725E-003 -4.800209948016994E-003
51 1.146902450834077E-004 -2.146391692105969E-004
52 1.156524280443027E-003 -2.164396645641047E-003
53 -4.387262709154923E-008 8.230391478816989E-008
54 1.928999375909498E-003 -3.610057664134509E-003
55 7.880368504537792E-005 -1.474784294558981E-004
56 1.874210398705085E-005 -3.507521191438227E-005
57 -2.501470048262796E-004 4.681416704712254E-004
58 -5.140927196452166E-004 9.621073881616620E-004
59 1.731766275540848E-005 -3.240942183741364E-005
60 1.016402159678392E-006 -1.902168711925816E-006
61 -1.365824852481692E-004 2.556096042586442E-004
62 2.551001411676210E-006 -4.774124781714344E-006
63 1.310982866682492E-004 -2.453460656999682E-004
64 7.325112904405290E-007 -1.370856152140181E-006
65 1.158072813003865E-005 -2.167295318892880E-005
66 -1.040148190983649E-004 1.946602439833312E-004
67 -1.167722659875210E-006 2.185409585889608E-006
68 -1.250818112854679E-005 2.340865498423205E-005
69 1.545056050324240E-004 -2.891520839330411E-004
70 1.281716418677320E-003 -2.398689673545328E-003
71 -5.081252845693963E-005 9.509398278531631E-005
72 -3.405949809683533E-007 6.374173411356533E-007
73 -9.817793538088259E-004 1.837367103689878E-003
74 -9.848696139736631E-004 1.843150427623449E-003
75 2.770987330888694E-005 -5.185807403652643E-005
76 -1.240795576632397E-004 2.322107525421657E-004
77 1.566445912449220E-005 -2.931542238379050E-005
78 -1.055744189817264E-003 1.975789484951791E-003
79 -7.538742115306011E-005 1.410850657875140E-004
80 -5.961145682232271E-005 1.115608919422611E-004
81 8.456321972981837E-004 -1.582572633967989E-003
82 -1.773358313674128E-003 3.318781007270903E-003
83 3.493423763533093E-004 -6.537824392703478E-004
84 -7.745542000247600E-004 1.449552119001057E-003
85 2.729156543150585E-005 -5.107524425363349E-005
86 -2.059956865230717E-003 3.855140431847255E-003
87 1.816055803880653E-004 -3.398687720540212E-004
88 2.534169092088502E-005 -4.742618768894915E-005
89 3.641354450736521E-005 -6.814675906383243E-005
90 1.456904395811477E-003 -2.726547720579870E-003
91 -1.382869861290231E-003 2.587994647362555E-003
92 -5.722414377815442E-005 1.070930424839027E-004
93 1.017355991196434E-005 -1.903944541021366E-005
94 5.219382322550967E-006 -9.767962069362511E-006
95 -1.605533232996025E-003 3.004701602592924E-003
96 9.133113032837024E-004 -1.709231368866159E-003
97 -1.544218910173891E-005 2.889951059963257E-005
98 -4.916881724090509E-006 9.201768859362352E-006
99 5.348723073358366E-005 -1.000996049681129E-004
100 2.672596261786645E-004 -5.001674312536112E-004
101 -4.407544983234045E-004 8.248573067832041E-004
102 1.494256310542864E-003 -2.796450454096381E-003
103 -4.220007521899260E-004 7.897602579953240E-004
104 1.663851995656389E-005 -3.113842581060920E-005
105 -2.379358371677903E-004 4.452889629254035E-004
106 2.167666319048780E-003 -4.056715425494012E-003
107 7.239717223551657E-005 -1.354888597245679E-004
108 -3.114811180613428E-006 5.829279150947980E-006
109 1.112482878358422E-003 -2.081974557671208E-003
110 1.461623822300109E-005 -2.735382718634080E-005
111 1.991747739878654E-006 -3.727480930072019E-006
112 5.705019188054582E-004 -1.067675175844322E-003
113 -1.560729432099651E-003 2.920852931371286E-003
114 3.970751996356115E-005 -7.431131094852932E-005
115 -8.919707439583446E-006 1.669297926092347E-005
116 2.437394224166394E-004 -4.561501611692913E-004
117 1.273730414683181E-005 -2.383745390628439E-005
118 -2.557594962269945E-004 4.786453568321817E-004
119 1.019535366130372E-005 -1.908028650335832E-005
120 -2.108756312622827E-005 3.946451416165857E-005
121 -1.039681203868396E-003 1.945728667215398E-003
122 2.083726579312058E-005 -3.899618003293262E-005
123 2.778578832694258E-004 -5.200016751757422E-004
124 -1.522978049440523E-005 2.850202936583837E-005
125 -8.550518214636322E-004 1.600200875176312E-003
126 9.791606341360664E-006 -1.832465457172001E-005
127 2.995706918206191E-005 -5.606366470980210E-005
128 3.475432026528756E-004 -6.504154214201630E-004
129 2.693490310371010E-004 -5.040776864691494E-004
130 -4.916478593829690E-006 9.201045972619377E-006
131 -2.601568256334696E-004 4.868747914418194E-004
132 2.526540746183391E-007 -4.728270677132594E-007
133 2.135130824110538E-006 -3.995800080011284E-006
134 1.832791980135640E-005 -3.430008800432582E-005
135 -5.419951338611377E-008 1.013874787065289E-007
136 -2.908272159131814E-004 5.442733828341811E-004
137 -1.206823190700862E-004 2.258529115093986E-004
138 4.948989633798674E-006 -9.261850318474810E-006
139 1.476907211718567E-005 -2.763983002004697E-005
140 3.171652230145467E-004 -5.935640957861039E-004
141 4.924068602677066E-006 -9.215206291049898E-006
142 5.111680397197707E-004 -9.566337965867445E-004
143 6.113553540177265E-006 -1.144127928718505E-005
144 -1.064823153371176E-003 1.992780696367185E-003
145 2.729758803532559E-004 -5.108651882752222E-004
146 -6.659575371109310E-006 1.246313487440249E-005
147 5.235033306119698E-004 -9.797191452363037E-004
148 -5.385466139623257E-006 1.007869676791740E-005
149 7.179397301751098E-004 -1.343600013254845E-003
150 1.747656274797705E-005 -3.270677489834319E-005
151 3.350793876850654E-005 -6.270903752281434E-005
152 1.618716792528309E-004 -3.029374243520741E-004
153 -1.601029471492569E-005 2.996273059287642E-005
154 -2.844455958040332E-006 5.323290838503434E-006
155 -1.377154180550685E-004 2.577297655101382E-004
156 -7.806301262267721E-006 1.460924699937130E-005
157 -8.798518945974081E-006 1.646614863329079E-005
158 5.042964488320938E-004 -9.437742451783561E-004
159 -3.976004882559184E-004 7.440959546802152E-004
160 2.669189821404917E-004 -4.995299311060907E-004
161 -1.058474335507009E-005 1.980897747605578E-005
162 1.247860446509398E-005 -2.335329391317600E-005
163 -2.750131447170389E-004 5.146778715045180E-004
164 3.643208048873948E-004 -6.818141726041001E-004
165 1.268719598543631E-004 -2.374366731540540E-004
166 -1.151531971107639E-006 2.155068775742564E-006
167 -3.813245384660586E-004 7.136361367992772E-004
168 -3.895190754916591E-006 7.289689451570737E-006
169 -8.239433767685852E-007 1.541964714623395E-006
170 -5.114309031827900E-004 9.571260269778607E-004
171 -4.830976218374918E-006 9.041005603524161E-006
172 -1.228638323672217E-005 2.299356119544404E-005
173 -2.717631459576836E-004 5.085956162577260E-004
174 9.457691697429027E-005 -1.769975156127881E-004
175 5.070318540532868E-006 -9.488968283537785E-006
176 -4.683209643489707E-005 8.764464934631419E-005
177 4.078297400502253E-006 -7.632375426915891E-006
178 -1.263602360430820E-005 2.364787872894529E-005
179 -9.255947748663280E-005 1.732219549441525E-004
180 5.338360197101224E-006 -9.990557925372171E-006
181 -3.773418148091196E-005 7.061826104578886E-005
182 -2.560666419703339E-006 4.792214010935527E-006
183 -5.250693281217345E-006 9.826633316669353E-006
184 8.696493868714536E-006 -1.627520074469644E-005
185 -1.435911695118264E-006 2.687316561119463E-006
186 5.592684985501961E-005 -1.046652180493410E-004
187 -1.271449283071661E-005 2.379473677750808E-005
188 -2.049812436280878E-006 3.836183456400466E-006
189 2.470078312819581E-005 -4.622667081149946E-005
190 -2.399673955956860E-006 4.490923727678627E-006
191 -8.911215999116085E-005 1.667703445793601E-004
192 -3.311398891163509E-006 6.197189849857162E-006
193 -8.924090055594651E-005 1.670113523445994E-004
194 -1.327768543320820E-006 2.484889538606420E-006
195 -2.478061100342582E-005 4.637609905339562E-005
196 -2.053861298924689E-004 3.843731566101775E-004
197 -1.119024943307141E-004 2.094217117769384E-004
198 -2.938296821917149E-005 5.498920334381471E-005
199 2.052206314018188E-006 -3.840668978952478E-006
200 -9.293045388439659E-005 1.739178811485950E-004
201 -1.287754855162683E-007 2.409909628023109E-007
202 1.061035626907491E-005 -1.985688804777324E-005
203 -2.758486088350506E-005 5.162414716827939E-005
204 1.839740426690617E-005 -3.443017968711537E-005
205 -5.877211092782482E-007 1.099895234014578E-006
206 -9.031803089678697E-005 1.690272034737391E-004
207 3.154968572410826E-006 -5.904404264359222E-006
208 -1.110569397016249E-004 2.078393968631614E-004
209 1.018023352595539E-004 -1.905196393688358E-004
210 5.828299746492480E-006 -1.090738901920123E-005
211 3.403742168681895E-005 -6.369988384443238E-005
212 -5.920698766654174E-006 1.108034613232835E-005
213 -1.072860989725096E-004 2.007823218428881E-004
214 2.549102170974386E-005 -4.770563565149941E-005
215 -6.562865726124330E-005 1.228218190888239E-004
216 1.152852914576938E-005 -2.157519366492044E-005
217 4.665471927532883E-007 -8.731114831859266E-007
218 5.502768357291035E-005 -1.029824397934670E-004
219 -3.138462166686605E-006 5.873511762426908E-006
220 2.108539368294110E-006 -3.946084553735905E-006
221 -8.581844561858776E-005 1.606063491684429E-004
222 -7.994185105314450E-006 1.496086897745178E-005
223 -1.148323154941579E-006 2.148850909109548E-006
224 -2.585141800384277E-004 4.838005769361442E-004
225 -1.248834906152300E-006 2.337196172023253E-006
226 2.911059301670771E-005 -5.447956755785715E-005
227 3.478806695292470E-005 -6.510472792169545E-005
228 -1.167239798374438E-004 2.184449714759493E-004
229 2.322656665319231E-006 -4.346677643281952E-006
230 1.347489899424109E-004 -2.521781980303702E-004
231 5.442118581156550E-006 -1.018460989901844E-005
232 -5.796669320964808E-006 1.084832158652842E-005
233 2.787150437057193E-005 -5.216057527116400E-005
234 -9.641520908141702E-005 1.804378831430838E-004
235 7.938615830000229E-006 -1.485690865787190E-005
236 5.800236552264954E-005 -1.085494072238614E-004
237 4.922558311264190E-006 -9.212297750605043E-006
238 3.504696741919758E-005 -6.558919249905321E-005
239 1.566155611741320E-006 -2.931083721747882E-006
240 2.645378024325951E-005 -4.950732953464297E-005
241 -6.911639406758649E-006 1.293489445792316E-005
242 -1.158395910304388E-004 2.167899219455570E-004
243 3.740416009798232E-005 -7.000067951400644E-005
244 1.976500887340442E-004 -3.698955093488347E-004
245 4.547123640421926E-006 -8.509808270579274E-006
246 4.415654609892591E-006 -8.263967951765550E-006
247 -7.764269424781745E-005 1.453056891058857E-004
248 2.170435676165803E-006 -4.061951838439931E-006
249 -9.530208814108099E-005 1.783546577219835E-004
250 -3.516499302363934E-006 6.581028615575356E-006
251 -1.345674273750830E-004 2.518384024322367E-004
252 3.786811317695095E-005 -7.086892978788472E-005
253 -1.176313904775326E-006 2.201328152825282E-006
254 -2.342081653651611E-005 4.383128076127674E-005
255 -1.830832792221729E-005 3.426340693324262E-005
256 -3.493782743174020E-006 6.538496204468955E-006
257 9.873706341906288E-007 -1.847778477554215E-006
258 -2.002194938753364E-006 3.747109831256739E-006
259 -5.766667583019422E-005 1.079212238147035E-004
260 3.085866866032437E-006 -5.775222424962624E-006
261 -8.893658634061955E-005 1.664418528872823E-004
262 3.133051897785693E-004 -5.863401572741635E-004
263 -1.427945529990345E-004 2.672352311686217E-004
264 -1.915452690831415E-005 3.584702905411291E-005
265 4.770281849923657E-005 -8.927422367189378E-005
266 -1.936442615647968E-004 3.623987516043237E-004
267 3.873348087582607E-006 -7.248822476070224E-006
268 -1.731677545931147E-005 3.240765662921388E-005
269 -5.639400178658830E-005 1.055395710936788E-004
270 -1.955366953549789E-006 3.659465300222312E-006
271 -5.582465474120524E-005 1.044739892969445E-004
272 2.550611905151934E-004 -4.773385087422140E-004
273 -1.160208383331993E-005 2.171282259088589E-005
274 6.443077863713306E-005 -1.205800308747425E-004
275 -2.888273236167807E-005 5.405294595371026E-005
276 4.781307429427754E-005 -8.948051171622190E-005
277 -1.185571335698096E-005 2.218756857935888E-005
278 -1.177396933168125E-005 2.203458090162371E-005
279 3.903197501225339E-004 -7.304703056948034E-004
280 1.042654261654147E-004 -1.951291132346482E-004
281 2.862403339334905E-005 -5.356903814832160E-005
282 1.715943339351229E-005 -3.211326839731818E-005
283 8.343075303050070E-006 -1.561367498322006E-005
284 -2.892245947667499E-006 5.412758525278834E-006
285 -1.267453016246499E-004 2.371995441952129E-004
286 -2.842504506160065E-004 5.319651358720715E-004
287 -4.075650948225240E-005 7.627445140391694E-005
288 -1.269242913306759E-005 2.375345458125447E-005
289 3.985690623693358E-005 -7.459085017541450E-005
290 -3.830635728764276E-006 7.168882688086463E-006
291 1.574726108509424E-004 -2.947046786067257E-004
292 -2.883038635398944E-005 5.395520088179009E-005
293 -3.171346578963116E-004 5.935068970098502E-004
294 -1.483780973458544E-005 2.776847608300011E-005
295 -2.369935349897663E-006 4.435255983738836E-006
296 -6.376073957522943E-006 1.193258222971341E-005
297 4.230861621139088E-006 -7.917904305803270E-006
298 -6.054091614775323E-005 1.133003184803683E-004
299 -2.403314922945719E-005 4.497725435396302E-005
300 -5.840684179801535E-005 1.093064094534609E-004
301 -7.481562255930602E-005 1.400149024811804E-004
302 -7.484822865142246E-007 1.400762987332901E-006
303 9.679873313878711E-006 -1.811558611953430E-005
304 -3.630486721092082E-004 6.794333898523076E-004
305 1.795324723349201E-004 -3.359889370018701E-004
306 -8.385033483084401E-005 1.569231056199998E-004
307 -3.214380129838051E-004 6.015604637498007E-004
308 -3.578163987756910E-005 6.696412102261889E-005
309 -2.066849421474078E-004 3.868039439413690E-004
310 -1.853199162847843E-005 3.468207502421804E-005
311 -1.104402600743350E-005 2.066849509741594E-005
312 9.533110941645243E-005 -1.784089646794874E-004
313 4.382368780731558E-006 -8.201087076775701E-006
314 1.173115595066701E-004 -2.195446027420911E-004
315 5.049060519929348E-005 -9.449146436684324E-005
316 5.209268766227233E-006 -9.748971890514620E-006
317 -2.690644823992484E-006 5.035158372182352E-006
318 1.505640713080673E-004 -2.817756312005631E-004
319 -2.869987345507224E-006 5.371054498715852E-006
320 5.638356804069644E-006 -1.055182824596548E-005
321 -1.658015695767735E-005 3.102921053313000E-005
322 1.749800971226781E-004 -3.274694042617908E-004
323 1.308782546441558E-005 -2.449338980609090E-005
324 -1.138334159957067E-004 2.130354043170745E-004
325 8.621713687441888E-005 -1.613524490418752E-004
326 1.805317304665015E-007 -3.378633674599609E-007
327 -6.714400280935964E-005 1.256577282145932E-004
328 -5.299743373409655E-006 9.918289261115048E-006
329 -5.288373780427901E-006 9.897060343060503E-006
330 -9.839341566669576E-007 1.841389004495452E-006
331 -8.632911345303595E-005 1.615620205798249E-004
332 -9.006801644604334E-006 1.685613704324275E-005
333 -6.223258291685698E-006 1.164685456302691E-005
334 2.062775962978520E-005 -3.860414453963802E-005
335 2.059288220816989E-005 -3.853888301519811E-005
336 -1.709171975873248E-006 3.198641039753078E-006
337 4.008818543485837E-005 -7.502372478909346E-005
338 -3.293102260557109E-006 6.162930737355284E-006
339 4.317229485715829E-005 -8.079551102710700E-005
340 1.457259355814887E-005 -2.727206571986397E-005
341 -6.100711335200426E-005 1.141727664507875E-004
342 1.960741342601601E-004 -3.669461517689553E-004
343 2.720792985149598E-005 -5.091849783735556E-005
344 -3.100866297878715E-006 5.803497196012330E-006
345 3.845828436105035E-006 -7.197330801956686E-006
346 -3.930677092151350E-005 7.356133261066959E-005
347 1.243065029559067E-004 -2.326354024438036E-004
348 -1.088699587424721E-006 2.037465176321095E-006
349 8.695907549174406E-005 -1.627409725876828E-004
350 9.304894044284514E-006 -1.741380160643877E-005
351 1.300629351532145E-004 -2.434084120218461E-004
352 1.077343778562468E-004 -2.016212848339756E-004
353 2.639104502003693E-005 -4.938999151723954E-005
354 1.070248112126422E-005 -2.002939054237870E-005
355 -1.311202063876368E-005 2.453872050444978E-005
356 -1.314991180682767E-004 2.460962024876349E-004
357 2.239130093768538E-006 -4.190436396336057E-006
358 -3.254692420265156E-005 6.091047839659114E-005
359 -7.337530507944547E-006 1.373190678529459E-005
360 -2.144111596944203E-004 4.012632845490957E-004
361 5.511009836805973E-005 -1.031366977937277E-004
362 -9.735475217975014E-005 1.821961685462304E-004
363 -2.222910419981752E-004 4.160102613475734E-004
364 9.667334146378385E-006 -1.809194085296185E-005
365 4.499519297512899E-004 -8.420699597007913E-004
366 -3.094054404477613E-006 5.790418640601141E-006
367 -8.053245175278050E-006 1.507139642623036E-005
368 -1.308999321304804E-005 2.449745400563364E-005
369 -2.547756326769692E-004 4.768040653500168E-004
370 -5.194285311523548E-005 9.720931176042380E-005
371 -4.243426431242270E-004 7.941430309455289E-004
372 4.624210075442148E-006 -8.654082955592432E-006
373 3.154445232725718E-006 -5.903294072848880E-006
374 -3.607626339795944E-004 6.751551634749156E-004
375 5.746361023260782E-005 -1.075412052553307E-004
376 2.481554723084309E-004 -4.644146596399834E-004
377 -1.208655667457501E-004 2.261958579631248E-004
378 -2.241203621423953E-005 4.194344195270400E-005
379 -1.442539658065437E-005 2.699669160238965E-005
380 -4.406447907384440E-006 8.246536354064795E-006
381 -6.029146726450326E-006 1.128329569631918E-005
382 1.923914008264833E-004 -3.600540402570527E-004
383 3.249541889118385E-006 -6.081398981653332E-006
384 1.959214152802941E-004 -3.666603762311667E-004
385 9.585493462167370E-006 -1.793891479415559E-005
386 -2.260706833564661E-004 4.230836983851292E-004
387 8.327621057702611E-008 -1.558403293250935E-007
388 2.344585981847956E-004 -4.387814077861192E-004
389 4.210203414049993E-004 -7.879254212417370E-004
390 3.344441065839580E-006 -6.259046212992088E-006
391 7.599570401253447E-005 -1.422233950550685E-004
392 -4.634721992237780E-005 8.673729914298926E-005
393 -3.647469935613323E-004 6.826117425561801E-004
394 7.764776662484641E-006 -1.453152723001094E-005
395 4.475550177702636E-006 -8.375849152902230E-006
396 -1.537776981121568E-004 2.877898224529888E-004
397 1.513600497094202E-004 -2.832652994869514E-004
398 1.069567249954034E-006 -2.001648707775568E-006
399 -1.973406910503025E-005 3.693165424812809E-005
400 -7.162745772911948E-005 1.340483836718079E-004
401 4.185584228496050E-004 -7.833180203969956E-004
402 1.555507141117382E-005 -2.911078778721818E-005
403 -4.125704142268838E-004 7.721116586381110E-004
404 -1.910725761998242E-005 3.575861035991807E-005
405 9.228109606898665E-005 -1.727009982779353E-004
406 2.570094923775351E-006 -4.809948991580735E-006
407 -8.615373797639246E-007 1.612099335365207E-006
408 -1.408073789424082E-006 2.635134506124299E-006
409 3.094607542398926E-005 -5.791452462063941E-005
410 -7.221746849958497E-005 1.351525408025598E-004
411 1.920885233634848E-004 -3.594872341201250E-004
412 7.012802909115606E-005 -1.312422868686358E-004
413 1.620264463881741E-005 -3.032270877558287E-005
414 -2.161040615410677E-004 4.044315117779932E-004
415 3.763153078813563E-006 -7.042521948971290E-006
416 -1.529453587281541E-004 2.862321030480280E-004
417 -2.817346726441483E-004 5.272569948485284E-004
418 -1.686053531553275E-005 3.155392062377291E-005
419 -7.494748951465222E-006 1.402612337950894E-005
420 -6.935716648166745E-005 1.297996076503982E-004
421 6.088024386111754E-006 -1.139353288976718E-005
422 -3.178549653856806E-005 5.948548145757652E-005
423 -1.071298666562087E-006 2.004864200129780E-006
424 4.430795502766378E-004 -8.292084776855573E-004
425 3.135881881324801E-004 -5.868698057088712E-004
426 -1.297340700882018E-005 2.427929967137901E-005
427 4.247829581946702E-006 -7.949643512462128E-006
428 -7.798152277639629E-005 1.459398125885287E-004
429 3.960945235919829E-004 -7.412776288137346E-004
430 1.761545326394663E-005 -3.296673099949291E-005
431 4.322635067745727E-006 -8.089646517001752E-006
432 6.406195108653796E-005 -1.198897886410194E-004
433 2.272356021903116E-004 -4.252638148325794E-004
434 -1.109238617578512E-004 2.075902860400891E-004
435 1.442800443362445E-006 -2.700161864257053E-006
436 -5.638930761091011E-005 1.055306947800058E-004
437 -3.421460307688354E-004 6.403148087782036E-004
438 -2.634933267144227E-005 4.931184003383290E-005
439 8.384323588925778E-004 -1.569098043661504E-003
440 1.621856282881371E-005 -3.035248841165206E-005
441 3.475267973039940E-005 -6.503849494612713E-005
442 -5.848396096069380E-006 1.094509433734920E-005
443 -1.957652719036551E-004 3.663681339130008E-004
444 -3.193679637048667E-006 5.976839203802305E-006
445 -1.411305490487945E-005 2.641211383405476E-005
446 1.959231551410245E-004 -3.666636463827739E-004
447 -4.108731185631923E-004 7.689352673914020E-004
448 2.541231439890848E-005 -4.755830414053180E-005
449 1.238682688071584E-006 -2.318140104806929E-006
450 -2.134298453141526E-004 3.994267576359409E-004
451 1.338905680110317E-005 -2.505718529972744E-005
452 3.994983505184523E-004 -7.476477943364719E-004
453 -2.373414438762109E-006 4.441764301837675E-006
454 2.119648924067062E-006 -3.966858447210291E-006
455 2.496725881039926E-004 -4.672538754599514E-004
456 1.233733797673934E-004 -2.308891237287583E-004
457 4.923628526864025E-005 -9.214407649626606E-005
458 -9.555663999767365E-005 1.788310819824243E-004
459 2.143346210018736E-005 -4.011203060620600E-005
460 1.123723326415292E-007 -2.103158600805383E-007
461 -1.654550878575453E-004 3.096436716831640E-004
462 3.338862701487844E-006 -6.248557227257876E-006
463 -3.008033099097754E-005 5.629433690850121E-005
464 7.602314841645019E-006 -1.422747405128095E-005
465 -2.778174254256428E-005 5.199254664919035E-005
466 4.817091342106603E-004 -9.015024833306759E-004
467 -4.002847532894819E-004 7.491194933086740E-004
468 1.498639294799184E-005 -2.804652000056854E-005
469 -5.396993335625964E-004 1.010029209801866E-003
470 -1.123848188619989E-004 2.103243779122925E-004
471 -4.496265984582131E-004 8.414611041679844E-004
472 -3.745156146340734E-005 7.008933425926968E-005
473 9.168698719546622E-006 -1.715890351350921E-005
474 4.708030443585001E-004 -8.810920921944658E-004
475 -1.748176950089764E-005 3.271653904441139E-005
476 -2.529843732861008E-005 4.734516910958829E-005
477 -3.723846781866492E-005 6.969055312348663E-005
478 3.469998512541241E-004 -6.493986100936784E-004
479 -1.827872828786274E-005 3.420803408177213E-005
480 4.309387633224077E-004 -8.064874311263306E-004
481 1.099497007699775E-005 -2.057666925055659E-005
482 -1.837888834284889E-004 3.439547114905626E-004
483 3.874774119391380E-006 -7.251534495301445E-006
484 -5.533523556114624E-005 1.035580427216058E-004
485 -1.506845594048245E-004 2.820010993089858E-004
486 1.280814381592824E-005 -2.397003159544429E-005
487 -4.422434376523623E-004 8.276438178821135E-004
488 1.471315052503152E-004 -2.753517120961489E-004
489 8.861070776672639E-005 -1.658319835365937E-004
490 8.852742074827631E-004 -1.656760996713989E-003
491 -3.363316668693962E-005 6.294340837062671E-005
492 -1.558671033135751E-004 2.917000509637083E-004
493 4.989713002180029E-006 -9.338045807792783E-006
494 -1.185476654511187E-005 2.218584003038890E-005
495 -1.414019819783597E-004 2.646290620678537E-004
496 2.996741584774197E-004 -5.608301449209414E-004
497 2.280245826473582E-005 -4.267406501954574E-005
498 2.130892700437543E-005 -3.987886604470674E-005
499 4.159188918131108E-004 -7.783782184863467E-004
500 1.974552489043550E-004 -3.695308489864250E-004
501 4.730330220212501E-006 -8.852644190243062E-006
502 -1.048814437229998E-004 1.962820734316037E-004
503 -4.816444622819530E-004 9.013815081087890E-004
504 6.316177977384729E-005 -1.182051483552696E-004
505 -5.030578222892070E-004 9.414558022596959E-004
506 -1.614546038328613E-005 3.021570314582255E-005
507 1.519966433357917E-005 -2.844566204289811E-005
508 4.767238741057409E-005 -8.921725598956021E-005
509 1.018290155585117E-003 -1.905695720800299E-003
510 -2.152789096859410E-005 4.028877312618771E-005
511 1.328610768376334E-005 -2.486449992466729E-005
512 2.919840640887506E-006 -5.464406530735697E-006
513 3.045337463038739E-004 -5.699249161631450E-004
514 4.196852738701836E-004 -7.854267218540892E-004
515 4.765699050656666E-006 -8.918859657204805E-006
516 -5.536386798489509E-006 1.036121869747184E-005
517 -4.408317297235180E-004 8.250018028148033E-004
518 5.507652407646995E-004 -1.030738607574280E-003
519 -1.100769438122227E-005 2.060052277483477E-005
520 2.277509625147540E-005 -4.262280900136415E-005
521 6.395082551212760E-004 -1.196818379889168E-003
522 1.351191652399580E-004 -2.528709750557670E-004
523 -7.211172129000601E-004 1.349546743962832E-003
524 -1.050298909205698E-004 1.965599087290889E-004
525 1.217845462941317E-005 -2.279153738767008E-005
526 1.803706446518005E-004 -3.375576755564601E-004
527 3.554502530863979E-005 -6.652127423865969E-005
528 -9.675478361624731E-006 1.810734380867033E-005
529 2.181892546376784E-006 -4.083296918998806E-006
530 -1.664772112066385E-004 3.115564962685515E-004
531 -3.811700337237815E-004 7.133469796143319E-004
532 2.148054212702130E-005 -4.020012850202478E-005
533 -3.816412177746977E-004 7.142287654729069E-004
534 -2.385388097824160E-004 4.464173694299069E-004
535 -8.109548285384963E-005 1.517674839776614E-004
536 -8.405333362672353E-004 1.573029788175110E-003
537 -1.279510859234095E-004 2.394561948323847E-004
538 3.804140833104614E-007 -7.119612024134362E-007
539 3.737640479773470E-004 -6.994867969383465E-004
540 -8.878912621122678E-005 1.661659104819720E-004
541 4.803301920048904E-005 -8.989217760161123E-005
542 6.459478160965134E-004 -1.208869540049388E-003
543 -1.165927428930039E-006 2.182006653293307E-006
544 -7.399450298209117E-005 1.384782461348275E-004
545 -4.762687592439131E-004 8.913210366487104E-004
546 -6.975407129107560E-007 1.305409344544967E-006
547 -2.574396511531378E-004 4.817896894038122E-004
548 7.827225728282996E-006 -1.464838255539808E-005
549 4.396369109608865E-006 -8.227644569690079E-006
550 -3.559065202968804E-005 6.660672107570738E-005
551 -1.859301686606436E-006 3.479501354967850E-006
552 -2.503488846777232E-005 4.685195214232771E-005
553 -3.490690354764872E-004 6.532709871861851E-004
554 -9.089379957577088E-005 1.701047117665154E-004
555 8.317338691890824E-004 -1.556562201592644E-003
556 2.412539593204023E-004 -4.514987118870769E-004
557 -6.936869680935043E-004 1.298211856950191E-003
558 -3.343101733392379E-005 6.256495234464697E-005
559 3.523918438416555E-004 -6.594895092059262E-004
560 -5.941004882830106E-004 1.111839116016419E-003
561 -5.575107271415782E-005 1.043362855339947E-004
562 1.517758138615053E-003 -2.840433737084093E-003
563 1.422368379524131E-004 -2.661914301052983E-004
564 -1.377754154283459E-004 2.578420741209519E-004
565 -3.048362824995770E-005 5.704909156927064E-005
566 5.487552726832066E-004 -1.026977110386445E-003
567 1.320714022723502E-004 -2.471672105379639E-004
568 -1.491450985020213E-004 2.791200415201390E-004
569 -5.592976603725279E-004 1.046706944398263E-003
570 2.617948569875457E-006 -4.899380632328328E-006
571 4.537716859939406E-004 -8.492185228665431E-004
572 2.125845595856648E-004 -3.978448620595522E-004
573 -6.205103896716259E-004 1.161264396098715E-003
574 -1.707907877464748E-006 3.196231031653316E-006
575 1.440627394409146E-003 -2.696085906124057E-003
576 -1.901927327202242E-005 3.559392669881772E-005
577 5.586048079485231E-004 -1.045410179967000E-003
578 6.929830677650890E-004 -1.296894577447938E-003
579 2.789647290790874E-005 -5.220731324522451E-005
580 -6.984775267873337E-004 1.307177374757492E-003
581 8.671316483029157E-006 -1.622809004486087E-005
582 -2.988518711073636E-004 5.592913142337443E-004
583 4.579364765022911E-005 -8.570122369229488E-005
584 -8.622208533423725E-004 1.613617545690250E-003
585 7.449737176228220E-005 -1.394192902703082E-004
586 -5.848240217656555E-004 1.094478461223188E-003
587 -1.560735385632312E-004 2.920863979412046E-004
588 -7.574006071570029E-005 1.417449938248625E-004
589 4.692714544015496E-005 -8.782255510223416E-005
590 -5.272490982200285E-004 9.867289587026096E-004
591 -3.680278529031926E-005 6.887523582474001E-005
592 -4.150806809790723E-005 7.768095548881582E-005
593 2.560031412614017E-006 -4.791011494899374E-006
594 -2.546747078612894E-004 4.766151474284665E-004
595 3.955396529195367E-005 -7.402390584577290E-005
596 3.193473069849571E-004 -5.976478139081715E-004
597 -3.682182656117040E-005 6.891085281685277E-005
598 5.344478342757297E-004 -1.000201165071625E-003
599 -8.246935561802251E-006 1.543387615599870E-005
600 3.202223405524822E-006 -5.992885596009345E-006
601 -3.202017912636405E-004 5.992469041717678E-004
602 5.628708497877247E-004 -1.053394137866304E-003
603 1.485083455619250E-005 -2.779279883344812E-005
604 9.101013634351299E-005 -1.703224161362633E-004
605 -9.876377127499683E-006 1.848331993172698E-005
606 -5.363676720046226E-005 1.003794289819398E-004
607 3.634619773598504E-005 -6.802068970830729E-005
608 4.136219713179407E-005 -7.740796104448683E-005
609 9.456357550371991E-006 -1.769727048997607E-005
610 3.909809083572365E-006 -7.317085943596966E-006
611 -1.334608427046325E-004 2.497674749813028E-004
612 -6.151488759621546E-004 1.151230564642350E-003
613 2.673365219964833E-006 -5.003119448334698E-006
614 -1.941050505782472E-005 3.632612844096472E-005
615 9.845930084358138E-005 -1.842632820696732E-004
616 -3.092388155600846E-006 5.787299700646548E-006
617 -7.844505937617244E-006 1.468083367653852E-005
618 -4.423126743819254E-006 8.277719038732171E-006
619 3.440941166457555E-005 -6.439606845262150E-005
620 -5.225245203945493E-005 9.778871976905539E-005
621 2.791820341158600E-004 -5.224798488785789E-004
622 -1.279891743419739E-005 2.395290308445077E-005
623 6.036409299835690E-006 -1.129694223485635E-005
624 1.729191791742906E-004 -3.236124133985481E-004
625 1.098678097217971E-005 -2.056143275530841E-005
626 -1.207205553717337E-004 2.259244774450573E-004
627 7.241600809264052E-006 -1.355240340010415E-005
628 7.884398577638838E-006 -1.475540300277482E-005
629 -2.357844104558849E-004 4.412626212587381E-004
630 -2.079165008638995E-004 3.891087760538093E-004
631 -4.293947264436514E-006 8.035915139037006E-006
632 1.196981333416434E-006 -2.240169492671749E-006
633 -1.031636839644748E-004 1.930673904828824E-004
634 2.012243628511716E-005 -3.765849183680286E-005
635 -2.184886140834643E-005 4.088942547114338E-005
636 -5.809623201629976E-005 1.087251744927214E-004
637 8.106460980875668E-004 -1.517097176183644E-003
638 1.107430888004483E-006 -2.072483704998666E-006
639 1.008232457919778E-005 -1.886872435022018E-005
640 -2.778400220015280E-005 5.199682271470659E-005
641 -2.538584982435251E-004 4.750876989826950E-004
642 9.510036404189920E-006 -1.779771490031656E-005
643 2.104505857624378E-004 -3.938512456585220E-004
644 -1.091308738110008E-005 2.042346353473740E-005
645 2.180235345997989E-004 -4.080237301823793E-004
646 3.902560689127593E-006 -7.303545526709279E-006
647 1.703301194525902E-003 -3.187671380954592E-003
648 -8.039970535735475E-005 1.504652836408472E-004
649 1.806197624620042E-006 -3.380333121899128E-006
650 -2.852628423488804E-006 5.338788435095446E-006
651 -4.701453248967410E-004 8.798613182694436E-004
652 4.912469922388414E-007 -9.193327607787083E-007
653 -7.190498931299283E-004 1.345678290742995E-003
654 -9.003087287129912E-004 1.684897732303672E-003
655 -2.670230622147034E-006 4.997272849968228E-006
656 5.395831489849752E-007 -1.009828064450482E-006
657 1.195883443471842E-004 -2.238055832327589E-004
658 -1.438704853868573E-005 2.692486488007557E-005
659 -1.927780896331426E-005 3.607786854668539E-005
660 9.917416620146968E-005 -1.856010373560507E-004
661 -4.034805611637062E-007 7.550971758363844E-007
662 -9.771403441458713E-006 1.828687801056589E-005
663 2.692007572885287E-005 -5.037995129311514E-005
664 7.609112402861429E-007 -1.424047841463718E-006
665 1.934140033356916E-006 -3.619692739136876E-006
666 -7.412165227654745E-007 1.387219214652294E-006
667 -1.554071460060887E-006 2.908310193309167E-006
668 -2.187873727179679E-005 4.094533577040482E-005
669 5.287678403592523E-006 -9.895717712091033E-006
670 -1.848938535976169E-007 3.460149865935560E-007
671 -1.331418551381132E-004 2.491704870741914E-004
672 -2.504154569721645E-006 4.686329593475080E-006
673 -1.123537148893642E-004 2.102661509445451E-004
674 2.513669641424882E-006 -4.704136569185750E-006
675 -9.659457123121027E-006 1.807733464811271E-005
676 2.425884204154951E-004 -4.539960699443284E-004
677 -1.933002371652022E-006 3.617534627307050E-006
678 3.446801727194313E-005 -6.450578022882935E-005
679 8.935486509704813E-007 -1.672075291915645E-006
680 -2.587294301162216E-006 4.842033896572555E-006
681 1.888773233346774E-004 -3.534774652370015E-004
682 4.861379411180792E-005 -9.097908761712086E-005
683 1.092816606330344E-006 -2.045153171103349E-006
684 3.225745055477808E-005 -6.036876868300017E-005
685 1.134982992018007E-006 -2.124035249931319E-006
686 -2.187933270941710E-006 4.094648538646629E-006
687 5.091225857567219E-007 -9.528569379590163E-007
688 -1.168917930911558E-004 2.187590660222290E-004
689 -2.065509178659860E-006 3.865585898899120E-006
690 -1.062283520188540E-006 1.988040494436194E-006
691 5.301310800392734E-005 -9.921219857462396E-005
692 1.600973920800548E-004 -2.996168710919576E-004
693 -1.274517564738267E-006 2.385248949227916E-006
694 -4.375477797812014E-006 8.188528433266329E-006
695 -1.104690290777083E-004 2.067390661036745E-004
696 -1.259129867865185E-004 2.356419516707058E-004
697 -2.892154183947656E-004 5.412568422978417E-004
698 -1.788838899907680E-004 3.347752033416302E-004
699 4.015010298514951E-006 -7.513938408167004E-006
700 8.561500373013159E-005 -1.602255449042070E-004
701 -4.031018498292540E-006 7.543885473091849E-006
702 2.063012279692346E-004 -3.860858453123759E-004
703 8.542281161569219E-007 -1.598671056177605E-006
704 5.793409268544853E-004 -1.084216968500338E-003
705 -1.424968831162273E-004 2.666781813503902E-004
706 -4.832907236905065E-006 9.044633424917808E-006
707 -3.201152780896290E-005 5.990849842733929E-005
708 -6.218294250036632E-006 1.163733708544767E-005
709 1.045191011511755E-004 -1.956039844371819E-004
710 2.902761530535227E-005 -5.432422161340678E-005
711 -8.264456256322900E-007 1.546685995661747E-006
712 -4.578047669478307E-007 8.568260927623688E-007
713 2.011938385860279E-004 -3.765276028191045E-004
714 1.562469239839482E-005 -2.924107190430941E-005
715 -9.832638250034194E-007 1.840154109291998E-006
716 -2.789146235758380E-006 5.219782992351465E-006
717 -1.744692670949815E-005 3.265134245889986E-005
718 1.485238885296734E-006 -2.779205404810596E-006
719 1.358879785008606E-005 -2.543100184534606E-005
720 1.307795084720667E-006 -2.448061071833297E-006
721 -3.178047428770787E-007 5.943963955977696E-007
722 -3.041757954914773E-006 5.692347478835355E-006
723 -1.119584148573923E-006 2.095236872413747E-006
724 1.302533611570449E-005 -2.437648919650894E-005
725 -2.823097462661958E-006 5.283520743491153E-006
726 -1.809159890538539E-004 3.385782424863689E-004
727 2.069740653542332E-006 -3.873847609734867E-006
728 6.205622653070627E-005 -1.161361483382462E-004
729 1.446328923965578E-006 -2.706618683510785E-006
730 2.310551154200990E-004 -4.324118999255206E-004
731 -1.272593016145666E-006 2.381724618045716E-006
732 8.877975183182848E-005 -1.661482879333152E-004
733 -5.943854684020706E-006 1.112387798172090E-005
734 -1.360697244207379E-005 2.546503487830882E-005
735 -3.679494594553724E-004 6.886051045770613E-004
736 -3.809949245301859E-007 7.131752564384971E-007
737 1.283102073506419E-004 -2.401283325196366E-004
738 -6.617198539387639E-006 1.238406959116587E-005
739 3.377756858008311E-005 -6.321357055439708E-005
740 -2.015797579381043E-006 3.772468183300783E-006
741 1.430169083511033E-005 -2.676549860653357E-005
742 -3.541961260737988E-004 6.628661493528174E-004
743 -3.410951820837069E-006 6.383226198277352E-006
744 -3.498466680676680E-004 6.547262084749619E-004
745 -1.489879235324658E-005 2.788257913381076E-005
746 3.826271120602803E-004 -7.160737370430241E-004
747 1.529540845892234E-005 -2.862488680073212E-005
748 4.998781284562174E-004 -9.355052485539222E-004
749 2.546546839961216E-004 -4.765777711562355E-004
750 -5.242541541814291E-005 9.811219857695600E-005
751 -2.657424260827140E-006 4.973244338025238E-006
752 4.818346246947622E-004 -9.017373128160963E-004
753 -5.254364829581011E-009 9.828438698553906E-009
754 1.718331723779455E-004 -3.215797734294690E-004
755 6.878695416713409E-004 -1.287324784719666E-003
756 7.434533727133962E-006 -1.391374773130152E-005
757 1.435648244991653E-006 -2.686603878952880E-006
758 1.909346720968075E-004 -3.573276573698041E-004
759 2.283818200602784E-004 -4.274090652644836E-004
760 -1.025837611421909E-007 1.922593011344693E-007
761 -1.824492389067331E-007 3.414712860311231E-007
762 6.301300429152589E-006 -1.179258011851291E-005
763 3.071962962453606E-005 -5.749085055955290E-005
764 5.441476398922578E-004 -1.018354296465733E-003
765 -1.896671301404340E-005 3.549545010108447E-005
766 4.020427930892221E-004 -7.524093817025679E-004
767 5.168736118677723E-006 -9.673164494982873E-006
768 5.619772169528270E-007 -1.052069528544816E-006
769 -4.955678051234550E-004 9.274387395290120E-004
770 3.342803453443137E-006 -6.256016679577684E-006
771 1.264394697582250E-004 -2.366269578016460E-004
772 -4.127891589272921E-006 7.725124610651346E-006
773 2.360481888378160E-004 -4.417563401163540E-004
774 3.262270852272513E-006 -6.105198645686957E-006
775 4.008582664955940E-005 -7.501929643433619E-005
776 -3.970646481363183E-004 7.430930872202091E-004
777 -2.693059951516726E-004 5.039971492561308E-004
778 2.620883941117254E-006 -4.904842937318879E-006
779 -3.934025757840284E-004 7.362396904564357E-004
780 8.560081620759819E-004 -1.601990512448642E-003
781 5.344655330260079E-004 -1.000234212569080E-003
782 9.526148092388610E-009 -1.786127074729447E-008
783 1.252676156016191E-004 -2.344342520004201E-004
784 -4.751558827483333E-006 8.892291460371600E-006
785 -2.644994440232728E-004 4.950017244306409E-004
786 -2.177107717311177E-005 4.074360670327011E-005
787 4.764111257933799E-004 -8.915873163894427E-004
788 5.130191206419660E-006 -9.601065289646419E-006
789 1.302065185891514E-005 -2.436777148139872E-005
790 -5.983667799236983E-006 1.119824857140571E-005
791 1.230726923702385E-004 -2.303262932848400E-004
792 -4.088778805658742E-006 7.651878613935381E-006
793 2.507847948512181E-004 -4.693354572652920E-004
794 4.396760670099340E-006 -8.228396106994933E-006
795 2.840650297244599E-005 -5.316181034756859E-005
796 -2.632688329274762E-006 4.927079276777926E-006
797 7.892427574959628E-007 -1.477008805431982E-006
798 -2.121111889473162E-004 3.969591446458311E-004
799 1.010957462806756E-005 -1.891961337155802E-005
800 -2.417731689187323E-004 4.524704518049347E-004
801 -1.207625387101115E-005 2.260021734464055E-005
802 -1.022202809360426E-004 1.913018197787177E-004
803 1.539876395104106E-006 -2.881862146384643E-006
804 -1.244374436885445E-004 2.328805033579389E-004
805 -5.344278432137232E-006 1.000188675983454E-005
806 5.203189888237604E-004 -9.737598366405036E-004
807 8.662013204769380E-004 -1.621066586986019E-003
808 4.282736655336201E-006 -8.015012613578405E-006
809 1.288623651458200E-004 -2.411614219913304E-004
810 5.988978416572488E-006 -1.120803190235067E-005
811 2.790025044597446E-004 -5.221435606017645E-004
812 4.051780082933528E-006 -7.582804850603896E-006
813 2.907550953370194E-005 -5.441397116884307E-005
814 1.498854524493486E-006 -2.805018902203915E-006
815 1.256475722461831E-004 -2.351451219534582E-004
816 1.125074287871708E-006 -2.105540927678159E-006
817 2.382160799497083E-004 -4.458136912404581E-004
818 -2.433028347828840E-004 4.553330856815312E-004
819 -1.413996917244502E-004 2.646249648076118E-004
820 -1.220882872747549E-005 2.284858059146547E-005
821 3.225096578097648E-004 -6.035660711980733E-004
822 8.425992907992675E-006 -1.576883087464703E-005
823 -2.011808606501164E-006 3.764889771197188E-006
824 7.202853321326644E-006 -1.347983741081948E-005
825 4.164358826185421E-004 -7.793456773852279E-004
826 4.196705793686583E-006 -7.854019710186640E-006
827 2.335436674347481E-004 -4.370697074121545E-004
828 4.010719255896583E-007 -7.503087000515473E-007
829 -9.402933312753688E-005 1.759726021825747E-004
830 -4.430366969832780E-005 8.291274378249108E-005
831 3.787568638897669E-005 -7.088269836755563E-005
832 2.038216696121744E-006 -3.814183711081449E-006
833 -3.152631834358614E-004 5.900041887326145E-004
834 -7.062583378105776E-006 1.321737302435934E-005
835 -2.268695445458342E-006 4.245673426162163E-006
836 -7.238682717417864E-004 1.354694765921920E-003
837 -5.258380445911330E-007 9.840720476252809E-007
838 -6.167971778526093E-005 1.154315030995436E-004
839 7.402106480940919E-006 -1.385263409618965E-005
840 -2.676675868349540E-004 5.009315622332437E-004
841 -1.642215972557578E-004 3.073353506692644E-004
842 2.679985047536368E-005 -5.015504012615674E-005
843 3.734787922832888E-004 -6.989531249088631E-004
844 6.102970974457012E-005 -1.142149700932274E-004
845 5.333701000183414E-006 -9.981612918389514E-006
846 4.984355471135264E-006 -9.327841407120380E-006
847 1.795551007698789E-006 -3.360228308773810E-006
848 -7.904818113728366E-005 1.479359095073329E-004
849 -1.345493217736606E-006 2.517793963615962E-006
850 -3.421671959408783E-004 6.403541900948814E-004
851 7.480638318494170E-006 -1.399961616839690E-005
852 -5.572240040352966E-006 1.042841452367265E-005
853 3.255381741236622E-004 -6.092336578136035E-004
854 9.450787453132285E-006 -1.768671630097741E-005
855 4.599458134406554E-005 -8.607716021314987E-005
856 -2.337123046710644E-006 4.374001356925098E-006
857 -4.796504520776079E-005 8.976494715888366E-005
858 -1.821884957873600E-006 3.409792477063056E-006
859 7.201780652545135E-006 -1.347790794570380E-005
860 -1.705881979083481E-004 3.192500616852339E-004
861 2.015041745637802E-004 -3.771083097697157E-004
862 -3.111614103671651E-007 5.824309775136436E-007
863 6.244900576457888E-005 -1.168712202199506E-004
864 1.428874216351354E-005 -2.674083964735776E-005
865 -2.018868611533141E-004 3.778244581210794E-004
866 -5.774958231895497E-006 1.080726686851892E-005
867 -1.036963565744481E-004 1.940643406033439E-004
868 7.308597513260053E-006 -1.367796797533696E-005
869 1.364028763960497E-006 -2.552333039613885E-006
870 -5.266119792516999E-005 9.855359073363031E-005
871 -1.847344544662792E-004 3.457240913069588E-004
872 -2.472861041841146E-006 4.627663747384983E-006
873 2.193753941947367E-004 -4.105536127298417E-004
874 -5.965236373564570E-006 1.116371851830111E-005
875 1.050737823804219E-005 -1.966416433728463E-005
876 -1.412415701548281E-005 2.643298873110320E-005
877 -6.213092711689841E-004 1.162759692520741E-003
878 -1.181124414728575E-005 2.210457484072283E-005
879 -1.316646181856949E-006 2.464022763951798E-006
880 5.160805692784259E-005 -9.658264656544026E-005
881 -4.025170439805954E-006 7.532709473385941E-006
882 2.887341697814487E-004 -5.403564291280288E-004
883 -1.866508490334441E-006 3.493276199027276E-006
884 -7.876244397592225E-005 1.474012112295214E-004
885 -4.949251599618907E-005 9.262378055019881E-005
886 -5.192958830022265E-006 9.718063481110033E-006
887 -1.819817721852315E-004 3.405727607776882E-004
888 1.483561446880536E-004 -2.776436308379125E-004
889 -3.530026762448047E-006 6.606151863270541E-006
890 -7.127393489327972E-006 1.333842982196947E-005
891 2.334142216842906E-005 -4.368258197526822E-005
892 -4.783914473701592E-004 8.952934521552574E-004
893 2.504039071614318E-005 -4.686249438522908E-005
894 1.038701633672084E-005 -1.943855522904152E-005
895 1.051479304604673E-005 -1.967805157545379E-005
896 6.858859838303029E-006 -1.283595275358419E-005
897 -7.831993671468719E-006 1.465741369992095E-005
898 -1.026438934907079E-006 1.920887056892551E-006
899 2.099905121773042E-004 -3.929902181520227E-004
900 3.696971886055724E-006 -6.918974973651802E-006
901 -5.018613048776466E-004 9.392162804242618E-004
902 2.840695928204334E-005 -5.316250696421311E-005
903 -1.129020129860791E-004 2.112921278400052E-004
904 -3.613979318255737E-004 6.763443147424121E-004
905 -3.548651501694208E-006 6.641385105171195E-006
906 -5.997627804273778E-005 1.122439409876476E-004
907 3.332416384057310E-005 -6.236508837195882E-005
908 -7.416806607940395E-006 1.388017148347095E-005
909 3.194212692817654E-005 -5.977875749670615E-005
910 -1.492702742585171E-006 2.793510754852714E-006
911 -2.948156818369839E-005 5.517354942477381E-005
912 -1.219007062271876E-004 2.281331068518977E-004
913 3.331379734200243E-005 -6.234566854751048E-005
914 8.559213136581206E-005 -1.601827761712933E-004
915 1.621124857182007E-004 -3.033881411878041E-004
916 -2.152071502273449E-004 4.027531174129596E-004
917 1.799914454378103E-005 -3.368503005149482E-005
918 -2.484160256647015E-006 4.648918146687864E-006
919 -4.044397806537267E-004 7.568953410476085E-004
920 -7.705618557112657E-006 1.442067840844141E-005
921 -5.888934611996265E-005 1.102092277719548E-004
922 -1.319891366737226E-004 2.470133848469601E-004
923 -2.841859409710288E-004 5.318444254059276E-004
924 1.720482558191910E-005 -3.219845565331180E-005
925 1.581682288812271E-006 -2.959862730378106E-006
926 -1.318252552992725E-004 2.467064094107085E-004
927 1.476656095933245E-005 -2.763474347146956E-005
928 -9.950236590914323E-005 1.862151550203253E-004
929 1.043678125279993E-009 -1.947028073693326E-009
930 7.582758894880233E-006 -1.419066995692391E-005
931 -9.591167035445775E-005 1.794954945154105E-004
932 1.500844643532291E-004 -2.808781138897127E-004
933 8.669183686920778E-006 -1.622395895469235E-005
934 1.468137184848628E-004 -2.747564131455493E-004
935 6.789143545153912E-006 -1.270563619862177E-005
936 -3.759929569549967E-005 7.036590865245950E-005
937 -6.761641502418271E-007 1.265373252661141E-006
938 6.750926662333138E-005 -1.263413994183971E-004
939 -1.812499231431804E-005 3.392032296925120E-005
940 5.380379937573179E-006 -1.006916186503657E-005
941 -1.329457425411250E-004 2.488035701430747E-004
942 -5.911622755385994E-006 1.106391655875299E-005
943 -1.270905429746482E-004 2.378455055978878E-004
944 -2.158073755157044E-006 4.038563249888374E-006
945 6.032820162666777E-005 -1.129022343704431E-004
946 6.548728822088876E-006 -1.225593121582773E-005
947 4.067209274087676E-006 -7.611697364783394E-006
948 -7.691376578397741E-006 1.439432542951951E-005
949 1.394816172858984E-004 -2.610352146885867E-004
950 1.974389306073103E-005 -3.695006781595109E-005
951 3.137102400940457E-007 -5.873252577482853E-007
952 2.276052097065969E-004 -4.259554166888510E-004
953 -7.249821890098416E-007 1.356774439607294E-006
954 -2.452989649841944E-005 4.590695579432447E-005
955 9.013099090960113E-008 -1.686916216615465E-007
956 -1.626492756366126E-004 3.043929407446451E-004
957 2.444372956168688E-005 -4.574593915024512E-005
958 3.723299522228771E-004 -6.968030556547061E-004
959 -2.834466456720520E-006 5.304782122071350E-006
960 1.701110031109070E-004 -3.183572630192479E-004
961 -7.608752359605285E-007 1.423703989235911E-006
962 1.822001007022514E-004 -3.409813594555704E-004
963 -4.630470111394647E-005 8.665772092152592E-005
964 2.088577020549595E-004 -3.908700077357777E-004
965 -2.582557024276574E-005 4.833173511595099E-005
966 -2.618405800111352E-004 4.900258787670790E-004
967 -3.808138913386806E-006 7.126871644956135E-006
968 6.619028866763335E-006 -1.238722295873125E-005
969 -2.065148597578592E-006 3.864926654104584E-006
970 -1.722247702075491E-004 3.223128044336217E-004
971 -3.194409506557690E-006 5.978214920615548E-006
972 -4.320710011330528E-005 8.086068237111103E-005
973 -2.219272702899740E-004 4.153295446798165E-004
974 3.452546810251743E-005 -6.461337526063828E-005
975 1.938255553005576E-006 -3.627299602979643E-006
976 6.893012763300973E-005 -1.290003479501652E-004
977 -3.408685472451183E-004 6.379242434057821E-004
978 1.098658994470901E-006 -2.055820237967279E-006
979 4.630803952400626E-005 -8.666392356651643E-005
980 -7.260090928602561E-006 1.358707207040282E-005
981 -2.402097464709623E-004 4.495445379104556E-004
982 -9.307955141361780E-005 1.741952575894072E-004
983 -9.594483039700402E-005 1.795573909446003E-004
984 -3.555184158252252E-006 6.653571556206191E-006
985 -3.947175494789039E-007 7.387969100857661E-007
986 -2.640449644596857E-004 4.941513451608215E-004
987 1.175468765141033E-005 -2.199841440866547E-005
988 4.829072860145473E-005 -9.037411349773272E-005
989 -1.263966405579357E-006 2.365458111232014E-006
990 -8.390623862418247E-006 1.570295292268463E-005
991 2.295704073388065E-007 -4.295951044504740E-007
992 -2.480936964195408E-004 4.642992499772717E-004
993 -1.280029119020807E-006 2.395859229266333E-006
994 -2.025035440226785E-006 3.789919785551662E-006
995 -1.580615281260061E-006 2.958087155957842E-006
996 1.389138185549347E-004 -2.599726414855184E-004
997 -1.233404425405537E-004 2.308277384628681E-004
998 1.206559151218058E-005 -2.258034420217655E-005
999 6.736047850943520E-006 -1.260627029704415E-005
1000 2.041730121398979E-006 -3.821282999350050E-006
1001 -3.953699877282506E-005 7.399221208436239E-005
1002 -3.589180605396745E-005 6.717029406741823E-005
1003 4.409476158559890E-006 -8.252569675495560E-006
1004 -1.412314230624533E-004 2.643100784724066E-004
1005 1.793515391301128E-004 -3.356504423473895E-004
1006 2.485377049603996E-004 -4.651299659028202E-004
1007 -6.112321699823643E-005 1.143898026535346E-004
1008 -2.037186223016810E-007 3.811765297776056E-007
1009 -3.647536556536066E-006 6.826243345497583E-006
1010 -6.995520280669515E-006 1.309187384378941E-005
1011 2.215197312267877E-005 -4.145686762679211E-005
1012 3.289729669709520E-005 -6.156623849216006E-005
1013 -9.644328300404077E-006 1.804907281541324E-005
1014 -1.512215700815699E-004 2.830059453995425E-004
1015 6.944154418046539E-006 -1.299576274523322E-005
1016 -8.003596272619859E-005 1.497847462580356E-004
1017 1.936683461704728E-005 -3.624409465019662E-005
1018 9.741365460103491E-005 -1.823068518494479E-004
1019 7.191200055666922E-006 -1.345837354755193E-005
1020 3.995607945863347E-006 -7.477244142339558E-006
1021 5.370548380840198E-006 -1.005078402485606E-005
1022 -2.020537172338158E-004 3.781361789581915E-004
1023 8.453681467069996E-005 -1.582079197591624E-004
1024 1.985210518232635E-006 -3.714963799888880E-006
1025 2.003526320767273E-004 -3.749531334424662E-004
1026 -3.405692087577540E-006 6.373569654171993E-006
1027 -9.064888562927894E-005 1.696463655714343E-004
1028 3.408627151834948E-006 -6.379014936857370E-006
1029 -1.457113057378648E-004 2.726938613728135E-004
1030 6.858110161183566E-006 -1.283528924274322E-005
1031 -3.762433267954966E-005 7.041271225378318E-005
1032 6.795338604100903E-005 -1.271723608808431E-004
1033 -9.550777526523026E-005 1.787396029491515E-004
1034 -1.021598752681545E-006 1.911996725871460E-006
1035 -3.620178178457105E-006 6.775210013898012E-006
1036 -1.209955866154825E-005 2.264383732646161E-005
1037 -1.268804432261749E-004 2.374525379936627E-004
1038 -4.498155844736119E-005 8.418158107228305E-005
1039 -4.657836571178501E-006 8.716870120439976E-006
1040 1.517530379922994E-004 -2.840005760384763E-004
1041 -1.283386527215761E-006 2.401839532562428E-006
1042 1.451191972588131E-004 -2.715857706680758E-004
1043 1.994531092722730E-005 -3.732666533690493E-005
1044 -8.336303471600321E-005 1.560107799307539E-004
1045 -2.464502186518741E-006 4.612363021385374E-006
1046 5.208701001372319E-008 -9.769653188236801E-008
1047 3.067694404743357E-006 -5.741614732468238E-006
1048 6.335792699537241E-005 -1.185722734728564E-004
1049 3.288956465844897E-006 -6.155244349902906E-006
1050 1.828252862135146E-006 -3.421422665162188E-006
1051 -7.851773040360417E-005 1.469431595570464E-004
1052 -3.315830164733771E-006 6.205430476253987E-006
1053 -5.318960152362526E-005 9.954245466307054E-005
1054 1.594444456586443E-004 -2.983953650193712E-004
1055 -1.245805959637277E-004 2.331485228309715E-004
1056 -1.107634259082648E-004 2.072899629752300E-004
1057 4.028304273325634E-006 -7.538956774764506E-006
1058 -3.091113104168501E-006 5.785087212342299E-006
1059 -1.839059455461083E-004 3.441738299325574E-004
1060 -2.253233162145386E-004 4.216847671538584E-004
1061 -1.738186879547396E-004 3.252959174377649E-004
1062 -2.168774306799643E-005 4.058813830178887E-005
1063 4.952188559753553E-005 -9.267868026015263E-005
1064 2.568765064592794E-007 -4.807243061396370E-007
1065 2.176941355508786E-006 -4.074068311298884E-006
1066 2.243720551452193E-007 -4.198373998874233E-007
1067 1.321483391602630E-005 -2.473116429188105E-005
1068 6.000550927770735E-005 -1.122982661901176E-004
1069 1.186789915566395E-006 -2.221033925964066E-006
1070 -3.418283014435990E-006 6.397124046586539E-006
1071 -2.300994591986247E-004 4.306233291182074E-004
1072 2.675598788553571E-006 -5.007264166581672E-006
1073 -3.306516847044434E-005 6.188000966619055E-005
1074 -2.830891592938701E-005 5.297892073623153E-005
1075 3.231177483034566E-005 -6.047030761305822E-005
1076 -3.365354142613740E-007 6.297626513473404E-007
1077 2.658796739477684E-006 -4.975799056666311E-006
1078 7.805074568237295E-005 -1.460693641240762E-004
1079 1.453908761987343E-006 -2.720874117212524E-006
1080 -3.308279323378690E-005 6.191345081091921E-005
1081 4.097985903317928E-006 -7.669468905557295E-006
1082 -1.364385088308685E-006 2.553396139656926E-006
1083 4.608228031672422E-005 -8.624201185177776E-005
1084 -5.085200925253337E-006 9.516652120674094E-006
1085 9.129681695321354E-007 -1.708756277912494E-006
1086 -1.351779791165789E-004 2.529810163484737E-004
1087 1.850864479817405E-004 -3.463831135358575E-004
1088 -9.387617800925266E-005 1.756866452386663E-004
1089 -3.879904983468679E-006 7.260870699650020E-006
1090 -5.023192418048978E-007 9.399699336519992E-007
1091 2.471692424990096E-005 -4.625688532810627E-005
1092 -3.447879265800755E-005 6.452576170607772E-005
1093 2.335672425256361E-006 -4.371374296303523E-006
1094 5.950478290101208E-005 -1.113613953160522E-004
1095 -2.537815724232893E-006 4.749401388192972E-006
1096 5.459025053112158E-005 -1.021637920691611E-004
1097 1.819402332359365E-004 -3.404949824045263E-004
1098 -8.860146705442769E-005 1.658148598613752E-004
1099 3.393107449623878E-006 -6.350154698367239E-006
1100 5.802713164936045E-006 -1.085939219759310E-005
1101 3.974616349289180E-006 -7.438116670887063E-006
1102 4.804108910564525E-006 -8.990905144518345E-006
1103 3.732457842168971E-005 -6.985160468344229E-005
1104 4.455400887883074E-006 -8.337946200680672E-006
1105 -6.413460621535986E-005 1.200256777433404E-004
1106 -1.860947544265261E-006 3.482905544207987E-006
1107 -5.860417555142175E-006 1.096736345915356E-005
1108 6.844174621890869E-005 -1.280863662891665E-004
1109 3.991087619893787E-005 -7.469183850835664E-005
1110 -1.380861230845929E-005 2.584226444144396E-005
1111 1.161928528456014E-004 -2.174512691058692E-004
1112 -2.447818888149246E-007 4.581864836749142E-007
1113 2.823500751357317E-005 -5.284096719277685E-005
1114 2.496591024696086E-004 -4.672287477554964E-004
1115 5.472006228275783E-006 -1.024079375145939E-005
1116 4.084009516028422E-005 -7.643087487462942E-005
1117 -2.439176043414193E-006 4.564899433091628E-006
1118 -2.016134316140219E-005 3.773113452205339E-005
1119 1.122671686356175E-005 -2.101048340137548E-005
1120 -2.053677696542517E-004 3.843389776769729E-004
1121 7.584299597044953E-006 -1.419378774091586E-005
1122 -2.839488312152591E-006 5.314239556177125E-006
1123 1.140855925772478E-005 -2.135083909226774E-005
1124 -1.539664051697183E-006 2.881429530752136E-006
1125 -1.377524384778895E-005 2.577996682560234E-005
1126 2.532424420836237E-005 -4.739370497605123E-005
1127 3.630451002423728E-006 -6.794411542300170E-006
1128 -1.621969359616515E-004 3.035460560458975E-004
1129 8.326066231520049E-005 -1.558196809385974E-004
1130 1.973322836052747E-005 -3.692983181140928E-005
1131 -1.181401382912340E-004 2.210953552722906E-004
1132 3.315109123908663E-006 -6.204154406090745E-006
1133 9.410019922911233E-007 -1.761005832094393E-006
1134 -1.425428969934819E-005 2.667629174581850E-005
1135 2.676304712683794E-005 -5.008614227810178E-005
1136 1.683912167910844E-005 -3.151393860836054E-005
1137 -2.075440079899827E-005 3.884108165676250E-005
1138 -3.658017836419351E-006 6.845907011690569E-006
1139 7.855655402249104E-005 -1.470159662755218E-004
1140 2.987850839012604E-006 -5.591733602925813E-006
1141 -1.555631438889378E-005 2.911311130053801E-005
1142 -3.329842588336963E-006 6.231372733473709E-006
1143 -9.545560569333530E-005 1.786419124461800E-004
1144 -1.309937231635852E-006 2.451685834714635E-006
1145 2.457923686499531E-006 -4.599663198054108E-006
1146 9.214029318508662E-007 -1.724388023097128E-006
1147 -1.674469810292308E-005 3.133714887656681E-005
1148 -8.625051027882842E-005 1.614150892919108E-004
1149 -1.021891884272923E-005 1.912394667713054E-005
1150 -2.254498385440149E-004 4.219219051259852E-004
1151 -8.328285853666620E-007 1.558527671073548E-006
1152 1.231728684761399E-004 -2.305138042646295E-004
1153 -1.933032819821440E-006 3.617292855291856E-006
1154 -1.473128183871034E-005 2.756941322164359E-005
1155 1.745042172292995E-004 -3.265786276297828E-004
1156 1.067276162630394E-005 -1.997362470865760E-005
1157 1.477028313307259E-004 -2.764207671396352E-004
1158 8.963798937946723E-006 -1.677569174795603E-005
1159 -5.641650949689083E-005 1.055813554496746E-004
1160 5.322880092659713E-007 -9.960380149327674E-007
1161 4.763590895093826E-007 -8.914458125662371E-007
1162 -6.760420748168628E-005 1.265190253209817E-004
1163 -1.287825976427203E-006 2.410150059425787E-006
1164 -3.493861087841656E-007 6.537662412416078E-007
1165 -1.337790926684653E-004 2.503630489760105E-004
1166 1.326065596852989E-004 -2.481686409485158E-004
1167 -8.993696966863121E-006 1.683110426615823E-005
1168 6.695102272344181E-005 -1.252966904160366E-004
1169 2.654702110838464E-006 -4.968332558368145E-006
1170 -1.780540539305540E-005 3.332220505552654E-005
1171 -1.780798282140528E-004 3.332707484815539E-004
1172 5.508230546813717E-005 -1.030847137244656E-004
1173 2.137197348046662E-004 -3.999691270400425E-004
1174 6.985599854843486E-005 -1.307330763311477E-004
1175 -2.615023707012478E-004 4.893927319217518E-004
1176 -1.589016294315124E-005 2.973777252630198E-005
1177 5.220819557637324E-005 -9.770593952112606E-005
1178 -5.273959609642495E-006 9.870074053986812E-006
1179 3.007745686067841E-006 -5.628908769664249E-006
1180 -1.332141265622671E-004 2.493057642893344E-004
1181 6.116017765202502E-006 -1.144578760852374E-005
1182 -6.505192144049674E-006 1.217421666899970E-005
1183 -1.250757109566617E-004 2.340748298979177E-004
1184 -9.472801980689023E-006 1.772811702303563E-005
1185 1.931107273903021E-005 -3.614015081193170E-005
1186 -2.623991248701553E-006 4.910582912143613E-006
1187 -5.380611339535444E-006 1.006959126041575E-005
1188 2.507647968246021E-005 -4.692980553044966E-005
1189 -7.010375747344930E-006 1.311974246011612E-005
1190 1.445463374592456E-004 -2.705136368418880E-004
1191 3.198610357937231E-005 -5.986086660523698E-005
1192 -5.328509657091611E-006 9.972136967994677E-006
1193 5.227698057087302E-006 -9.783417453848078E-006
1194 -2.333129390889501E-005 4.366380496509350E-005
1195 4.741222216830364E-005 -8.873038394762944E-005
1196 4.717597193689197E-006 -8.828775527676677E-006
1197 8.928881249495435E-006 -1.671013195074338E-005
1198 8.959294249726462E-005 -1.676701458954567E-004
1199 -1.435459826760771E-005 2.686411075036394E-005
1200 -1.450739130474639E-004 2.715009118124162E-004
1201 -9.763775394199823E-006 1.827261563043928E-005
1202 1.189939822555580E-005 -2.226941345836922E-005
1203 5.639604537171068E-006 -1.055434055362552E-005
1204 -2.461691968483556E-004 4.606974811159534E-004
1205 6.059310507244712E-005 -1.133978567563575E-004
1206 1.034036842737636E-004 -1.935164605554937E-004
1207 -5.317306738151465E-007 9.948896854214490E-007
1208 1.893553121876744E-004 -3.543719033933563E-004
1209 -3.667400823415761E-005 6.863420859738906E-005
1210 -3.927619490844604E-006 7.350278142092964E-006
1211 1.455302166531083E-006 -2.723688075127714E-006
1212 1.189879101838492E-005 -2.226819575332152E-005
1213 -3.913057684170908E-006 7.323142722064979E-006
1214 1.525961413950054E-005 -2.855755964840664E-005
1215 4.432346406483756E-005 -8.294994892985518E-005
1216 2.470232037264003E-005 -4.622977634871378E-005
1217 3.960204582106177E-005 -7.411409081892359E-005
1218 -6.538295895852017E-005 1.223621301205199E-004
1219 3.493905795037669E-005 -6.538713986781274E-005
1220 -1.311189439663026E-004 2.453847230789831E-004
1221 9.710567334784627E-006 -1.817275273171380E-005
1222 -6.564627546732853E-005 1.228547481509725E-004
1223 2.777203822805272E-005 -5.197438734435073E-005
1224 -4.431677223325651E-006 8.293733796054195E-006
1225 6.472237698690258E-006 -1.211262833279162E-005
1226 -3.202782004261117E-006 5.993945646685848E-006
1227 -8.055934977792814E-005 1.507639347031641E-004
1228 3.648851860727916E-005 -6.828713198036210E-005
1229 6.893397818943561E-006 -1.290114440891448E-005
1230 2.806156948946667E-005 -5.251632579264334E-005
1231 -1.187682229727511E-004 2.222707489435643E-004
1232 9.253407034131964E-006 -1.731731839729740E-005
1233 -1.123530129648286E-006 2.102654811228156E-006
1234 4.759435555029528E-005 -8.907112808726629E-005
1235 -2.365524321030947E-005 4.426996185500807E-005
1236 5.760987374052323E-006 -1.078167795026501E-005
1237 -1.053928549448151E-004 1.972391261893734E-004
1238 -1.120493129647351E-004 2.096965021761719E-004
1239 1.447866603349645E-005 -2.709617122573484E-005
1240 5.500079162956300E-006 -1.029305425695207E-005
1241 1.191437240934793E-004 -2.229735883305568E-004
1242 3.015819602727244E-006 -5.644068188419825E-006
1243 -2.493564544193343E-006 4.666623819408366E-006
1244 1.099589468090468E-005 -2.057858745753403E-005
