 # The norm of the isolated state is   3456000.01298392     
 # I think there should be     3456000 i.e.    100.000000375692      %
1 -1.350087873936039E-003 2.526643929554773E-003
2 -1.494035398638622E-005 2.795921539024886E-005
3 -1.109699930072516E-003 2.076766875352650E-003
4 -4.370735069576715E-007 8.171396192422553E-007
5 5.960459372578763E-007 -1.115022118549715E-006
6 4.737802071890964E-003 -8.866637306002990E-003
7 2.317097174307827E-003 -4.336370304238325E-003
8 4.450097921114491E-005 -8.328271021512363E-005
9 -1.772527493606666E-003 3.317226263284685E-003
10 3.161820357661558E-005 -5.917238999103820E-005
11 3.741069612092149E-004 -7.001286166442417E-004
12 -1.195278010282130E-002 2.236922752780934E-002
13 4.724569313710199E-006 -8.841856334038721E-006
14 2.737203326545276E-003 -5.122584274650197E-003
15 4.841503475290434E-004 -9.060711427316335E-004
16 -1.203298201059329E-004 2.251932251011837E-004
17 -9.780216579310371E-004 1.830334732489130E-003
18 3.186117743166339E-005 -5.962711310348886E-005
19 -4.550396172218681E-005 8.515915615391544E-005
20 2.393751364470856E-003 -4.479825433078879E-003
21 -2.200283193047292E-005 4.117756983253890E-005
22 1.387225843717634E-004 -2.596151325861396E-004
23 -4.376686188851634E-005 8.190816287963723E-005
24 4.341908906096975E-003 -8.125736940831154E-003
25 9.459024909736630E-003 -1.770224798210639E-002
26 1.331095347478304E-004 -2.491119463578341E-004
27 7.003177250143211E-003 -1.310621138262623E-002
28 -6.741136444067644E-005 1.261583306485693E-004
29 1.703177985023955E-003 -3.187440617961516E-003
30 4.762621942186104E-003 -8.913087271225676E-003
31 8.419302973020614E-005 -1.575645106606341E-004
32 1.007285530911410E-005 -1.885124545925895E-005
33 -2.433858117089628E-003 4.554883853769314E-003
34 -3.061630673664717E-004 5.729742908816205E-004
35 -2.229300633646532E-003 4.172061397208168E-003
36 4.689856778529726E-005 -8.776864046529305E-005
37 6.715758963734545E-004 -1.256831697801110E-003
38 2.256361041985706E-004 -4.222704991212278E-004
39 -4.490189358300220E-004 8.403239548209015E-004
40 5.786114392941511E-003 -1.082851907024768E-002
41 5.780372319195211E-004 -1.081777453349655E-003
42 3.232677527840704E-002 -6.049847600568191E-002
43 -1.236048800914001E-002 2.313223902549629E-002
44 2.427575966351063E-004 -4.543126794331431E-004
45 8.165825807203131E-005 -1.528206905775902E-004
46 -7.695081395485507E-003 1.440108685952779E-002
47 -2.572616131623175E-004 4.814565103145738E-004
48 2.323831119878643E-005 -4.348972330853136E-005
49 -1.072788861468706E-002 2.007688405166665E-002
50 -1.359287983839800E-002 2.543861910389430E-002
51 -6.205054397089636E-004 1.161255232446578E-003
52 -6.292236777481642E-003 1.177571031646649E-002
53 3.263342073776429E-005 -6.107254906931799E-005
54 -8.011273619884126E-003 1.499282984668499E-002
55 -4.029928730360698E-004 7.541876604379529E-004
56 -9.426326484461274E-005 1.764105050477329E-004
57 3.161394198059412E-004 -5.916443621678099E-004
58 1.572758330317164E-003 -2.943364352671020E-003
59 -8.614949131157158E-005 1.612258863659768E-004
60 3.601377197674750E-006 -6.739858694841352E-006
61 -3.587955515606471E-004 6.714737209324375E-004
62 -9.838252313401287E-006 1.841196324793257E-005
63 2.584612491874108E-004 -4.837014022612119E-004
64 -7.425160188196103E-006 1.389592943260030E-005
65 -4.212321479576183E-005 7.883216824997460E-005
66 1.039345806010440E-004 -1.945101269568202E-004
67 3.150749955878605E-005 -5.896520473059291E-005
68 7.661512820239245E-005 -1.433826564073421E-004
69 -3.882090079634144E-004 7.265201808365859E-004
70 -1.351254919820650E-002 2.528828270668039E-002
71 4.518539502808259E-004 -8.456295842951932E-004
72 -1.352498727994385E-005 2.531155415503623E-005
73 7.900985544175343E-003 -1.478642969311250E-002
74 8.160131287534782E-003 -1.527141222107191E-002
75 -2.335360169050125E-004 4.370548333662773E-004
76 1.203890013455767E-003 -2.253039814023374E-003
77 -1.180831484215461E-004 2.209886169699057E-004
78 1.063780235666873E-002 -1.990829015699520E-002
79 7.708666962695410E-004 -1.442651212749432E-003
80 5.911020283298356E-004 -1.106227622285289E-003
81 -9.030420186394975E-003 1.690012869866616E-002
82 1.708987642575502E-002 -3.198313122270497E-002
83 -3.377665560566190E-003 6.321187818316307E-003
84 6.147564692307007E-003 -1.150496112777891E-002
85 -1.901015010394021E-004 3.557685452995331E-004
86 1.993721120903386E-002 -3.731182257444836E-002
87 -2.085490642335626E-003 3.902925849392247E-003
88 -2.118457295108547E-004 3.964621358116699E-004
89 -3.093657930180660E-004 5.789677328284607E-004
90 -1.367269533131255E-002 2.558799115935222E-002
91 1.428376413985279E-002 -2.673158560059082E-002
92 5.219283572460662E-004 -9.767714325128402E-004
93 -1.125034959309074E-004 2.105465392110790E-004
94 -3.171694748218236E-005 5.935727214450191E-005
95 1.699814906268514E-002 -3.181146617369483E-002
96 -8.032584978733803E-003 1.503271356482531E-002
97 1.459813193579070E-004 -2.731991399867187E-004
98 7.259822664876197E-005 -1.358652030254307E-004
99 -6.261963689143565E-004 1.171905546441588E-003
100 -3.092363893368357E-003 5.787255355832723E-003
101 4.718548958489080E-003 -8.830606256263657E-003
102 -1.582083449896443E-002 2.960816111106115E-002
103 3.350978733491869E-003 -6.271244371814785E-003
104 -1.485963591221940E-004 2.780931189273678E-004
105 1.657329084164748E-003 -3.101635824185104E-003
106 -2.105311703145723E-002 3.940020274192895E-002
107 -7.046395146418557E-004 1.318709242968825E-003
108 4.436667939874183E-005 -8.303069402534224E-005
109 -1.110497751992325E-002 2.078259307258260E-002
110 -1.742763608816574E-004 3.261523385641776E-004
111 -4.187279648107797E-006 7.836356031318919E-006
112 -5.587549020094250E-003 1.045691069223113E-002
113 1.538481776045501E-002 -2.879217063735563E-002
114 1.138996190666511E-003 -2.131593166801381E-003
115 -1.079172905032577E-004 2.019636073244498E-004
116 -3.054512252159548E-003 5.716417291837176E-003
117 -9.410945761382382E-005 1.761226785779457E-004
118 1.106564915774428E-003 -2.070899149008801E-003
119 -1.111262312621462E-004 2.079689855095891E-004
120 2.825484515418588E-004 -5.287799573638651E-004
121 1.307892205626695E-002 -2.447676434089155E-002
122 -2.410411622651819E-004 4.511004634740728E-004
123 -2.835409841663379E-003 5.306374504656466E-003
124 1.940963043764305E-004 -3.632447154067179E-004
125 6.517085915706143E-003 -1.219650781238768E-002
126 -1.019534709556942E-004 1.908025084286606E-004
127 -2.365356123909253E-004 4.426684691341092E-004
128 -3.294246859526639E-003 6.165072552518762E-003
129 -6.482014976760424E-004 1.213087395564132E-003
130 -6.908026795863948E-006 1.292812317031370E-005
131 -7.814308931044420E-004 1.462421707916208E-003
132 -1.718724239112668E-005 3.216534009897522E-005
133 -6.678510654382075E-005 1.249860453724963E-004
134 -6.892833490957963E-005 1.289970715955750E-004
135 5.203607934584037E-006 -9.738402778081284E-006
136 4.146833605184530E-003 -7.760660081593206E-003
137 2.412372219682402E-003 -4.514673740745222E-003
138 -9.165654961742445E-005 1.715321720053124E-004
139 -2.202125024477090E-004 4.121203135232022E-004
140 -3.828067703492615E-003 7.164100300156567E-003
141 -9.272990133738345E-005 1.735409014010938E-004
142 -3.206898944334143E-003 6.001603797603533E-003
143 -1.046648284914652E-004 1.958766830167653E-004
144 1.649272080178680E-002 -3.086557412700078E-002
145 -2.970225235687071E-003 5.558676929788017E-003
146 1.471494051688802E-005 -2.753851627516297E-005
147 -1.107641475318587E-002 2.072913895962877E-002
148 1.138384426601677E-004 -2.130448545188931E-004
149 -1.199907340180382E-002 2.245586366263417E-002
150 -3.204248680176893E-004 5.996644076124003E-004
151 -5.421216101276425E-004 1.014562379959200E-003
152 -2.237646943954379E-003 4.187681239576427E-003
153 -5.289459822754051E-003 9.899046732774202E-003
154 -1.732926884634045E-004 3.243114599062878E-004
155 6.847081464708572E-003 -1.281408340159433E-002
156 2.641554823308537E-004 -4.943581443505790E-004
157 4.140243062321554E-005 -7.748326234134724E-005
158 -5.825420297007770E-003 1.090207883398588E-002
159 6.975064493868683E-003 -1.305359933793848E-002
160 -9.253556956965236E-004 1.731772161794487E-003
161 1.470374486726487E-004 -2.751757082756232E-004
162 -4.854164291456095E-005 9.084405345838353E-005
163 4.648689626664389E-003 -8.699866762543562E-003
164 -3.136730940634375E-003 5.870286829304038E-003
165 -9.774714242068081E-004 1.829305024175239E-003
166 1.062442644926106E-004 -1.988325694330945E-004
167 -2.159004116648089E-003 4.040503815781360E-003
168 -1.274784088527660E-004 2.385715869024918E-004
169 -1.056375660581076E-005 1.976969565014618E-005
170 9.526081970513316E-003 -1.782774302676577E-002
171 8.321191383767354E-005 -1.557282691965885E-004
172 1.793743673668776E-004 -3.356931085173298E-004
173 1.188221283885465E-003 -2.223716304853597E-003
174 5.772132364627842E-003 -1.080235215679029E-002
175 4.657330208737560E-004 -8.716037264057425E-004
176 -1.438812014077449E-003 2.692688428345969E-003
177 -1.275853904395798E-003 2.387717813119381E-003
178 4.716741737359646E-003 -8.827224062069264E-003
179 -3.363338790267867E-003 6.294375776192049E-003
180 2.676298591952677E-004 -5.008603232242284E-004
181 -7.648207281929542E-003 1.431336349809419E-002
182 -5.363947728870890E-004 1.003844837041066E-003
183 3.029700098019186E-004 -5.669980645149348E-004
184 4.401994763849704E-003 -8.238185634542164E-003
185 1.254372772118136E-004 -2.347517192426278E-004
186 -1.807725928232360E-003 3.383098497646472E-003
187 -2.863706644667282E-002 5.359330973433211E-002
188 5.426491694139976E-004 -1.015549757882943E-003
189 -1.530492831883421E-002 2.864266021613013E-002
190 2.026340918481969E-004 -3.792228969565759E-004
191 -4.310164980533992E-002 8.066329209472231E-002
192 3.876825958875053E-003 -7.255349797025706E-003
193 -1.635123860328271E-002 3.060079483476687E-002
194 -1.304454610237496E-003 2.441243088159482E-003
195 1.035886089787944E-002 -1.938626083626064E-002
196 6.435430733335855E-002 -0.120436927976606
197 1.791391597391180E-002 -3.352529315633807E-002
198 1.714559856504989E-002 -3.208741283134538E-002
199 -3.601950295481385E-003 6.740929210900682E-003
200 -0.396697314732429 0.742405728323037
201 1.272710878496049E-004 -2.381836069858352E-004
202 2.064899146731254E-002 -3.864389523380172E-002
203 -5.044404686985554E-002 9.440434278862669E-002
204 4.722633934773185E-002 -8.838251050508565E-002
205 -2.941533646941661E-003 5.504981602931791E-003
206 -0.197230092844779 0.369109506301018
207 1.213520698083786E-003 -2.271063311626759E-003
208 3.430814338953406E-002 -6.420653995291800E-002
209 2.555983691322331E-002 -4.783437786512084E-002
210 -3.972435997961413E-005 7.434279216808864E-005
211 1.274019371909141E-002 -2.384284537145513E-002
212 1.638721937842059E-003 -3.066813172396819E-003
213 2.516862967381615E-002 -4.710224657560562E-002
214 -6.349960680834633E-003 1.188373853030007E-002
215 -8.373468059259922E-003 1.567066475906711E-002
216 1.430549803197899E-003 -2.677225946776354E-003
217 3.667951050459315E-004 -6.864447522810859E-004
218 7.904999276740949E-003 -1.479394097205948E-002
219 -1.471636833204798E-004 2.754118817835209E-004
220 -5.463058291619424E-004 1.022393024456866E-003
221 1.171967030275900E-003 -2.193297050880644E-003
222 1.525875514014285E-002 -2.855624870697228E-002
223 -3.525667010456841E-003 6.598167578891230E-003
224 4.148577507812705E-004 -7.763923553017674E-004
225 -2.987897700079106E-004 5.591750654376143E-004
226 -7.532484545846106E-003 1.409679226885277E-002
227 -7.797393175699829E-003 1.459255993428531E-002
228 -2.062478721053647E-002 3.859859778743498E-002
229 1.917201394272907E-005 -3.587975421927025E-005
230 1.398528741859802E-002 -2.617299653432776E-002
231 1.083645589418917E-003 -2.028006361405397E-003
232 -2.565999249061640E-004 4.802181393418365E-004
233 -5.609357589009581E-003 1.049772467561458E-002
234 3.491052318423540E-003 -6.533387391909864E-003
235 -1.460605103796378E-004 2.733473672704303E-004
236 8.954691426859483E-003 -1.675840476803002E-002
237 1.723899083511847E-004 -3.226219308049364E-004
238 2.268720353951399E-003 -4.245834058655544E-003
239 3.787813743401805E-004 -7.088766573480316E-004
240 -4.033458035455199E-003 7.548481503361445E-003
241 -3.225758780292433E-004 6.036899396842834E-004
242 -2.762179001467740E-003 5.169325392089288E-003
243 -1.268378188609996E-003 2.373727247148361E-003
244 -4.590128851170942E-003 8.590272253767184E-003
245 2.313053116668131E-004 -4.328801325560684E-004
246 -5.425804698322375E-004 1.015421252997196E-003
247 -1.060016541562528E-002 1.983785417601859E-002
248 -3.994165043020465E-005 7.474937292292392E-005
249 2.305967585066670E-003 -4.315541025142298E-003
250 8.817089941468219E-005 -1.650088945481966E-004
251 3.101733101690762E-003 -5.804789468129325E-003
252 -3.794248756041587E-003 7.100809339829858E-003
253 4.500241251569690E-004 -8.422051199468340E-004
254 1.564758772328587E-003 -2.928393578484050E-003
255 -4.585070772573019E-003 8.580806220036872E-003
256 3.468276155457673E-004 -6.490762529288684E-004
257 -1.137768294895014E-004 2.129295010325362E-004
258 -8.004856139888020E-005 1.498082165921393E-004
259 -4.907814557933082E-003 9.184810403476460E-003
260 9.246563396993993E-006 -1.730458319070925E-005
261 2.068696148309635E-003 -3.871495523093365E-003
262 4.196373719652458E-004 -7.853372618488184E-004
263 -2.454017466230200E-004 4.592611234455516E-004
264 -2.048061312607997E-004 3.832879021502682E-004
265 1.877640073061784E-003 -3.513940432619109E-003
266 -2.355835043108618E-003 4.408866306269734E-003
267 -7.524892452819320E-004 1.408258337968069E-003
268 -2.097064737319933E-003 3.924586464891595E-003
269 -5.838952578144302E-003 1.092740396681727E-002
270 -2.290073047958881E-005 4.285794236789843E-005
271 -8.788939395534455E-004 1.644820536031109E-003
272 4.191120829696093E-003 -7.843542174217080E-003
273 -5.131763183113243E-005 9.603924869147786E-005
274 2.824985371360718E-003 -5.286865407887247E-003
275 1.354055266739956E-003 -2.534069026959820E-003
276 -4.623813265894091E-003 8.653311520120818E-003
277 8.516575436551279E-004 -1.593848530045813E-003
278 -1.638133137176350E-004 3.065711243567263E-004
279 4.270684444808237E-004 -7.992442665939242E-004
280 5.600386355672602E-003 -1.048093526888813E-002
281 1.737692561920122E-003 -3.252033401368262E-003
282 4.461530758378862E-003 -8.349605237651138E-003
283 7.059345196271255E-004 -1.321132693892026E-003
284 2.624893530160010E-004 -4.912400406889094E-004
285 -2.569068189802401E-003 4.807924953692181E-003
286 7.846538879192885E-003 -1.468453441425085E-002
287 1.116098014785807E-003 -2.088740002925047E-003
288 3.438618471397317E-005 -6.435259809061144E-005
289 4.704203370869685E-003 -8.803758883466704E-003
290 -9.644535418096731E-004 1.804942444169003E-003
291 -5.157950531696896E-003 9.652931477834584E-003
292 5.717304756591115E-004 -1.069974377316930E-003
293 2.833023007477506E-003 -5.301907562357142E-003
294 8.120874477110056E-004 -1.519794445470676E-003
295 -7.079331301628189E-005 1.324873091719809E-004
296 2.174493601113550E-004 -4.069492484398093E-004
297 1.542100581004796E-004 -2.885989358264699E-004
298 4.840003465474451E-003 -9.057904194452805E-003
299 9.256983357137422E-006 -1.732413899334465E-005
300 1.046627993973339E-003 -1.958729226151759E-003
301 -3.819421523532517E-003 7.147919362055467E-003
302 -2.773830935840204E-005 5.191131379710775E-005
303 -1.045888051425952E-004 1.957343265759142E-004
304 -6.230827482316634E-003 1.166078473848372E-002
305 4.691173641826612E-003 -8.779374160335446E-003
306 2.642744923275803E-004 -4.945808449399775E-004
307 -9.756316791295804E-004 1.825862000022365E-003
308 -3.905690096306538E-004 7.309368255018542E-004
309 -1.812803965171392E-003 3.392601858129049E-003
310 -7.070536822494315E-005 1.323227373505314E-004
311 5.657733088940520E-005 -1.058825841776019E-004
312 -7.991515935111191E-003 1.495585412443184E-002
313 -5.374446693372959E-005 1.005809019977992E-004
314 5.228105213653677E-003 -9.784223598702201E-003
315 -4.155468683265285E-003 7.776820306378661E-003
316 -1.234075852661357E-004 2.309531132934139E-004
317 3.041156604166617E-004 -5.691421951995035E-004
318 -1.242017409307077E-003 2.324393944489799E-003
319 1.230564242521288E-004 -2.302959522088349E-004
320 -8.783342044430706E-006 1.643755673579265E-005
321 -2.263183214754457E-003 4.235471502098948E-003
322 -7.731226783639610E-003 1.446873167544037E-002
323 -5.256514404735078E-004 9.837390545043118E-004
324 4.572557670406254E-003 -8.557388351352908E-003
325 4.017976479842490E-003 -7.519508256740689E-003
326 3.114318932465992E-004 -5.828343518645701E-004
327 1.543522224108909E-003 -2.888650099833750E-003
328 -3.532504847783234E-004 6.610964371631828E-004
329 -4.767584453534953E-005 8.922374907192379E-005
330 8.662154046259367E-005 -1.621092791364582E-004
331 -5.624052084601692E-003 1.052522488801927E-002
332 -3.262464984667390E-004 6.105593807285301E-004
333 1.948762285149051E-004 -3.647042506517964E-004
334 -4.296033462443273E-003 8.039882602914281E-003
335 -2.508061839857376E-003 4.693753645447461E-003
336 -2.374110204199058E-004 4.443067547284400E-004
337 1.367986029830543E-003 -2.560139961754196E-003
338 -7.092152583075877E-005 1.327272421062079E-004
339 8.182175247907163E-004 -1.531266670833857E-003
340 4.326619042420226E-004 -8.097122307226387E-004
341 -2.154319896473449E-003 4.031737436379285E-003
342 -4.331659254290578E-003 8.106555078605620E-003
343 -6.900212976462991E-004 1.291351675383275E-003
344 -2.326853801504838E-005 4.354632433282218E-005
345 3.299766967026367E-004 -6.175403461141478E-004
346 -2.774614753972721E-003 5.192598496263403E-003
347 3.054976394648308E-003 -5.717285899849781E-003
348 -5.741878114995839E-005 1.074573262777269E-004
349 3.781563531084461E-003 -7.077069362501915E-003
350 1.008045864103886E-004 -1.886524073535737E-004
351 -5.500681239510510E-004 1.029434050338374E-003
352 -5.478675631394788E-004 1.025315783444048E-003
353 -2.576654826658002E-003 4.822123106236015E-003
354 -2.868629783853716E-006 5.368513361562660E-006
355 -1.341880508809120E-005 2.511281063627276E-005
356 -1.465526754405361E-003 2.742684189578847E-003
357 1.657712638605665E-005 -3.102350557134005E-005
358 -3.783442002862750E-004 7.080584791832238E-004
359 3.662062017698559E-005 -6.853426324891318E-005
360 3.063760224059546E-003 -5.733724511771106E-003
361 -1.455455078802746E-003 2.723835355216252E-003
362 9.891210579347672E-004 -1.851106872597697E-003
363 1.941324998322742E-003 -3.633124624633272E-003
364 1.225296620468526E-004 -2.293101496657148E-004
365 3.298298387587218E-003 -6.172654815375760E-003
366 -6.785024967093930E-005 1.269794573055412E-004
367 -1.854658459882052E-004 3.470931315699637E-004
368 -7.016404937480715E-005 1.313096719213743E-004
369 4.256959696251665E-004 -7.966757262572404E-004
370 7.515124735162575E-004 -1.406430403223393E-003
371 -1.523375016818883E-003 2.850945305510558E-003
372 -1.092198161321098E-005 2.044013918789775E-005
373 1.645614781267992E-004 -3.079712008890867E-004
374 -3.840898249291781E-003 7.188112284925286E-003
375 1.964208544173060E-003 -3.675950431593307E-003
376 7.656478795668460E-003 -1.432884339833005E-002
377 -1.662895060163985E-003 3.112052364227952E-003
378 -3.640957357457126E-004 6.813929710976385E-004
379 1.869990750862801E-004 -3.499624935226647E-004
380 -4.444020620835393E-005 8.316835236605029E-005
381 -1.749853787543728E-004 3.274792843409131E-004
382 4.828920710990374E-003 -9.037163199980403E-003
383 -3.827446029694390E-005 7.162936870634760E-005
384 4.148028081524497E-003 -7.762895498894092E-003
385 1.753706925304591E-004 -3.282003638532290E-004
386 -2.345741109597772E-003 4.389975849408785E-003
387 1.429462792663234E-005 -2.675190713315023E-005
388 4.827450708418786E-003 -9.034412170474538E-003
389 5.596453590734994E-003 -1.047357523604866E-002
390 2.719000297088999E-005 -5.088516363130240E-005
391 8.191764814746601E-004 -1.533061330640039E-003
392 -2.432330918139826E-004 4.552026408884278E-004
393 -1.891234510822027E-003 3.539381985085186E-003
394 4.661778419629790E-005 -8.724363240676014E-005
395 1.051757443552843E-004 -1.968328895641174E-004
396 -1.317673666633292E-003 2.465982082676526E-003
397 3.132781848852399E-003 -5.862896214325230E-003
398 -1.236038410026424E-005 2.313203947338668E-005
399 -6.401802835289112E-004 1.198075940156922E-003
400 -2.531551539410704E-003 4.737713826094473E-003
401 3.114187392729215E-003 -5.828097298041179E-003
402 1.669435676005107E-004 -3.124292823257241E-004
403 -1.703006935097330E-003 3.187120436141304E-003
404 -7.424934479956309E-005 1.389551592228298E-004
405 6.471756280890598E-004 -1.211167478930509E-003
406 -1.051519318135292E-005 1.967883603236042E-005
407 4.351184745222727E-005 -8.143099651434406E-005
408 2.958848460603438E-006 -5.537374393899565E-006
409 3.161395824928613E-003 -5.916446305570824E-003
410 7.444269363006198E-004 -1.393170042977636E-003
411 7.643220433727458E-004 -1.430403059016047E-003
412 2.820194172881917E-004 -5.277899173690768E-004
413 5.788176766139795E-005 -1.083237655364076E-004
414 -1.128200375238007E-003 2.111389182971752E-003
415 3.093194130340057E-005 -5.788807498177080E-005
416 -3.710065013736661E-004 6.943262362003437E-004
417 -2.414920275105370E-003 4.519442367119754E-003
418 -1.356218427058853E-004 2.538117274797395E-004
419 6.985011230072860E-006 -1.307218782214613E-005
420 9.120478959127484E-004 -1.706867052605871E-003
421 4.864511064947738E-006 -9.103765614324682E-006
422 -2.654824068346880E-004 4.968414185521867E-004
423 -1.050186193870883E-005 1.965391087494047E-005
424 -5.082190083450376E-004 9.511148376096705E-004
425 -3.946161957649899E-004 7.385109852567164E-004
426 -5.884593169766971E-006 1.101282612756664E-005
427 1.663246560867290E-005 -3.112711847964450E-005
428 1.203900033318954E-004 -2.253058562074931E-004
429 4.848078343263030E-003 -9.073016104955886E-003
430 1.593688582505855E-004 -2.982534745643597E-004
431 1.012564819560515E-004 -1.894981145133971E-004
432 2.182119952577424E-004 -4.083764210489124E-004
433 -7.502129544556146E-004 1.403998370991184E-003
434 -1.114420640960424E-003 2.085600851491044E-003
435 -2.165200985326538E-004 4.052101150725330E-004
436 -5.579254901814606E-003 1.044138844922032E-002
437 -1.564532229105325E-003 2.927969584149019E-003
438 -3.155341495394893E-005 5.905118287316925E-005
439 5.196284223043037E-003 -9.724671575345494E-003
440 1.513113895053967E-005 -2.831742988914699E-005
441 1.496808188256968E-004 -2.801226263293820E-004
442 -7.221918482543951E-005 1.351557764306936E-004
443 -1.271077228801363E-003 2.378778430388961E-003
444 -1.313313533502252E-004 2.457822378738965E-004
445 9.530594992445257E-005 -1.783618785674176E-004
446 2.927163057041941E-003 -5.478087499104712E-003
447 2.167444683212351E-003 -4.056300035425166E-003
448 -9.448772360384478E-005 1.768306109316691E-004
449 -6.047696085821000E-005 1.131806169984702E-004
450 -3.063338738843087E-003 5.732935755362560E-003
451 -8.536641510431825E-005 1.597603915090669E-004
452 8.442138814472340E-004 -1.579917967105492E-003
453 1.587940076531563E-004 -2.971776610768477E-004
454 1.110942848748533E-004 -2.079092295268386E-004
455 3.486182347156835E-003 -6.524273395153458E-003
456 2.333276817345116E-003 -4.366649339759446E-003
457 1.068593404368185E-003 -1.999836703795897E-003
458 7.706755056314793E-005 -1.442293463271058E-004
459 -6.622370623293447E-005 1.239354582403653E-004
460 7.395893906005251E-005 -1.384116761773255E-004
461 -2.816589269840720E-003 5.271152390603591E-003
462 1.399415133927190E-005 -2.618958835696119E-005
463 1.279897496071281E-003 -2.395285261871301E-003
464 -2.411262141407921E-006 4.512626788771995E-006
465 4.235512284649076E-005 -7.926624220615084E-005
466 8.006694473754503E-004 -1.498426022933971E-003
467 -4.671974344750899E-003 8.743443363986100E-003
468 -8.237907486555692E-006 1.541695992787586E-005
469 -2.973892977989564E-003 5.565541017867185E-003
470 -5.308873444258175E-004 9.935378297287873E-004
471 -3.813351684463107E-003 7.136559849547068E-003
472 -1.543838918102469E-003 2.889242765856887E-003
473 -2.593616767786553E-007 4.853828638369821E-007
474 4.249459289905362E-003 -7.952720616427478E-003
475 -2.341380702090454E-004 4.381815525420666E-004
476 9.251000440951692E-004 -1.731293714629757E-003
477 -1.976873180967167E-004 3.699651840194195E-004
478 2.082119629669779E-003 -3.896617106813070E-003
479 -1.821388161190876E-004 3.408666828324296E-004
480 3.519776707916804E-003 -6.587144099641119E-003
481 1.117738957463615E-004 -2.091810533125723E-004
482 -3.921668562194706E-004 7.339271373627609E-004
483 7.315844771516695E-006 -1.369134417801960E-005
484 -1.864843479961518E-003 3.489992060481180E-003
485 -4.584418001693904E-003 8.579584616683509E-003
486 -1.925100765941670E-004 3.602761732716616E-004
487 7.843236155567128E-005 -1.467835760698798E-004
488 3.232118803253896E-003 -6.048801981812966E-003
489 6.472947590967413E-004 -1.211390430180712E-003
490 5.883990120711523E-003 -1.101169033801698E-002
491 -2.764097033898763E-004 5.172915106009970E-004
492 2.958079251620041E-003 -5.535946143006319E-003
493 4.311920432314201E-005 -8.069621068170002E-005
494 4.020718195686911E-005 -7.524637788732684E-005
495 -1.020121651406676E-003 1.909123459705137E-003
496 2.166155919474720E-003 -4.053888193514587E-003
497 1.876054613738605E-004 -3.510973285514548E-004
498 1.964094745467980E-004 -3.675737222054733E-004
499 4.117190104481846E-003 -7.705183231917768E-003
500 -5.841773844163095E-004 1.093268341651988E-003
501 8.159941321032227E-005 -1.527105605630860E-004
502 1.648333491143099E-004 -3.084800813804152E-004
503 7.504136209757593E-004 -1.404373971247044E-003
504 2.736120212487289E-004 -5.120557158659015E-004
505 -2.129863072771658E-003 3.985967459670531E-003
506 -5.999167076489382E-005 1.122723925827327E-004
507 7.018630995830961E-005 -1.313513216622937E-004
508 1.783719779198430E-004 -3.338171824027303E-004
509 3.681836110554619E-003 -6.890432763327086E-003
510 1.372069324386638E-003 -2.567782233389710E-003
511 1.569969621408474E-005 -2.938146268509175E-005
512 -7.668793956321970E-007 1.435124979767554E-006
513 2.883063591212388E-003 -5.395556867568016E-003
514 4.642562989354938E-003 -8.688400963403942E-003
515 4.275149134682807E-005 -8.000799838772001E-005
516 -1.190643171193041E-005 2.228252567742733E-005
517 -3.148923923748422E-003 5.893105544084535E-003
518 1.819706814293529E-003 -3.405520176357097E-003
519 1.877611284143753E-005 -3.513888485752026E-005
520 1.765956616668274E-003 -3.304928599814865E-003
521 2.579084895232912E-004 -4.826669234831112E-004
522 8.539362075370065E-005 -1.598113063196243E-004
523 -2.460820899397848E-003 4.605343741890581E-003
524 -2.959538268967002E-004 5.538676655422476E-004
525 1.613023180282404E-005 -3.018720234612091E-005
526 1.024108027159105E-003 -1.916583807867972E-003
527 1.844618290054175E-004 -3.452140946659163E-004
528 -1.266430628973630E-004 2.370082686822442E-004
529 -7.076251059938009E-005 1.324296355151427E-004
530 -2.693073711720651E-003 5.039997177744342E-003
531 1.092707910706064E-003 -2.044966244012106E-003
532 8.370836900208757E-005 -1.566574024449829E-004
533 -1.286456279064541E-003 2.407559799996043E-003
534 3.043278603170959E-004 -5.695394010505439E-004
535 -3.532518010065189E-004 6.610989219278157E-004
536 -3.713176127129182E-003 6.949084681231310E-003
537 -2.012596143240570E-003 3.766506191186670E-003
538 4.622701306737614E-005 -8.651230395016213E-005
539 3.249070489573946E-003 -6.080526524620398E-003
540 -7.394845547233920E-004 1.383920541168505E-003
541 2.566246573083181E-003 -4.802644401955607E-003
542 2.931153915387164E-003 -5.485556264062626E-003
543 -2.347726382138135E-005 4.393690138888529E-005
544 2.443047913210335E-003 -4.572082268280636E-003
545 -3.446398157027758E-003 6.449818669633902E-003
546 -8.700276042702218E-005 1.628227401481130E-004
547 -2.462717613113981E-003 4.608893452196820E-003
548 4.424812567272624E-005 -8.280888626332964E-005
549 2.044115259870993E-005 -3.825492890657230E-005
550 1.811196972103456E-004 -3.389594465031747E-004
551 -1.505273118169562E-004 2.817068060745149E-004
552 -2.982316811155613E-005 5.581308950637385E-005
553 1.230235395355957E-003 -2.302344299079074E-003
554 2.263930897388929E-004 -4.236870475474718E-004
555 6.005266342825995E-003 -1.123865460373713E-002
556 1.192179488180323E-003 -2.231123943386866E-003
557 -3.449141445314329E-003 6.454952704844991E-003
558 -1.013692052484929E-004 1.897090554152722E-004
559 9.039033131451682E-004 -1.691624729042044E-003
560 -1.315382565182888E-003 2.461694365932888E-003
561 -2.298044037851356E-004 4.300712329049030E-004
562 4.874693380931521E-003 -9.122825240424839E-003
563 4.470103905078670E-004 -8.365649524787232E-004
564 1.092060919938755E-003 -2.043755400377982E-003
565 -4.149348007409307E-005 7.765367644380253E-005
566 1.194479578698277E-003 -2.235428432990490E-003
567 3.419824991716667E-004 -6.400087474542429E-004
568 -1.055351772866837E-003 1.975055498200191E-003
569 -3.839664829859445E-003 7.185804036175571E-003
570 4.493643198957740E-005 -8.409704496459814E-005
571 1.937499830821458E-003 -3.625965984543487E-003
572 9.264487682138193E-004 -1.733817816936796E-003
573 -2.041850101198170E-003 3.821254065125203E-003
574 -5.314064763418887E-007 9.945045471050552E-007
575 5.578910533190934E-003 -1.044074401227923E-002
576 -3.381128607881498E-005 6.327667161132777E-005
577 1.194462850302078E-003 -2.235397094948285E-003
578 1.396889163372177E-003 -2.614231327477611E-003
579 7.095876610203666E-005 -1.327969067937399E-004
580 -3.292087420196247E-003 6.161031181959328E-003
581 1.082323925281975E-005 -2.025533127491391E-005
582 -1.360543084719022E-003 2.546210805216017E-003
583 2.084858995218884E-004 -3.901743571458702E-004
584 -4.046968843515275E-003 7.573766402766740E-003
585 3.556346204268688E-004 -6.655582775892657E-004
586 -3.321866272371281E-003 6.216761265809886E-003
587 -8.448518658473336E-004 1.581111929456379E-003
588 7.434052416888002E-004 -1.391257975203261E-003
589 -1.782669984876850E-004 3.336207026732457E-004
590 -5.025759160910850E-004 9.405539130387528E-004
591 -2.224773872823350E-005 4.163592906397530E-005
592 -2.884267075250742E-004 5.397809130412183E-004
593 1.536361305743051E-005 -2.875248683427752E-005
594 -1.460431357711087E-003 2.733148309118077E-003
595 1.771705449830595E-004 -3.315687501718026E-004
596 1.760499427558864E-003 -3.294715673406044E-003
597 -1.873792889800955E-004 3.506740633880708E-004
598 2.567537582357830E-003 -4.805060566448572E-003
599 -3.571823175734634E-005 6.684547773908836E-005
600 1.768847612666042E-005 -3.310339974653196E-005
601 -1.723442192767016E-003 3.225364229073952E-003
602 3.285628690392410E-003 -6.148943924603740E-003
603 7.733929794057613E-005 -1.447378986235481E-004
604 5.702666777325505E-004 -1.067234940343054E-003
605 -5.613114923584385E-005 1.050475629405020E-004
606 -7.494550882202741E-004 1.402580106547728E-003
607 3.963002678486046E-004 -7.416626656060297E-004
608 3.827332868047417E-004 -7.162725138356810E-004
609 1.246879002629369E-004 -2.333492215604825E-004
610 2.575641250776466E-005 -4.820226726532110E-005
611 -1.478798608615481E-003 2.767522018998887E-003
612 -3.923417582429391E-003 7.342544632330600E-003
613 2.163010126181121E-005 -4.048001083824590E-005
614 -1.238088545112335E-004 2.317041243124854E-004
615 1.059394375934187E-003 -1.982621019161423E-003
616 -1.204878959010866E-005 2.254889395354633E-005
617 -6.081598255435798E-005 1.138151053103582E-004
618 -1.963199454324216E-004 3.674061907993931E-004
619 9.121709395348144E-004 -1.707097333060153E-003
620 -1.180797802930551E-004 2.209823617642919E-004
621 6.156936917809529E-004 -1.152250039960708E-003
622 3.324922762092572E-006 -6.222455935172342E-006
623 -1.433461588089845E-005 2.682674827032909E-005
624 7.315997054344776E-004 -1.369164324633203E-003
625 9.746908447754011E-006 -1.824102890276737E-005
626 -1.696530049162495E-004 3.174999167387065E-004
627 3.917507656880841E-005 -7.331486790245467E-005
628 5.388995922147600E-005 -1.008532998821223E-004
629 -2.089161731844072E-003 3.909796167376542E-003
630 -1.248476907460875E-003 2.336482694640029E-003
631 -6.742927289629133E-006 1.261913777004699E-005
632 9.082989742777555E-006 -1.699853519025836E-005
633 -1.378105896053866E-003 2.579078977413092E-003
634 -1.539484403739093E-003 2.881093425366109E-003
635 -8.618997838970710E-005 1.613016598536272E-004
636 -2.595925188921003E-004 4.858186826995506E-004
637 2.513841765979452E-003 -4.704570655972423E-003
638 1.513262077145819E-006 -2.831985668870244E-006
639 6.202264077739096E-004 -1.160732897352016E-003
640 -6.928478178836213E-005 1.296641500173919E-004
641 -7.136158207319966E-004 1.335508162198499E-003
642 2.356494679421809E-005 -4.410101140216325E-005
643 5.663256856528678E-005 -1.059859857315710E-004
644 -2.991796587625124E-005 5.599047364555934E-005
645 -1.888396234237347E-004 3.534070491409058E-004
646 2.664762562482399E-005 -4.987017258854406E-005
647 5.590978544259329E-003 -1.046332899483814E-002
648 -3.169169777570593E-003 5.930994919143348E-003
649 -6.910649402119517E-006 1.293304524962164E-005
650 -1.095142894984979E-005 2.049537697153979E-005
651 -2.884878628464767E-003 5.398953477815754E-003
652 1.252867900332443E-005 -2.344700341531138E-005
653 -3.129968561291716E-003 5.857631313688168E-003
654 -1.087488830661110E-003 2.035199105678233E-003
655 6.021087635609545E-006 -1.126828168778875E-005
656 1.043315350507315E-005 -1.952527361673386E-005
657 -1.153371537927056E-003 2.158496237511780E-003
658 2.162309654590281E-003 -4.046690040823647E-003
659 -7.658508755758796E-005 1.433264981453622E-004
660 1.591917415619368E-004 -2.979219775793101E-004
661 -1.632475559016552E-006 3.055121594341533E-006
662 -5.188137668126752E-004 9.709425645277073E-004
663 -3.469325084879152E-004 6.492726325947164E-004
664 5.292212620326416E-006 -9.904174465073148E-006
665 -4.499271892087078E-004 8.420236573611716E-004
666 2.256135549997814E-006 -4.222237028029612E-006
667 1.348361155594089E-005 -2.523416237782639E-005
668 2.366545858682964E-005 -4.428910743007340E-005
669 -2.174155569701756E-004 4.068859226865523E-004
670 -5.102287258552044E-006 9.548737783606831E-006
671 -3.166176313801558E-004 5.925392427365439E-004
672 -1.211523243945302E-006 2.267256007029429E-006
673 -4.875746220333889E-004 9.124795001826936E-004
674 1.990232813147246E-006 -3.724594443891158E-006
675 -1.431344754209076E-005 2.678712294718425E-005
676 2.568315732731517E-004 -4.806516504611578E-004
677 3.189000454805454E-006 -5.968139882191862E-006
678 -4.842394456896209E-004 9.062378863286020E-004
679 -7.921840315258257E-006 1.482538870952911E-005
680 -1.002301203076154E-005 1.875772873521263E-005
681 9.339540642158473E-004 -1.747863683710814E-003
682 5.553793466377801E-004 -1.039373827113670E-003
683 1.038892468736004E-005 -1.944252408110865E-005
684 -1.826194499464890E-004 3.417661940174643E-004
685 2.067512063692802E-005 -3.869280067196167E-005
686 -4.095595647985682E-004 7.664770026718545E-004
687 1.554944909883144E-005 -2.910028778875415E-005
688 -1.689881437583232E-004 3.162556593667856E-004
689 -1.052788542981885E-005 1.970258537826169E-005
690 -1.146846330801598E-005 2.146284766276973E-005
691 -1.260521627781656E-004 2.359023627363488E-004
692 9.382117445063530E-004 -1.755831871197695E-003
693 -2.106525810068844E-007 3.942076338702937E-007
694 -9.838995102907235E-006 1.841329079199439E-005
695 -1.003195258922350E-003 1.877446348099571E-003
696 3.763893652232024E-004 -7.044000487022969E-004
697 -1.660517827956461E-003 3.107603515637906E-003
698 -1.041125750490032E-003 1.948431865026431E-003
699 -1.603516135066639E-005 3.000925308238415E-005
700 8.452398865890686E-004 -1.581838074072165E-003
701 -4.473727526088069E-005 8.372433344086644E-005
702 1.651275271581309E-003 -3.090306319658335E-003
703 7.017046190787128E-006 -1.313216771693897E-005
704 2.757034951942156E-003 -5.159698546083741E-003
705 -7.592723855137175E-004 1.420952807131303E-003
706 -2.037753835057166E-005 3.813588409516072E-005
707 -2.225936670268225E-005 4.165765636804386E-005
708 -1.739077258192211E-005 3.254626598869409E-005
709 1.240309426826030E-004 -2.321197603932795E-004
710 1.039559459033194E-003 -1.945500690382939E-003
711 -1.810118784604840E-006 3.387581190342006E-006
712 4.878989382022352E-006 -9.130798057707389E-006
713 9.311299298175676E-004 -1.742578517152976E-003
714 -5.302884983862211E-005 9.924170363590847E-005
715 -9.781777763565107E-006 1.830633897698300E-005
716 -1.563751737027406E-005 2.926508968947149E-005
717 -1.600713550949912E-004 2.995681725620551E-004
718 -3.018851164163062E-006 5.649809509316313E-006
719 3.188604442714457E-004 -5.967366229545410E-004
720 9.202338608381822E-006 -1.722246383245289E-005
721 -3.452076617943736E-006 6.460212516244138E-006
722 1.564446814903533E-006 -2.928061302104995E-006
723 4.397415879533764E-006 -8.229559236988121E-006
724 -6.828899017622510E-004 1.278005486351868E-003
725 -1.572120787965994E-006 2.942200717068205E-006
726 -4.687304944817156E-004 8.772134277300864E-004
727 7.852778769033072E-006 -1.469641799297840E-005
728 3.680632125960073E-004 -6.888179602962951E-004
729 -4.017712361894098E-006 7.519000623729860E-006
730 4.429024944809869E-004 -8.288772136266355E-004
731 -1.215712187169547E-005 2.275147264864858E-005
732 -2.441042733710245E-004 4.568330042467205E-004
733 2.390802066657361E-005 -4.474330503039960E-005
734 -5.551039282295119E-005 1.038859796526887E-004
735 -1.366858220592979E-003 2.558029382444074E-003
736 -5.371634224885416E-006 1.005276879084822E-005
737 4.857057267517180E-004 -9.089819280622468E-004
738 -1.091142220407880E-003 2.042036077376363E-003
739 -7.368655543093817E-004 1.379018978925127E-003
740 -2.593853538719225E-005 4.854308785865260E-005
741 4.913285305908722E-006 -9.194891937475062E-006
742 -5.729912345127260E-004 1.072333723424708E-003
743 1.521053488131454E-006 -2.846779954795040E-006
744 -7.343408251980953E-004 1.374294201902841E-003
745 -3.928753216133380E-005 7.352527550042624E-005
746 9.507317724073490E-004 -1.779262623090105E-003
747 3.964644181039229E-005 -7.419708190738804E-005
748 1.057616714143356E-003 -1.979294203680806E-003
749 3.762784818614145E-004 -7.041925081586011E-004
750 -1.060052327563723E-003 1.983852433537565E-003
751 -1.536017027167913E-005 2.874603870811862E-005
752 1.820563375614650E-003 -3.407123256971165E-003
753 -3.246130553596219E-006 6.074969152387058E-006
754 -1.279700756335183E-003 2.394917328308840E-003
755 -3.471507058646616E-005 6.496799613018717E-005
756 8.699115151697653E-006 -1.627974928046220E-005
757 1.084209258938823E-007 -2.031306406003891E-007
758 5.594250620161703E-004 -1.046944966632558E-003
759 4.492431649351485E-004 -8.407438060608846E-004
760 -6.394889430800722E-006 1.196776220222050E-005
761 3.822279762792357E-006 -7.153440296599247E-006
762 1.239589231198359E-004 -2.319848419921925E-004
763 1.354501075039184E-003 -2.534903307049650E-003
764 8.167779133808769E-004 -1.528572513614469E-003
765 -1.470355636990370E-005 2.751719468651246E-005
766 -2.098062929281938E-004 3.926453769709021E-004
767 5.627450508372545E-006 -1.053166387218428E-005
768 -6.335371515814529E-006 1.185634197678277E-005
769 -3.225777532014085E-004 6.036935040930053E-004
770 -2.885924191236031E-006 5.400778169863723E-006
771 1.588213897938049E-003 -2.972289363990644E-003
772 -7.513069690434214E-005 1.406046041914430E-004
773 3.962477898924679E-004 -7.415643313120752E-004
774 1.070589416709370E-005 -2.003595436328918E-005
775 5.837798459873925E-004 -1.092524501146189E-003
776 -5.209731983727428E-004 9.749839548326573E-004
777 -3.984689141685242E-004 7.457211769728991E-004
778 5.610599448546407E-006 -1.049998493602148E-005
779 -3.438749989594475E-004 6.435506146411884E-004
780 -6.454832201314600E-004 1.208000262585341E-003
781 -3.910047788520091E-004 7.317524340642223E-004
782 -1.300025770719226E-006 2.432874451356408E-006
783 1.457914346246549E-004 -2.728436456838876E-004
784 -3.704645487266291E-006 6.933065201654465E-006
785 1.858386291582835E-004 -3.477909458837216E-004
786 1.477410308785911E-005 -2.764920809696508E-005
787 -7.262056291375044E-004 1.359069432256645E-003
788 -9.053211188433753E-006 1.694265539298820E-005
789 -2.483744317437039E-004 4.648244162189006E-004
790 -1.612139144363455E-006 3.016933463377488E-006
791 1.957890342976003E-004 -3.664125288158108E-004
792 7.764968781829476E-006 -1.453193531457555E-005
793 -2.319260711191213E-004 4.340415159467907E-004
794 -5.718723528518157E-006 1.070240495211114E-005
795 4.814452822037757E-004 -9.010087196095949E-004
796 -8.801542718165712E-006 1.647185478895240E-005
797 5.931323148071128E-006 -1.110025617593799E-005
798 -1.701973703125743E-003 3.185186616696797E-003
799 6.100156228113475E-005 -1.141623411325839E-004
800 -5.617614784487039E-004 1.051317774332444E-003
801 -1.294162310905132E-004 2.421977904350323E-004
802 -8.800357879810229E-004 1.646957453146119E-003
803 2.057061183131442E-005 -3.849712762425993E-005
804 -7.147617263422303E-004 1.337652464984077E-003
805 7.511773426920940E-006 -1.405802273746065E-005
806 1.672141294353057E-003 -3.129356270073225E-003
807 1.224844429392475E-003 -2.292255490240478E-003
808 2.048917754825959E-005 -3.834478371292402E-005
809 1.212461602160210E-003 -2.269081121911855E-003
810 -1.405175499786908E-005 2.629764193492155E-005
811 -2.811509493925934E-005 5.261679383722962E-005
812 -1.196951071386814E-004 2.240055941533390E-004
813 2.252538380478190E-003 -4.215549828699943E-003
814 -6.627454961482240E-005 1.240307220155873E-004
815 4.566402073880082E-004 -8.545868595823242E-004
816 8.342909707088542E-007 -1.561235115224430E-006
817 -1.291027088701649E-003 2.416114146882800E-003
818 1.249212399970386E-003 -2.337859217364895E-003
819 -1.281532390077303E-003 2.398344783625049E-003
820 4.356327893222098E-006 -8.152686809007188E-006
821 1.210791822889170E-004 -2.265955524615628E-004
822 2.416394255767066E-005 -4.522209005616369E-005
823 6.874182187653299E-005 -1.286479919416046E-004
824 -3.682286002514758E-004 6.891274740968807E-004
825 8.457597813033189E-004 -1.582811242630803E-003
826 -1.505263944609025E-005 2.817049208991131E-005
827 -3.760126752632823E-004 7.036948717398682E-004
828 -1.392528601553133E-005 2.606067015462854E-005
829 -9.639954732906283E-004 1.804085224700937E-003
830 4.249070611998502E-004 -7.951993113762688E-004
831 1.951003929406882E-004 -3.651237996626933E-004
832 -5.445077122681122E-006 1.019012960421842E-005
833 3.326284510523090E-004 -6.225027588965409E-004
834 -1.966534323696885E-006 3.680124847508852E-006
835 -1.980457589944196E-007 3.706274267379153E-007
836 -7.961110932436655E-004 1.489895273499420E-003
837 1.303468655180421E-005 -2.439394354216623E-005
838 6.889302207296285E-004 -1.289309636402921E-003
839 6.129133040449227E-006 -1.147046038446951E-005
840 5.326203182176118E-004 -9.967811443222449E-004
841 -1.015030516620549E-003 1.899596034385470E-003
842 1.489524288248810E-004 -2.787591168871710E-004
843 8.120841343348976E-004 -1.519788070867703E-003
844 2.908248290495641E-005 -5.442700825790443E-005
845 6.888998722565928E-007 -1.289526941422982E-006
846 6.667220609949766E-006 -1.247720795989596E-005
847 1.009491030375867E-006 -1.889278253612286E-006
848 -4.974842192518738E-004 9.310250909286843E-004
849 -3.828153153455163E-007 7.165004901513245E-007
850 -3.300807444864734E-004 6.177352641981243E-004
851 1.972601791259790E-006 -3.691495183979464E-006
852 1.211289366925931E-005 -2.266893226767571E-005
853 4.337875417502694E-005 -8.118194804897608E-005
854 -5.350968205398522E-006 1.001461291398264E-005
855 -6.626894116444440E-004 1.240200941691324E-003
856 -5.572341941825907E-006 1.042842731844331E-005
857 4.343788525804627E-004 -8.129253358775480E-004
858 2.463516966619682E-005 -4.610397145176357E-005
859 -1.055465232311261E-005 1.975246849184626E-005
860 3.980223714900084E-004 -7.448854578037380E-004
861 2.681872968488034E-004 -5.019034269096159E-004
862 -4.577735477462894E-005 8.567094763172005E-005
863 5.742748986726788E-004 -1.074736192167345E-003
864 -2.543879228285247E-005 4.760778831950755E-005
865 4.223153531255832E-004 -7.903491704971423E-004
866 -2.948486984829244E-006 5.517494374417315E-006
867 1.475792284986892E-005 -2.761903453498651E-005
868 -8.032635566269415E-006 1.503325296497705E-005
869 1.499395940722380E-005 -2.806053463552352E-005
870 5.737116263768269E-004 -1.073682221274277E-003
871 -1.648036306701252E-004 3.084247613820021E-004
872 -2.127157992992298E-005 3.980892661012289E-005
873 7.799133015915219E-004 -1.459581382260225E-003
874 3.188005742417727E-006 -5.966195914436239E-006
875 -5.528463272947899E-004 1.034633370079057E-003
876 3.786816243687858E-006 -7.086762965590266E-006
877 -2.466113790360705E-004 4.615253767333930E-004
878 -1.602303370895782E-005 2.998676270070214E-005
879 -1.210006332772617E-005 2.264449884780574E-005
880 1.649027355601814E-004 -3.086099900109131E-004
881 1.619761828394844E-005 -3.031318283215234E-005
882 -8.419567852475955E-004 1.575693593549232E-003
883 -1.071217583218731E-005 2.004724603325163E-005
884 -6.079399888915409E-004 1.137739165991652E-003
885 2.443541447894496E-004 -4.573005916840502E-004
886 -3.563233694341470E-006 6.668811113090224E-006
887 -2.186482322481988E-004 4.091929109584754E-004
888 4.004842903814144E-004 -7.494930168840683E-004
889 -1.613969745180523E-005 3.020487303805072E-005
890 -7.415583776006556E-006 1.387760335901432E-005
891 8.743164857211786E-005 -1.636255290866841E-004
892 -6.146072459867925E-004 1.150216711218432E-003
893 -6.751721612022000E-005 1.263563109142224E-004
894 -1.233935873924117E-004 2.309271630798439E-004
895 -6.083719817209641E-004 1.138547727444762E-003
896 1.405425037665950E-004 -2.630204420802331E-004
897 -9.323497841722752E-006 1.744884276918696E-005
898 5.538194800993917E-006 -1.036436738704169E-005
899 2.688054024491952E-004 -5.030602817319466E-004
900 -6.992793876903601E-006 1.308659600760750E-005
901 -4.866928739571854E-004 9.108294001343314E-004
902 -3.267031041334407E-004 6.114142520566347E-004
903 -8.212519240227489E-005 1.536946095687125E-004
904 -2.234688627400589E-004 4.182144111487327E-004
905 1.403364253818964E-005 -2.626376299332172E-005
906 -1.126969877016393E-005 2.109081708138830E-005
907 5.325445853297044E-005 -9.966383192747767E-005
908 -7.682385382955172E-005 1.437730488915166E-004
909 2.483399287189319E-004 -4.647598789253613E-004
910 1.256616009367263E-006 -2.351580721305726E-006
911 3.579173081328827E-005 -6.698298924271113E-005
912 1.721687543737904E-004 -3.222080508605003E-004
913 -7.278702298987098E-006 1.362175022093909E-005
914 -2.668360477425452E-005 4.993751378831234E-005
915 3.120134902783058E-004 -5.839230819933139E-004
916 -3.956953733271343E-004 7.405304954370970E-004
917 3.877703043144421E-005 -7.256958104489979E-005
918 -1.178084442492688E-005 2.204749868200471E-005
919 -9.964131494683206E-004 1.864753861892749E-003
920 -3.567937650039743E-005 6.677292511997283E-005
921 -4.594674640144932E-004 8.598777306077028E-004
922 -1.811430418470281E-004 3.390031945620043E-004
923 -1.204959787350931E-004 2.255041364862771E-004
924 6.775622447956781E-006 -1.268032837925166E-005
925 3.644367672205884E-005 -6.820312366278242E-005
926 3.413477526580680E-004 -6.388207457139464E-004
927 7.431471835256831E-005 -1.390774411386505E-004
928 -4.563907110481506E-004 8.541197000427997E-004
929 6.046714761264427E-006 -1.131629214762536E-005
930 -3.430917051411513E-007 6.417231416036121E-007
931 4.017212053181287E-004 -7.518074042609019E-004
932 5.107209579794843E-005 -9.557965700162639E-005
933 1.193824997837501E-005 -2.234188358290520E-005
934 2.103428864472683E-004 -3.936492147180758E-004
935 -4.919053542638886E-007 9.206276182687890E-007
936 2.859070787181745E-004 -5.350654242721676E-004
937 1.659513497044883E-005 -3.105715790756979E-005
938 3.140710797797536E-004 -5.877736281351228E-004
939 -9.537542079285380E-005 1.784919174132758E-004
940 2.922731455253299E-005 -5.469789219342920E-005
941 -2.482404218001243E-004 4.645736296922395E-004
942 -1.187657561083617E-005 2.222649651478602E-005
943 -1.287674530959940E-004 2.409838204302446E-004
944 -1.648977509271823E-006 3.085813490352170E-006
945 9.748823713724213E-005 -1.824457003790469E-004
946 9.399228382163507E-006 -1.759035876012965E-005
947 8.016798932753059E-007 -1.500297858270375E-006
948 4.784132564389181E-005 -8.953360238997659E-005
949 2.874388144444159E-004 -5.379322391113511E-004
950 3.380900283150644E-005 -6.327249217279117E-005
951 3.946545630550533E-006 -7.385439591958305E-006
952 6.177228206713052E-004 -1.156047797797983E-003
953 5.573930171519832E-006 -1.043163201890956E-005
954 2.478486470537233E-005 -4.638375135696320E-005
955 -6.062714083960165E-006 1.134608081894990E-005
956 -2.261604799454080E-004 4.232517181685313E-004
957 2.884274698108021E-005 -5.397815006387755E-005
958 7.315635924190127E-004 -1.369096750746123E-003
959 -1.979731284744461E-006 3.704827539619720E-006
960 4.399496743047275E-004 -8.233514455098207E-004
961 2.235825193796685E-006 -4.184340619848685E-006
962 -5.156862247613234E-005 9.650889274192610E-005
963 -5.434037209097882E-005 1.016962509629429E-004
964 2.238409040870358E-004 -4.189107451758549E-004
965 -1.452155868696730E-005 2.717675561906980E-005
966 -1.251225880509209E-004 2.341629601006205E-004
967 4.958349565126273E-007 -9.279657656211521E-007
968 3.971278198864958E-004 -7.432116022167588E-004
969 9.335095593674997E-006 -1.747036675398983E-005
970 -2.791460872954396E-005 5.224140262726184E-005
971 1.366544168874498E-006 -2.557444261147632E-006
972 -1.779152475091189E-005 3.329642446330882E-005
973 -8.420107915719165E-005 1.575796252766670E-004
974 -1.339163129380586E-004 2.506199027859135E-004
975 -5.463724504591884E-006 1.022503786011164E-005
976 1.695279585038634E-004 -3.172661389087238E-004
977 -3.213322264405309E-004 6.013626564656762E-004
978 -3.637795511902800E-005 6.808012412651644E-005
979 7.072053286412524E-004 -1.323511226831883E-003
980 -3.127112234010494E-005 5.852287634843623E-005
981 -3.702237088736157E-005 6.928630632125879E-005
982 -7.808715626567779E-006 1.461346869336178E-005
983 -3.319630714785273E-004 6.212578400066803E-004
984 3.373751669234526E-006 -6.313803235413294E-006
985 -8.414653991013563E-006 1.574758134614787E-005
986 -2.292424130199335E-004 4.290192861283308E-004
987 -2.944701254973250E-005 5.510913353888974E-005
988 -2.885323064698579E-004 5.399783872682735E-004
989 -6.211726000122989E-006 1.162513624285663E-005
990 -2.459878581476467E-004 4.603581495716937E-004
991 -4.911610200020786E-006 9.191521481446028E-006
992 -3.697551290318266E-004 6.919842973989758E-004
993 4.672885580475134E-006 -8.745009235310227E-006
994 7.380511059201376E-006 -1.381225058639036E-005
995 2.531544408096412E-004 -4.737699437595929E-004
996 -4.443968511642092E-005 8.316708032211763E-005
997 4.371355981064453E-005 -8.180833847360498E-005
998 -2.844452301299206E-006 5.323370972205019E-006
999 1.691604754319974E-006 -3.165431004456681E-006
1000 -1.297038189147960E-006 2.427500781867852E-006
1001 -6.776090649424851E-005 1.268122720954011E-004
1002 -5.829428223790526E-005 1.090959981452717E-004
1003 9.840422572800491E-006 -1.841613322778150E-005
1004 -1.596905445942965E-004 2.988555130166518E-004
1005 3.636407453141964E-005 -6.805414992840740E-005
1006 -2.771101449475330E-004 5.186026313044533E-004
1007 6.240263953432050E-005 -1.167843803749796E-004
1008 6.763191688643736E-006 -1.265713490854142E-005
1009 -1.722739253603755E-004 3.224050275651126E-004
1010 1.696438405738744E-004 -3.174826978116213E-004
1011 1.088467306315457E-005 -2.037044309993286E-005
1012 -1.612578314983136E-005 3.017877678137345E-005
1013 -6.396106725965410E-006 1.197008591727349E-005
1014 -1.056224132623987E-004 1.976687363248272E-004
1015 1.056273324170661E-006 -1.976945238373411E-006
1016 -2.837412578284722E-004 5.310122021695946E-004
1017 5.536461921841664E-005 -1.036133658502573E-004
1018 2.675961610741334E-004 -5.007973795461935E-004
1019 1.621857357784756E-005 -3.035260455179021E-005
1020 7.756870556404457E-006 -1.451674357289645E-005
1021 3.404233535930500E-006 -6.371068822604530E-006
1022 -4.091099416652151E-005 7.656333056120558E-005
1023 -1.333193176630496E-004 2.495027259532140E-004
1024 3.186002342322074E-006 -5.962505792663298E-006
1025 2.214739042341117E-004 -4.144807864402319E-004
1026 -9.812984739190146E-006 1.836483902139332E-005
1027 -2.149280309484620E-004 4.022309330020386E-004
1028 1.004355710376530E-005 -1.879593452685879E-005
1029 1.464531068971189E-004 -2.740822300117589E-004
1030 -1.007946001540083E-005 1.886350267056591E-005
1031 -1.242758812792272E-004 2.325783330581663E-004
1032 8.835802786305591E-005 -1.653594140825993E-004
1033 -1.536477352158790E-004 2.875468264771336E-004
1034 -6.522995156026468E-006 1.220757499800587E-005
1035 -7.957299214761568E-006 1.489169168938602E-005
1036 -1.138112352746809E-005 2.129933392081146E-005
1037 -1.317860578452809E-004 2.466331695485069E-004
1038 -6.571000651306013E-005 1.229738878217685E-004
1039 5.738734078742817E-006 -1.074004330394153E-005
1040 -8.898054549845759E-005 1.665239743963346E-004
1041 -2.054918494619591E-006 3.845958642760707E-006
1042 3.675052374461832E-004 -6.877741231252639E-004
1043 4.902403558160783E-005 -9.174692054308972E-005
1044 -3.422532981171186E-004 6.405153101638352E-004
1045 -6.184831686344646E-006 1.157448396801412E-005
1046 9.589921109386979E-006 -1.794742882410469E-005
1047 -2.054083369629844E-004 3.844152939848791E-004
1048 8.756873061069565E-005 -1.638818667906661E-004
1049 8.545567138635348E-006 -1.599260694849588E-005
1050 2.180137045353406E-009 -4.131630318869820E-009
1051 -8.355235300159814E-005 1.563654521021262E-004
1052 -1.021772827883074E-005 1.912211300287137E-005
1053 2.942443584852905E-004 -5.506684656910766E-004
1054 -5.757896084051779E-005 1.077573092114091E-004
1055 -3.308432523557057E-004 6.191622244206162E-004
1056 -2.874386429787721E-004 5.379317521480424E-004
1057 2.696007590029270E-006 -5.045407514281251E-006
1058 -3.403630118410797E-006 6.370032719144479E-006
1059 -1.249753801779324E-004 2.338872218849405E-004
1060 -2.734302160791663E-004 5.117155059134860E-004
1061 -2.098331297376550E-004 3.926958110389671E-004
1062 -1.630454611599707E-005 3.051335997027918E-005
1063 2.379312211096919E-004 -4.452804951006637E-004
1064 3.134762611540396E-006 -5.866847907596060E-006
1065 4.233570972543280E-007 -7.921063849499421E-007
1066 -3.058989952236790E-006 5.724875341540611E-006
1067 -1.119678769194936E-004 2.095441305923141E-004
1068 2.121635623983653E-005 -3.970565410235101E-005
1069 1.950135889405755E-006 -3.649622039164844E-006
1070 -5.147887683210955E-006 9.634025087944596E-006
1071 9.577902401643852E-005 -1.792471044080306E-004
1072 -1.739733763792596E-006 3.256041471227932E-006
1073 1.838040563623293E-004 -3.439832989268788E-004
1074 5.634608906759585E-005 -1.054498665653904E-004
1075 1.388235374609667E-004 -2.598033974536973E-004
1076 -2.595247410107066E-006 4.856891350058645E-006
1077 3.372516154366702E-006 -6.311602000081425E-006
1078 2.545997178139706E-004 -4.764750657921737E-004
1079 -5.391826170202230E-006 1.009072185085611E-005
1080 -4.224841236680895E-005 7.906645124013811E-005
1081 -1.058370695326707E-005 1.980709569455540E-005
1082 -4.377941927767234E-006 8.193188398872689E-006
1083 2.246540986761194E-004 -4.204324682916653E-004
1084 -6.017372864635401E-006 1.126135600672891E-005
1085 -1.162877996078693E-006 2.176424867595321E-006
1086 -5.537326518099219E-006 1.036261046316783E-005
1087 2.722868118913548E-004 -5.095758472472171E-004
1088 -1.196611703713362E-005 2.239433015604220E-005
1089 -3.550896357009929E-007 6.640052125179717E-007
1090 -4.894570797409471E-006 9.160079578038105E-006
1091 1.607996183581226E-004 -3.009312917033238E-004
1092 -1.283640115260348E-004 2.402288432747445E-004
1093 -4.194930117297349E-006 7.851005312431161E-006
1094 -3.061606718291325E-004 5.729695434476866E-004
1095 -3.893486427113486E-008 7.276006099580766E-008
1096 7.726900070232919E-005 -1.446063100131635E-004
1097 1.810789755036718E-004 -3.388829220102260E-004
1098 -8.711403197782651E-005 1.630304847974827E-004
1099 2.889466868524621E-006 -5.407500744004480E-006
1100 5.360417708153794E-006 -1.003201414979855E-005
1101 6.849619226237693E-005 -1.281882890454337E-004
1102 1.951656979826327E-006 -3.652461964397096E-006
1103 -7.336394812318620E-005 1.372981194098702E-004
1104 3.467800940829341E-006 -6.489970504072792E-006
1105 -4.895175020783968E-005 9.161153157464662E-005
1106 -2.023058062356404E-007 3.786653733953080E-007
1107 -6.648977634075560E-006 1.244351161580609E-005
1108 5.086691752332551E-005 -9.519581370285099E-005
1109 -2.398750480423519E-005 4.489191860888757E-005
1110 -1.036881324240823E-005 1.940482615474351E-005
1111 7.802611217200491E-005 -1.460233519657670E-004
1112 -6.441490813761781E-006 1.205489029466554E-005
1113 -2.038914335029307E-004 3.815758199712346E-004
1114 7.875960522367667E-005 -1.473961300957795E-004
1115 5.748685607429124E-006 -1.075847805117172E-005
1116 1.092985850187745E-004 -2.045486237169241E-004
1117 2.540324449951907E-006 -4.753976803692357E-006
1118 -6.420260030939607E-005 1.201530829228941E-004
1119 8.386743647797794E-006 -1.569551161389378E-005
1120 2.190320667835308E-005 -4.099097945585258E-005
1121 -1.014148258014033E-006 1.898079212038603E-006
1122 -1.736066447370270E-007 3.249784460522839E-007
1123 -9.297877868495525E-006 1.740041996189103E-005
1124 -2.150300257008787E-006 4.024137008500805E-006
1125 -7.013212634963285E-005 1.312500045346791E-004
1126 8.740258970985369E-005 -1.635712405974601E-004
1127 5.521285730937833E-006 -1.033288088277146E-005
1128 -4.694158809370701E-004 8.784958758302458E-004
1129 3.695815534156866E-006 -6.916547898400709E-006
1130 -1.258685176912188E-005 2.355589246697825E-005
1131 -1.544490086455140E-004 2.890460405754733E-004
1132 9.886085016637805E-006 -1.850158893259771E-005
1133 -4.554142477450772E-006 8.523115484519266E-006
1134 2.171650611116836E-004 -4.064171072658923E-004
1135 2.994554510823251E-005 -5.604202654226425E-005
1136 -1.461465000413563E-004 2.735084560073327E-004
1137 1.744190292206784E-004 -3.264194897012211E-004
1138 1.673886138021675E-007 -3.130720092885039E-007
1139 5.062063175846618E-005 -9.473475951756941E-005
1140 4.381417155600192E-006 -8.199732391919266E-006
1141 -1.424412563727431E-004 2.665740901044320E-004
1142 -8.784521255548740E-006 1.644014061784508E-005
1143 -3.331777736253602E-004 6.235309029761119E-004
1144 9.311539895075952E-007 -1.742480393212656E-006
1145 7.489035895135556E-007 -1.401589610673250E-006
1146 -3.927240374781781E-005 7.349698080569675E-005
1147 1.672989048841221E-004 -3.130945059551365E-004
1148 -2.308324074482952E-004 4.319948981794274E-004
1149 -1.633959683809923E-005 3.057899775078637E-005
1150 -1.601464884820798E-004 2.997087963863232E-004
1151 -3.134793384379281E-006 5.866706876431668E-006
1152 3.494386156326885E-005 -6.539610424219500E-005
1153 -2.408985005902585E-006 4.508677099633022E-006
1154 -1.356164498623606E-005 2.538017607633380E-005
1155 1.227108496922612E-004 -2.296492866266221E-004
1156 6.327141162056554E-006 -1.184082149743776E-005
1157 1.104284639097738E-004 -2.066631589720473E-004
1158 -9.075725931053313E-006 1.698460478013606E-005
1159 1.161662209421039E-004 -2.174009831742838E-004
1160 5.930957055519512E-006 -1.109969836064815E-005
1161 2.996793817245923E-006 -5.608291226193779E-006
1162 -2.936802535037764E-005 5.496129543056362E-005
1163 2.458873558012207E-006 -4.601611331481872E-006
1164 -2.404645740798651E-006 4.500370339223549E-006
1165 -1.858543295143821E-004 3.478196748333485E-004
1166 1.456795847511261E-004 -2.726346494422970E-004
1167 -1.375106825191675E-005 2.573469274263015E-005
1168 1.434200816241922E-004 -2.684060429461336E-004
1169 1.540436234619446E-006 -2.882409182314565E-006
1170 -2.226089913403844E-005 4.166077878474227E-005
1171 -2.100551684194636E-004 3.931113632064326E-004
1172 2.144782612718737E-005 -4.013873367712521E-005
1173 3.612664450593449E-004 -6.760978469478023E-004
1174 1.159178078065718E-004 -2.169361504714604E-004
1175 -3.240626524127944E-004 6.064724005471144E-004
1176 -1.745535004334901E-005 3.266707479920457E-005
1177 4.417483195230436E-005 -8.267174461209718E-005
1178 -2.455400984107951E-006 4.595130909743012E-006
1179 6.293068655673597E-006 -1.177710571590848E-005
1180 -1.886411762809325E-004 3.530351891715558E-004
1181 3.489944770592895E-004 -6.531317359138722E-004
1182 4.868565150277747E-005 -9.111334173060745E-005
1183 3.109588141711169E-005 -5.819478451427598E-005
1184 1.937349875915469E-005 -3.625683342349473E-005
1185 -5.458016835146713E-005 1.021448036645180E-004
1186 3.430428996178765E-006 -6.419865146709831E-006
1187 -1.289716598473897E-005 2.413666028138541E-005
1188 -3.009619719970919E-005 5.632405894388228E-005
1189 -2.366248468199382E-005 4.428341585315562E-005
1190 3.245832066425898E-004 -6.074465159374200E-004
1191 -9.066950829792622E-005 1.696850666280760E-004
1192 -2.445147487002854E-005 4.576014753857080E-005
1193 5.053945017617361E-006 -9.458087339124502E-006
1194 -1.572663712972079E-004 2.943186482123522E-004
1195 -2.033770932612323E-005 3.806141907319120E-005
1196 -7.772964619452069E-007 1.454443011583697E-006
1197 1.952683985320011E-005 -3.654386005704091E-005
1198 9.661323170546924E-005 -1.808081337879440E-004
1199 4.895504515770052E-005 -9.161774279658920E-005
1200 -1.686450205314542E-004 3.156138690568011E-004
1201 7.226473789939084E-006 -1.352405595484110E-005
1202 -6.327143861286980E-005 1.184107677296073E-004
1203 1.847601068616885E-005 -3.457738020791706E-005
1204 -3.409648942365153E-004 6.381044697081836E-004
1205 3.956466672992107E-005 -7.404383590862504E-005
1206 -1.597306135277510E-004 2.989302342370453E-004
1207 -2.976801629660728E-006 5.570546649719901E-006
1208 1.274783869642058E-004 -2.385715114850183E-004
1209 -7.108263371913408E-005 1.330285656920595E-004
1210 -3.000640810042902E-007 5.614437895510963E-007
1211 9.424505607404658E-006 -1.763770859219926E-005
1212 -5.969592542617068E-005 1.117189649634010E-004
1213 1.593827355933471E-005 -2.982790066323157E-005
1214 -8.136078546013464E-005 1.522640314648329E-004
1215 -3.204132179509428E-004 5.996426198154855E-004
1216 1.449293723675802E-004 -2.712302476886681E-004
1217 9.699187664291239E-005 -1.815169586876752E-004
1218 -1.522852522504848E-004 2.849969135771467E-004
1219 6.334285822545901E-005 -1.185440306270525E-004
1220 -2.511674364767651E-004 4.700512824991624E-004
1221 1.911786006368488E-005 -3.577843845531379E-005
1222 -7.275595124226927E-005 1.361601705424509E-004
1223 -4.598792670624607E-005 8.606483635871171E-005
1224 -1.249116432300853E-005 2.337678589758312E-005
1225 1.061272485955745E-005 -1.986134628637299E-005
1226 1.979197282966609E-006 -3.704038066050408E-006
1227 -3.797480529452215E-005 7.106845241266762E-005
1228 3.666904518194634E-005 -6.862485964814059E-005
1229 9.579639776783838E-006 -1.792750084996477E-005
1230 4.704973767821798E-005 -8.805223189696541E-005
1231 -2.012318931855276E-004 3.765987704888027E-004
1232 1.622218767954690E-004 -3.035928340295963E-004
1233 -2.182662550118686E-006 4.084716485319633E-006
1234 2.749950423346947E-005 -5.146425701983425E-005
1235 1.193553301015518E-004 -2.233695642937235E-004
1236 -1.945441226872013E-006 3.640908755359948E-006
1237 -1.568360046330157E-004 2.935133206094149E-004
1238 -1.645779030492032E-004 3.080021865943428E-004
1239 -1.858112291819082E-004 3.477395876208626E-004
1240 1.418232256741974E-005 -2.654179844957109E-005
1241 1.250606646673539E-004 -2.340465633691643E-004
1242 6.140605630072502E-006 -1.149186525043871E-005
1243 5.631243930655871E-006 -1.053855733714616E-005
1244 3.797683701894281E-005 -7.107237472265622E-005
