 # The norm of the isolated state is   3456000.01989245     
 # I think there should be     3456000 i.e.    100.000000575592      %
1 -7.261932363776894E-006 1.359010847131411E-005
2 -1.757718029173816E-005 3.289557299481750E-005
3 -1.736491149348000E-005 3.249684951099192E-005
4 0.471233523838499 -0.881897741798136
5 9.433526065207412E-004 -1.765452805134987E-003
6 7.840427415792826E-005 -1.467326230528809E-004
7 -3.018517572931435E-006 5.648125831511708E-006
8 -4.524846156084955E-003 8.468099084183002E-003
9 -2.707195396489979E-005 5.066375624884721E-005
10 1.058768367589103E-004 -1.981452155225357E-004
11 -7.689975273984291E-009 1.439421281087223E-008
12 4.224396548681559E-006 -7.905663678153102E-006
13 7.263663466929862E-006 -1.359370062548278E-005
14 -4.633576131471021E-007 8.671529405214190E-007
15 -8.966210866812579E-007 1.677992922959130E-006
16 -3.763778628507093E-006 7.043785801483164E-006
17 5.267290390394420E-007 -9.857525299244348E-007
18 7.057693629034589E-006 -1.320823667623744E-005
19 -9.645454147506258E-006 1.805111472636318E-005
20 -3.704902094044980E-007 6.933614369867123E-007
21 -5.443648770943061E-006 1.018764403740535E-005
22 -5.543448415907147E-005 1.037431289916960E-004
23 3.446246348409494E-005 -6.449539185738288E-005
24 1.062506231553578E-007 -1.988620434177985E-007
25 -1.388422729700374E-006 2.598403306973963E-006
26 2.855990124801156E-003 -5.344886885799713E-003
27 -5.901244768928378E-006 1.104397977667645E-005
28 -1.454303646270463E-004 2.721684583612939E-004
29 -1.268458112719074E-004 2.373875420846767E-004
30 4.242877700973422E-005 -7.940407360541422E-005
31 -8.121965691739838E-005 1.519998945052554E-004
32 3.764633773189688E-004 -7.045385810296793E-004
33 2.413536846338816E-005 -4.516852218317970E-005
34 1.471732386541064E-003 -2.754297072184737E-003
35 6.539421482292325E-005 -1.223831139658409E-004
36 2.370996203624637E-003 -4.437238954825451E-003
37 -1.904783202981999E-004 3.564738362973004E-004
38 6.862512049195179E-004 -1.284296403128043E-003
39 -1.642503770596899E-003 3.073891219897478E-003
40 -2.744624067868959E-005 5.136470120060628E-005
41 3.572903707914840E-004 -6.686564544021802E-004
42 -1.018941499408300E-005 1.906907554813360E-005
43 3.234140471523250E-006 -6.052567649151553E-006
44 -9.435621724684602E-006 1.765842532839628E-005
45 9.847642485162527E-006 -1.842953270045856E-005
46 3.326914536852758E-006 -6.226162422257969E-006
47 -4.104981560517996E-005 7.682302133555384E-005
48 -9.004067072039758E-006 1.685079942022205E-005
49 2.546640755858628E-006 -4.765504215744071E-006
50 3.865157885182960E-006 -7.233865158762809E-006
51 -2.294114585717632E-005 4.293374629459564E-005
52 1.829108123494805E-006 -3.423169778205581E-006
53 2.731603499703656E-005 -5.112096094571528E-005
54 2.854902458010820E-006 -5.342852177273011E-006
55 -1.809689112219175E-006 3.386763924195335E-006
56 1.570184015434056E-005 -2.938548781227870E-005
57 -9.650907134173852E-007 1.805965568958093E-006
58 -6.908757874063142E-007 1.292632497734748E-006
59 -5.172676552261623E-006 9.680498058914434E-006
60 -1.331379664716343E-005 2.491633215127262E-005
61 -5.830153860138874E-007 1.091048033432998E-006
62 -1.530870584367194E-005 2.864974010534433E-005
63 7.090853679387814E-008 -1.327950747508840E-007
64 -2.677547806076999E-005 5.010943885697218E-005
65 -5.601152760109219E-006 1.048233668420708E-005
66 -4.591576261839357E-007 8.592688408919910E-007
67 3.672914523241395E-006 -6.873723555424294E-006
68 -2.455398040994928E-006 4.595201206205310E-006
69 -1.097228145741275E-007 2.053300684118374E-007
70 3.285183174645541E-007 -6.150577405198876E-007
71 3.197756936270801E-005 -5.984494412617288E-005
72 1.167578081698559E-006 -2.185079062365897E-006
73 -1.662545551172689E-007 3.109640447354034E-007
74 -9.462954453941233E-008 1.771422797402860E-007
75 -1.602322663150663E-006 2.998683813167173E-006
76 -2.245411347488088E-007 4.202366978259340E-007
77 -6.155545848416678E-006 1.151984115008720E-005
78 2.197050502661482E-007 -4.109353695351840E-007
79 6.113281544209240E-006 -1.144079389827125E-005
80 -3.891730377607038E-006 7.283245167783812E-006
81 2.728758023978722E-007 -5.109313972863335E-007
82 -7.558167311662034E-006 1.414528396561115E-005
83 -3.589240191771587E-005 6.717145145414677E-005
84 5.902039591706303E-007 -1.104442333903968E-006
85 1.688394180259181E-005 -3.159774337557667E-005
86 -9.391720863880686E-007 1.757918850742079E-006
87 -7.015683782302815E-008 1.313023722953321E-007
88 2.868430691393137E-006 -5.368145896390082E-006
89 2.297824304279686E-006 -4.300296859297615E-006
90 4.128162459269503E-007 -7.729268127795763E-007
91 -5.287913128629908E-007 9.897236825597826E-007
92 -1.477307007292918E-007 2.764833979774150E-007
93 -2.334373452637042E-007 4.368623151513291E-007
94 -1.263335309878580E-006 2.364317329693051E-006
95 -6.895620090079470E-007 1.290312115086618E-006
96 -1.201921015665022E-007 2.249813738630819E-007
97 -2.082317362968719E-005 3.896988674721584E-005
98 -3.978024560048801E-006 7.444807838155680E-006
99 -2.626812491258627E-005 4.915988232468484E-005
100 5.149570999756531E-006 -9.637255775991852E-006
101 6.794658068776652E-006 -1.271597557264614E-005
102 2.514051812605293E-006 -4.704885220231962E-006
103 6.094618219685489E-007 -1.140574588892794E-006
104 3.374460284176904E-006 -6.315184001606945E-006
105 -1.645318218846224E-007 3.079210323776602E-007
106 1.462968694132306E-006 -2.737937797931918E-006
107 1.890835313457876E-005 -3.538636457731329E-005
108 1.289501790572283E-005 -2.413253729703659E-005
109 5.549764611051758E-008 -1.037363140127078E-007
110 -3.914841252718162E-005 7.326492937082884E-005
111 7.559907143854579E-006 -1.414811456708467E-005
112 -3.770423815522421E-008 7.058239009410114E-008
113 6.813904969961172E-008 -1.273425296242093E-007
114 -3.779305163222329E-006 7.072825814037246E-006
115 -2.754865425669786E-005 5.155641280631982E-005
116 6.001816563564623E-007 -1.123235475156047E-006
117 -6.344018050099114E-006 1.187262710052016E-005
118 -9.798837761632806E-007 1.833810904535954E-006
119 -4.687281506924749E-005 8.772089121896363E-005
120 5.655837654396165E-005 -1.058471294960358E-004
121 -9.303357404757599E-007 1.741317521212057E-006
122 1.237918739132411E-005 -2.316719366010660E-005
123 7.037911995059568E-007 -1.317140321750898E-006
124 4.484289891125240E-006 -8.392168552953367E-006
125 1.929272485522497E-007 -3.609618155823430E-007
126 6.675358070784210E-006 -1.249271647599559E-005
127 -2.106800902425394E-005 3.942808469634011E-005
128 1.783639318437712E-006 -3.338071894188802E-006
129 4.784302341592723E-007 -8.953895186792979E-007
130 1.731347116837427E-005 -3.240164210198966E-005
131 -6.034094029898334E-008 1.129322827497554E-007
132 -1.584640085947910E-005 2.965599911762891E-005
133 -1.969825132121855E-006 3.686500873900921E-006
134 -5.080898251033545E-007 9.508654771083187E-007
135 1.448862310481187E-005 -2.711490431648452E-005
136 -4.969424486613464E-007 9.299975025680248E-007
137 5.989335929932983E-007 -1.120870786465495E-006
138 1.130506965441586E-005 -2.115708741689943E-005
139 1.369792278679455E-005 -2.563517378821461E-005
140 -6.482689375381965E-007 1.213213420138549E-006
141 -1.291848079960333E-005 2.417644709359290E-005
142 -3.116974254691904E-007 5.835001301578402E-007
143 2.041651474689704E-005 -3.820881735303960E-005
144 5.042121576765907E-007 -9.439717943185971E-007
145 2.063630368215116E-006 -3.862021913675661E-006
146 3.838964486231506E-005 -7.184494608867435E-005
147 4.378206310636324E-008 -8.190680663039448E-008
148 -4.377108572153214E-005 8.191614720031806E-005
149 1.335493444293364E-006 -2.499389060011163E-006
150 -1.950977939436752E-005 3.651188886124242E-005
151 1.146660516536996E-005 -2.145934857913955E-005
152 -1.366643016330093E-006 2.557600713150206E-006
153 -4.685916794472885E-008 8.771438570409955E-008
154 -5.647329324952543E-007 1.056911953770936E-006
155 -5.994952683640697E-007 1.121967005517192E-006
156 1.371737358526452E-005 -2.567162345130614E-005
157 -4.521715678668422E-005 8.462234905778527E-005
158 -1.498459185099638E-006 2.804361192631947E-006
159 -1.275015942126663E-007 2.386895648809921E-007
160 1.874579424264736E-006 -3.508209546981594E-006
161 2.718337570770205E-005 -5.087273326298243E-005
162 -1.246517707395948E-005 2.332816699484146E-005
163 9.989621627160457E-008 -1.868800446017423E-007
164 6.185599683615212E-006 -1.157611221936950E-005
165 -1.733247974220892E-005 3.243720724711985E-005
166 -4.389246475926007E-005 8.214322646800657E-005
167 -6.283339782492930E-007 1.175887736892841E-006
168 5.139393400246797E-005 -9.618215704166755E-005
169 1.518543428746280E-005 -2.841900260021497E-005
170 -4.480798534749471E-007 8.385625768056526E-007
171 -2.300851744407221E-005 4.305966190708353E-005
172 -1.327814804314820E-005 2.484964117373714E-005
173 -4.162676598459480E-007 7.790148784675712E-007
174 -6.031570253014203E-007 1.128779644789943E-006
175 8.983575835766162E-006 -1.681251935954187E-005
176 -9.471811846554938E-008 1.772391681608650E-007
177 -2.515009816673147E-005 4.706756591670150E-005
178 -6.835875220401680E-006 1.279311322248480E-005
179 -1.355121378656597E-007 2.536176838350290E-007
180 -1.241733004720951E-005 2.323863283587934E-005
181 -3.118632169407335E-007 5.836461558601367E-007
182 8.281353911936692E-006 -1.549827556300138E-005
183 2.198613176794972E-005 -4.114618238889664E-005
184 -4.547441228564689E-007 8.510336590428771E-007
185 -1.255852308348077E-005 2.350290582029782E-005
186 4.925874261211328E-007 -9.218357737003504E-007
187 6.818365587060680E-007 -1.276101335924930E-006
188 -2.038656137406653E-005 3.815277900657706E-005
189 -1.289616403621784E-006 2.413501328036631E-006
190 2.150241144386232E-005 -4.024103545968440E-005
191 8.174708345389695E-006 -1.529864264723642E-005
192 6.183453332449780E-005 -1.157212562988691E-004
193 -6.447416927937394E-006 1.206611205307683E-005
194 6.252257193367101E-006 -1.170088102972942E-005
195 9.453158648654400E-006 -1.769125080603882E-005
196 -3.478540401190733E-006 6.509898725048085E-006
197 -7.751249022894287E-008 1.450679266430172E-007
198 1.603636405313189E-007 -3.001099897842914E-007
199 -9.653860974882924E-006 1.806689473707820E-005
200 4.236921857292612E-007 -7.917936433890108E-007
201 1.947135189168531E-006 -3.644060916692770E-006
202 -3.448276950181009E-005 6.453338252213222E-005
203 -1.271021252312257E-005 2.378684981017134E-005
204 1.687760037082775E-006 -3.158327591711211E-006
205 -2.427314868782944E-005 4.542635009827425E-005
206 6.687274101458757E-007 -1.251723072641953E-006
207 -5.872033719326352E-006 1.098935912383588E-005
208 -7.221975815609950E-007 1.351620256785559E-006
209 -3.400023802388997E-007 6.363163892278043E-007
210 -4.706193020769364E-006 8.807463452366050E-006
211 -2.164010504132543E-008 4.047557396377387E-008
212 -1.219938071522192E-005 2.283072874147864E-005
213 -2.810922924012751E-006 5.260600662822441E-006
214 -1.645674987204536E-005 3.079829471176306E-005
215 -4.898103009894463E-006 9.166615852873811E-006
216 -2.794211614996084E-005 5.229266078672621E-005
217 7.069731834041397E-005 -1.323076585447084E-004
218 6.626410070706558E-008 -1.240115824861977E-007
219 3.528704510937088E-005 -6.603843075347070E-005
220 -2.903875718786501E-005 5.434505019014132E-005
221 -2.043168550260874E-006 3.823789813600451E-006
222 -7.082994143136563E-006 1.325550351024804E-005
223 -3.269582100012467E-005 6.118935322440735E-005
224 -1.372177533882506E-006 2.567957404880136E-006
225 7.851797143083144E-005 -1.469437114309471E-004
226 2.473007442222890E-005 -4.628156503833648E-005
227 -2.278890249378995E-005 4.264867668913250E-005
228 2.726936465507802E-007 -5.103786878536594E-007
229 -5.123762868077362E-005 9.588958748043895E-005
230 -1.323293281716227E-006 2.476517357856405E-006
231 4.882519754223610E-005 -9.137479048568660E-005
232 -3.456204335653370E-005 6.468180591526940E-005
233 -3.704688206897454E-007 6.933485172218101E-007
234 -1.991616758182261E-006 3.727286139801451E-006
235 -1.841080707007892E-005 3.445516575470240E-005
236 -1.207131679566515E-007 2.259123944782108E-007
237 9.185396541544144E-006 -1.719026961598055E-005
238 1.135061143467142E-006 -2.124190801478258E-006
239 3.264957497405817E-005 -6.110254718325332E-005
240 3.849152027821238E-008 -7.203924469853903E-008
241 -3.030372983920689E-005 5.671241294676026E-005
242 2.268288492955955E-006 -4.245021357530500E-006
243 9.308250593329229E-006 -1.742001197662147E-005
244 -3.143050828014596E-006 5.882085042849700E-006
245 3.886081895996266E-005 -7.272670865660401E-005
246 -3.128657323121010E-005 5.855191907571149E-005
247 1.805292849233914E-006 -3.378557529327878E-006
248 -4.168464341143464E-005 7.801149311038607E-005
249 -4.344270636520556E-006 8.130150798282646E-006
250 -1.361903602013851E-005 2.548756745455296E-005
251 -3.247151987477052E-006 6.076917734052477E-006
252 -2.148069884306881E-006 4.019998026805230E-006
253 5.974246681037697E-005 -1.118059676695598E-004
254 -2.591814352867548E-006 4.850498202459082E-006
255 2.928066735583337E-007 -5.479686672850309E-007
256 8.285565202035320E-007 -1.550614478702277E-006
257 2.597130257638976E-005 -4.860444837010286E-005
258 -2.403320051607423E-005 4.497730805568565E-005
259 4.206948141898083E-007 -7.872998673740430E-007
260 -2.666210310855185E-007 4.989131546126762E-007
261 2.864689000330932E-006 -5.361174708273148E-006
262 -1.840687479073661E-005 3.444785284696588E-005
263 -3.963323802693983E-005 7.417226946971620E-005
264 2.819962067327648E-005 -5.277450394227857E-005
265 -8.578002672268375E-007 1.605349941704302E-006
266 -4.542997421997414E-006 8.502053219380238E-006
267 -2.650911402990378E-005 4.961093460022891E-005
268 -2.251699708605197E-005 4.213987639059677E-005
269 1.107102341815756E-005 -2.071904156231453E-005
270 7.192835947552501E-006 -1.346117774275174E-005
271 1.574899848885536E-006 -2.947380001291680E-006
272 1.709097181531171E-006 -3.198500960693678E-006
273 2.898493180516684E-005 -5.424427600893033E-005
274 8.204167989295946E-007 -1.535379578658498E-006
275 3.433027097927171E-005 -6.424802797282733E-005
276 8.999493119958683E-006 -1.684227734648895E-005
277 8.588205482993568E-006 -1.607254341540764E-005
278 -6.574014283912011E-006 1.230303270135743E-005
279 3.013447525208876E-007 -5.639466474988610E-007
280 -1.511510037802439E-005 2.828740269481875E-005
281 5.163301022233381E-005 -9.662967856845880E-005
282 -2.146654980494095E-005 4.017394178852229E-005
283 1.214042380852984E-004 -2.272040270794288E-004
284 -2.330135508561773E-005 4.360770922071901E-005
285 8.579288531233204E-007 -1.605585289361167E-006
286 3.708106275884283E-006 -6.939593696513334E-006
287 -1.090059624155095E-005 2.040009679535805E-005
288 -3.451573802380866E-005 6.459504611797728E-005
289 6.795916439211115E-006 -1.271831831545355E-005
290 3.528444026546186E-005 -6.603366133209832E-005
291 -5.570557382558037E-006 1.042511362553976E-005
292 -6.281950159218219E-005 1.175645742173038E-004
293 3.177934780503040E-006 -5.947413964780812E-006
294 6.031068918020889E-007 -1.128690979089989E-006
295 1.277932301468185E-005 -2.391607678444743E-005
296 -3.281810498044120E-005 6.141797249997867E-005
297 1.803606985747855E-005 -3.375389311075180E-005
298 2.077828440385380E-006 -3.888607483579667E-006
299 5.102288074991805E-005 -9.548762258577391E-005
300 -2.251622265304430E-005 4.213835694969132E-005
301 -4.103116770151351E-006 7.678848038398687E-006
302 -5.128468661082330E-005 9.597756550725965E-005
303 6.444862570658747E-005 -1.206132641289448E-004
304 8.332261837467679E-007 -1.559456359962320E-006
305 1.699403127329758E-007 -3.180235196437209E-007
306 -2.840670681472005E-006 5.316274881732824E-006
307 -1.352762657272278E-006 2.531646013876301E-006
308 1.615523773402618E-005 -3.023399850769746E-005
309 2.529927429519047E-006 -4.734687782730599E-006
310 -1.578036181477515E-005 2.953244281701111E-005
311 3.790474795476823E-005 -7.093742205001487E-005
312 5.205360064070817E-007 -9.741400815348079E-007
313 3.974098710068888E-005 -7.437422410238117E-005
314 9.567861543218294E-007 -1.790618838697336E-006
315 -3.260819455420038E-006 6.102522599010523E-006
316 1.153488253572290E-005 -2.158712849826911E-005
317 9.906577360746128E-006 -1.853990526650300E-005
318 1.588151779128661E-006 -2.972167179877030E-006
319 -4.408595680046645E-005 8.250539486989057E-005
320 -1.637339335929571E-005 3.064208427370766E-005
321 1.777426914167031E-006 -3.326394361213220E-006
322 -3.006726532345278E-006 5.627023787731928E-006
323 4.418385524744941E-005 -8.268859417033149E-005
324 1.017792675627696E-006 -1.904764256808235E-006
325 -2.554291770406259E-006 4.780266434206042E-006
326 6.393479032864582E-005 -1.196518213260619E-004
327 9.350082138548691E-007 -1.749837190295064E-006
328 -3.398788765032657E-006 6.360738737321216E-006
329 -4.392444019503474E-005 8.220315289094238E-005
330 -9.000017492002321E-005 1.684323349719539E-004
331 1.102155773854777E-006 -2.062656843835544E-006
332 1.686212588188871E-006 -3.155815732091310E-006
333 3.087544598060052E-006 -5.778170794967725E-006
334 -2.605434618257880E-006 4.875987720713006E-006
335 -3.718854719736858E-006 6.959740415920839E-006
336 8.102842313689624E-006 -1.516417745778442E-005
337 2.940882606913161E-006 -5.503743639805510E-006
338 4.956475105511272E-007 -9.276036429100948E-007
339 -2.488380794256067E-006 4.656925446134800E-006
340 4.788179409992184E-005 -8.960913780092521E-005
341 7.536189745752618E-006 -1.410371706004865E-005
342 7.787812269314403E-006 -1.457458537839427E-005
343 -4.664962242378729E-005 8.730296126377070E-005
344 -1.088410196987197E-005 2.036923124095726E-005
345 9.256840989206457E-006 -1.732384681753962E-005
346 -1.461483897940778E-006 2.735110101061131E-006
347 -3.964000748463742E-006 7.418474945624214E-006
348 -2.137429090723716E-005 4.000126712102667E-005
349 1.320470090814841E-006 -2.471198111021259E-006
350 9.590567500725110E-005 -1.794843074670030E-004
351 1.467970033946039E-005 -2.747256061704837E-005
352 -2.044952424121941E-005 3.827059576142842E-005
353 7.920823721868435E-007 -1.482379960938788E-006
354 -1.667078737670537E-005 3.119884163964160E-005
355 -2.576631043994993E-005 4.822078692897823E-005
356 -1.946817324814037E-006 3.643410449677753E-006
357 -8.439331151077403E-005 1.579392403375870E-004
358 -2.180229565515424E-007 4.080210242674504E-007
359 -4.082757254110342E-005 7.640748115599711E-005
360 1.768519361958727E-007 -3.309618976718469E-007
361 -3.800734077394098E-006 7.112933243556967E-006
362 -9.730211999030492E-005 1.820976659830619E-004
363 4.265966364971487E-005 -7.983614616909756E-005
364 1.423228822563306E-005 -2.663529218560978E-005
365 8.910500071323162E-007 -1.667564890546138E-006
366 1.545634116693610E-005 -2.892602857564776E-005
367 -5.584048222519273E-005 1.045036126312809E-004
368 1.903269040041541E-005 -3.561903712122477E-005
369 3.336889078434135E-007 -6.244581504463472E-007
370 -2.678175103603370E-006 5.012115156564161E-006
371 -7.256079380590005E-008 1.357926378934385E-007
372 -3.227803360393118E-005 6.040723646345719E-005
373 3.588392359358781E-005 -6.715566228143591E-005
374 -6.836214989610513E-007 1.279363301380199E-006
375 -5.082886486936150E-005 9.512448684845063E-005
376 1.361068758750431E-005 -2.547191917504962E-005
377 1.887834076686480E-006 -3.533020129444840E-006
378 -1.173107588647048E-005 2.195419690315790E-005
379 -8.713011588179378E-007 1.630602532107909E-006
380 4.109115515864294E-005 -7.690071153339989E-005
381 -2.706687709053270E-005 5.065473148087271E-005
382 -3.591062642468494E-006 6.720546439882418E-006
383 -7.030691644253971E-005 1.315770375785646E-004
384 3.190393081534007E-006 -5.970705971347253E-006
385 -3.575386211148369E-005 6.691218131394313E-005
386 -2.245398274187694E-006 4.202177315188114E-006
387 4.532804997176692E-005 -8.482991947636378E-005
388 -2.055366750153494E-006 3.846571459654561E-006
389 2.069612823993908E-006 -3.873193330987169E-006
390 4.261444509306577E-005 -7.975148722259593E-005
391 1.511610549897153E-006 -2.828941465959469E-006
392 7.139574439891149E-006 -1.336144851758330E-005
393 -2.521926453456283E-006 4.719706675559404E-006
394 -2.665495599598112E-005 4.988385092846441E-005
395 4.844624928910569E-005 -9.066555451402233E-005
396 2.667730943603010E-006 -4.992569910997012E-006
397 5.006131932643740E-007 -9.368613893576934E-007
398 4.233414856595714E-005 -7.922693951698944E-005
399 3.687227588559038E-005 -6.900517242822005E-005
400 -9.134069893141296E-006 1.709410098610574E-005
401 -9.481658880859174E-008 1.774399854092477E-007
402 2.177031618519758E-005 -4.074242363643158E-005
403 3.702226063091229E-006 -6.928630291069634E-006
404 -4.561818108811204E-005 8.537287413302146E-005
405 -1.836561972553806E-006 3.437060125335384E-006
406 6.157087572767657E-005 -1.152278077652941E-004
407 6.477234261975624E-006 -1.212196172022347E-005
408 -9.393473547526084E-005 1.757957133286228E-004
409 4.154486600979620E-007 -7.774914968606342E-007
410 1.829386604899137E-006 -3.423633183396745E-006
411 -1.747791745022301E-005 3.270935982535726E-005
412 3.958610913651552E-005 -7.408407146271120E-005
413 2.774342708641119E-005 -5.192085068983807E-005
414 2.587470214285402E-006 -4.842369042055701E-006
415 8.695488817470194E-005 -1.627331947523204E-004
416 -1.211272379755523E-006 2.266869083321161E-006
417 -1.898598413910378E-006 3.553175542314547E-006
418 1.319737240214159E-005 -2.469843849411023E-005
419 -8.235419629253990E-006 1.541227464170079E-005
420 1.434072745891556E-006 -2.683826294239363E-006
421 1.028567076392050E-005 -1.924928697825956E-005
422 -5.127624337099585E-007 9.596181718102944E-007
423 -4.224168092425075E-005 7.905397238729435E-005
424 -2.509403633046302E-006 4.696238062417320E-006
425 2.005761554394808E-006 -3.753693985638063E-006
426 9.426270132638977E-005 -1.764094952546141E-004
427 -1.194909273653180E-005 2.236231351679146E-005
428 7.233802915081443E-007 -1.353785305390033E-006
429 -2.170579792588103E-007 4.062387712618516E-007
430 2.210565401093018E-005 -4.136998855729649E-005
431 -4.680870403117510E-005 8.760090513205358E-005
432 9.324072222515639E-006 -1.744969206676715E-005
433 -3.013470662576894E-006 5.639598382249841E-006
434 -3.620620534774192E-006 6.775865336642371E-006
435 6.542736807343995E-005 -1.224451315442300E-004
436 -1.197989129369668E-006 2.241955070337096E-006
437 -7.310012781045619E-006 1.368041174563031E-005
438 7.166351728137504E-005 -1.341158726574335E-004
439 1.746538440741850E-006 -3.268580334597905E-006
440 -1.061171271237180E-004 1.985946421961213E-004
441 -5.133705769334783E-005 9.607557620110323E-005
442 5.277010075742327E-005 -9.875746553653748E-005
443 -2.617940546496039E-006 4.899405960146967E-006
444 7.061520322260029E-005 -1.321539758059824E-004
445 -4.076789893512075E-005 7.629575614634174E-005
446 3.355054252709339E-006 -6.278858694962457E-006
447 1.427337161046689E-006 -2.671180785272631E-006
448 1.632053123650181E-005 -3.054331805205836E-005
449 -2.108536876849956E-005 3.946053065629022E-005
450 -3.317455736400839E-006 6.208501549932186E-006
451 9.966463984917659E-006 -1.865191042328617E-005
452 1.479623724255683E-007 -2.769078041181000E-007
453 -2.905922649783464E-006 5.438338813111311E-006
454 2.508667855409457E-006 -4.694892504050811E-006
455 1.863291712194795E-006 -3.487071466767750E-006
456 -1.136552084653023E-005 2.127018659914174E-005
457 2.967873994308094E-005 -5.554278605304890E-005
458 3.229443314649577E-006 -6.043796625824634E-006
459 1.084162554743236E-005 -2.028975543126029E-005
460 -1.383239782475363E-004 2.588686796755600E-004
461 -6.218162379945568E-006 1.163707913788222E-005
462 -2.067802617528076E-005 3.869824264705776E-005
463 -3.898164772718911E-006 7.295287042174986E-006
464 -3.045967265018354E-005 5.700422366695577E-005
465 6.526916150285968E-005 -1.221490474420390E-004
466 5.276274071546262E-006 -9.874348851014144E-006
467 1.081621732004106E-006 -2.024263788972107E-006
468 -8.959538529832224E-005 1.676747679275597E-004
469 -2.935483436264523E-007 5.494190494441650E-007
470 -3.747511962441133E-006 7.013382052057833E-006
471 -2.584340185234449E-007 4.836268508986116E-007
472 7.573714399504523E-007 -1.417422109772467E-006
473 -4.855067481207593E-006 9.086118688407685E-006
474 -1.263697580722827E-006 2.364936244851093E-006
475 -3.553606699512657E-005 6.650456752691970E-005
476 -8.744217882644811E-007 1.636454503782878E-006
477 1.454722111467824E-005 -2.722463994782700E-005
478 4.113313730708959E-006 -7.697936706679727E-006
479 7.483794236382569E-005 -1.400566990229839E-004
480 2.127794652387022E-006 -3.982150580588635E-006
481 8.723441397872352E-008 -1.632620541334788E-007
482 -2.873884085380606E-006 5.378370115376694E-006
483 5.017842394791830E-005 -9.390725017429921E-005
484 -7.228278227790409E-005 1.352748088016246E-004
485 2.659875484668235E-005 -4.977871489928340E-005
486 -1.055844725116977E-005 1.975972751968732E-005
487 3.538179957431750E-006 -6.621525060662372E-006
488 -9.612028375989642E-006 1.798859924559975E-005
489 1.026395195427363E-004 -1.920863995556112E-004
490 -1.071815834836981E-005 2.005868990248884E-005
491 -6.698116959884854E-005 1.253529813839297E-004
492 4.308768809085005E-006 -8.063617657403177E-006
493 5.986494619422914E-005 -1.120352179973620E-004
494 -7.462769987086775E-005 1.396632263595918E-004
495 -6.716159508459368E-007 1.256846655749714E-006
496 -2.403331825866033E-006 4.497780675121800E-006
497 8.997329518739851E-005 -1.683820434558364E-004
498 3.369199610912059E-005 -6.305343749496219E-005
499 -2.715479228049375E-006 5.081932439000983E-006
500 -1.558517448692900E-006 2.916609260506483E-006
501 -3.366393917928524E-005 6.300092339457191E-005
502 8.127979591995285E-005 -1.521124320698555E-004
503 -1.682686785843635E-005 3.149055808689572E-005
504 -4.140821510644378E-005 7.749408189443958E-005
505 -3.712591960379211E-006 6.947675846916071E-006
506 -3.388176912980402E-005 6.340857020014906E-005
507 -2.047257623953178E-006 3.831368576929803E-006
508 1.133042915682803E-005 -2.120451733274771E-005
509 6.100665242517137E-007 -1.141307131988626E-006
510 3.225496461593685E-006 -6.037037235615315E-006
511 1.825237861503241E-005 -3.415872403102947E-005
512 -3.305962317492992E-006 6.187028303452501E-006
513 -2.063199253511724E-006 3.860961418969138E-006
514 2.805582479845485E-007 -5.251637548215822E-007
515 7.599001441227180E-005 -1.422127931437801E-004
516 1.250568781313937E-004 -2.340398010959800E-004
517 -2.037806276030470E-006 3.813657086591301E-006
518 -2.151711714290541E-007 4.026509618721156E-007
519 5.623870957810712E-005 -1.052488686049766E-004
520 -2.527500442063174E-007 4.730306827449630E-007
521 1.327537438129679E-005 -2.484438309988780E-005
522 -6.442201286445721E-005 1.205636081708101E-004
523 -1.143098479515754E-005 2.139265713025122E-005
524 7.619488068203352E-005 -1.425961614105918E-004
525 7.587907568335125E-005 -1.420051593473889E-004
526 -1.253160400426438E-005 2.345257408312254E-005
527 4.662204963146069E-005 -8.725156479591184E-005
528 -1.006110477679377E-004 1.882901975558401E-004
529 -1.348553297409479E-004 2.523772167351158E-004
530 6.244411264582563E-006 -1.168625854670806E-005
531 -1.543772820944963E-008 2.882639537605323E-008
532 5.070089276898390E-005 -9.488501880778535E-005
533 -1.027942011652137E-006 1.923786837635083E-006
534 8.104733845325600E-007 -1.516769488832950E-006
535 -5.294161208814573E-005 9.907847367603931E-005
536 6.029758237849849E-006 -1.128454631426485E-005
537 -1.368998233345806E-006 2.562034870289592E-006
538 -1.644106170715786E-005 3.076890285275904E-005
539 2.984108693608447E-006 -5.584636897093065E-006
540 1.419499776060847E-005 -2.656543655022351E-005
541 2.986296846801477E-006 -5.588723671609626E-006
542 1.830156464335819E-006 -3.425129213245911E-006
543 -6.126981831191581E-005 1.146644107396393E-004
544 -2.893047208734539E-006 5.414249430710412E-006
545 -1.738366960238791E-006 3.253302997977025E-006
546 1.677654080143767E-005 -3.139673363930659E-005
547 -9.398124308611001E-008 1.759438727439496E-007
548 -2.009586771136933E-005 3.760873269865940E-005
549 -7.973865860097100E-005 1.492282189745982E-004
550 -1.225221171340466E-006 2.292928150604791E-006
551 1.505248668667077E-005 -2.817021800321665E-005
552 1.195040672859127E-004 -2.236478500982450E-004
553 1.344741253234003E-005 -2.516638490678092E-005
554 -7.547868182031990E-005 1.412558531910566E-004
555 4.562373739480125E-006 -8.538358366287419E-006
556 3.135228867411976E-006 -5.867499872660921E-006
557 -1.658835139927590E-006 3.104344989787947E-006
558 4.648288271442262E-005 -8.699113822973741E-005
559 -5.459835530176772E-005 1.021790051636171E-004
560 -3.022271880854674E-005 5.656081429479857E-005
561 -1.116492462470970E-005 2.089479950988106E-005
562 1.046036685272936E-005 -1.957629261004875E-005
563 -1.063997580177524E-004 1.991235797425052E-004
564 -8.128232649308609E-007 1.521179738377172E-006
565 -7.182725792630366E-005 1.344222786197926E-004
566 -8.492008415223057E-006 1.589248019281746E-005
567 2.406827647833181E-005 -4.504300037890549E-005
568 -2.947265453514827E-005 5.515711056689602E-005
569 7.188546063996998E-006 -1.345307823437167E-005
570 -1.777098330192881E-005 3.325779435025221E-005
571 -1.401982713997339E-005 2.623766610434394E-005
572 3.378518298115337E-005 -6.322780838940865E-005
573 4.038759815706182E-007 -7.558038147114548E-007
574 4.522370453400438E-005 -8.463467906869956E-005
575 -6.847282014136857E-008 1.280785804859381E-007
576 -4.749387120085901E-005 8.888317711672166E-005
577 -1.177870634511638E-004 2.204345708794166E-004
578 8.796001158295922E-005 -1.646142391932973E-004
579 3.446550721491871E-005 -6.450100759159886E-005
580 4.455540726633812E-007 -8.338294315584270E-007
581 3.934724347079402E-005 -7.363704919240078E-005
582 9.949996685058244E-007 -1.862114943012242E-006
583 6.673594844712405E-005 -1.248941088699093E-004
584 6.591991131238429E-006 -1.233681164393798E-005
585 8.743600838545759E-005 -1.636335875567612E-004
586 -5.624773381175547E-007 1.052663204277017E-006
587 -8.749281558738683E-006 1.637400810419162E-005
588 -1.316784066926188E-005 2.464315607450708E-005
589 -3.895253001284173E-005 7.289835634164843E-005
590 1.153622772417186E-006 -2.158977030366350E-006
591 -1.438239477154785E-005 2.691617490503560E-005
592 -7.592686470281245E-007 1.420943104735892E-006
593 1.796762604636515E-006 -3.362581328265976E-006
594 -2.022896219447678E-006 3.785756249769214E-006
595 3.015505446609735E-005 -5.643418127821118E-005
596 -4.162522057528737E-006 7.790045417193437E-006
597 4.435803171130957E-005 -8.301455779081171E-005
598 5.232464515740594E-006 -9.792443101524697E-006
599 -9.980251475731353E-006 1.867770161607617E-005
600 -8.530345812501376E-005 1.596425726843487E-004
601 4.528322728410106E-006 -8.474618044665204E-006
602 3.247691588665214E-007 -6.077610382206985E-007
603 1.123339828967863E-005 -2.102295141636112E-005
604 7.486121029585758E-007 -1.401023573636407E-006
605 7.544450223168655E-006 -1.411916888769333E-005
606 -4.565521586042902E-007 8.544245291550073E-007
607 -6.474396777224211E-007 1.211656320672053E-006
608 -1.112555031568602E-005 2.082108813337742E-005
609 2.834529633308609E-005 -5.304727093849719E-005
610 -2.050724768796389E-005 3.837861821019091E-005
611 -4.816139655541740E-007 9.012856331233729E-007
612 -2.775577877035804E-007 5.192433277669284E-007
613 6.100613901546802E-006 -1.141709686172911E-005
614 -1.145735024765070E-005 2.144204689802586E-005
615 -1.620240498615248E-007 3.032372183527673E-007
616 1.384454933678410E-005 -2.590959923527510E-005
617 2.020561085627933E-005 -3.781410902333327E-005
618 1.367717562078351E-006 -2.559634876177101E-006
619 1.324265623311132E-006 -2.478276404839308E-006
620 2.419703094325025E-006 -4.528384385254503E-006
621 3.899279503210757E-006 -7.297380067989964E-006
622 4.988526350957419E-005 -9.335859431441074E-005
623 2.310448061864567E-006 -4.323924450652472E-006
624 -2.249237285106071E-006 4.209379051391516E-006
625 2.419691593244674E-005 -4.528377075697535E-005
626 -3.005611776103714E-007 5.624792570315573E-007
627 -8.963060032970503E-006 1.677401160293185E-005
628 -2.108554926905326E-005 3.946091887593468E-005
629 -6.810649613269364E-009 1.274061872416554E-008
630 -1.281586235996827E-007 2.398398327927685E-007
631 -1.082904685464689E-005 2.026621903747306E-005
632 4.598669347844474E-006 -8.606290578067872E-006
633 4.458597937018532E-008 -8.338866395887217E-008
634 -6.699272037713671E-007 1.253772903362369E-006
635 -4.387298976452132E-005 8.210682422556302E-005
636 1.032559665335636E-005 -1.932401519499300E-005
637 5.023400659044542E-007 -9.401729133711077E-007
638 -2.697140530737704E-005 5.047610157115508E-005
639 -2.310220874269714E-007 4.323478957399639E-007
640 6.857051641816991E-006 -1.283273866937178E-005
641 -3.393708034658765E-007 6.350844738846211E-007
642 2.915057295276845E-005 -5.455432726011011E-005
643 -2.170148623094425E-006 4.061364902435681E-006
644 -1.499145706207159E-005 2.805599623139141E-005
645 1.505627786045710E-006 -2.817721727598477E-006
646 9.080441094347010E-005 -1.699375086913409E-004
647 2.981209660418553E-007 -5.573205382686182E-007
648 -5.368873833222047E-007 1.004699808920425E-006
649 1.632774472286000E-005 -3.055682594604718E-005
650 -5.435244406660599E-005 1.017188791997305E-004
651 -2.300644900482207E-007 4.305354702463464E-007
652 -3.874504361910982E-005 7.251003119119875E-005
653 -1.310763177239292E-007 2.454794203328150E-007
654 -7.099704628351015E-007 1.328763013892400E-006
655 3.372457329545391E-006 -6.311425228509798E-006
656 7.672417158188557E-005 -1.435866894848897E-004
657 4.172824648092397E-008 -7.805082280183118E-008
658 1.537668118692653E-006 -2.877558305859083E-006
659 4.068087189765084E-005 -7.613280614796443E-005
660 9.315093302103765E-006 -1.743288734365174E-005
661 -6.051546138419975E-006 1.132526799103861E-005
662 -1.388519502539781E-007 2.598928897924279E-007
663 1.275981120450887E-007 -2.388186568954853E-007
664 1.289432337553068E-005 -2.413127433630524E-005
665 -4.042258369793852E-007 7.564923174388606E-007
666 -5.721607690333643E-006 1.070779850883685E-005
667 2.412569340128962E-005 -4.515042649315765E-005
668 -1.071252413133699E-006 2.004808195343765E-006
669 1.637854854603310E-007 -3.065164368793338E-007
670 -4.532404773599534E-006 8.482224235595667E-006
671 -9.183774224357697E-008 1.718591282438917E-007
672 6.186943988626801E-006 -1.157862286724692E-005
673 1.632528053279999E-007 -3.054952101648375E-007
674 -2.084560271207294E-005 3.901180746669470E-005
675 -4.571851614570100E-005 8.556071022738233E-005
676 -2.075159721469105E-006 3.883625076315961E-006
677 4.204232346076103E-005 -7.868080640031764E-005
678 5.295400117814751E-007 -9.910132838706126E-007
679 -9.881058837814587E-006 1.849210087558863E-005
680 1.812800272017336E-005 -3.392593412323178E-005
681 1.921239826826155E-007 -3.595474913031251E-007
682 5.089104626900140E-007 -9.524129819160866E-007
683 -1.239274551267321E-005 2.319256755807802E-005
684 4.624223232183769E-009 -8.635291396447606E-009
685 -1.556888698744907E-005 2.913665113158801E-005
686 -2.364927265695335E-006 4.425898709866708E-006
687 -3.537426102936574E-005 6.620168715925861E-005
688 3.615943701672730E-007 -6.767382754194765E-007
689 6.551651248531530E-007 -1.226107092206290E-006
690 -1.908503458682667E-005 3.571699463432219E-005
691 -2.032648961386611E-007 3.804336406140711E-007
692 -1.811514193104294E-007 3.390173211006940E-007
693 -1.772073605489432E-005 3.316376712451366E-005
694 -2.845454171804688E-006 5.325203425528269E-006
695 -1.478423611553265E-007 2.766879247840857E-007
696 3.432393047335422E-007 -6.423409696787200E-007
697 -9.751591428955533E-006 1.824973265064722E-005
698 1.762724032029683E-005 -3.298882999076244E-005
699 3.329430458847378E-005 -6.230917349012827E-005
700 1.608116977362745E-006 -3.009565439783760E-006
701 3.041861887895206E-005 -5.692738179634199E-005
702 7.531298033081245E-007 -1.409476273697045E-006
703 7.569467643309257E-006 -1.416600832130931E-005
704 -1.701215518165928E-007 3.183082564300508E-007
705 -1.601875163737433E-007 2.998261442853611E-007
706 7.386944514319019E-006 -1.382441254017850E-005
707 1.698563316200711E-006 -3.178812654990747E-006
708 -1.643173332997166E-005 3.075142349216951E-005
709 -3.933154982472774E-007 7.360838030348278E-007
710 3.986453456720110E-007 -7.460566669465844E-007
711 -3.113597389466941E-005 5.826991243329134E-005
712 4.368597633080360E-005 -8.175667514200444E-005
713 4.613336743775229E-007 -8.633359991788444E-007
714 -1.542871533046758E-006 2.887462099907099E-006
715 -3.572451060799835E-005 6.685728082504215E-005
716 1.407070438085561E-005 -2.633285084602437E-005
717 6.835653968216646E-007 -1.279262033511411E-006
718 3.075607014731917E-005 -5.755886923011416E-005
719 -3.373864828226973E-007 6.314356599128924E-007
720 2.088846729621658E-004 -3.909206021308681E-004
721 1.424245787593117E-004 -2.665427795612467E-004
722 6.967909271578886E-005 -1.304021457810151E-004
723 -4.262846890528200E-005 7.977767932359872E-005
724 -1.843614782257984E-007 3.450381073956728E-007
725 -1.276468264677116E-005 2.388878688974703E-005
726 3.975550662180090E-007 -7.440432419726491E-007
727 -2.245664949955503E-005 4.202695011432328E-005
728 1.095451060657197E-006 -2.050105036876216E-006
729 3.543157603856104E-005 -6.630903502452526E-005
730 7.387476441447809E-007 -1.382563982234656E-006
731 3.354183340473607E-005 -6.277250735664430E-005
732 -1.106413491523021E-006 2.070603759820597E-006
733 -5.270492878666841E-006 9.863963342614762E-006
734 3.043008803018050E-006 -5.695072771097429E-006
735 -9.991560422738768E-007 1.869916808259095E-006
736 2.315081547341256E-005 -4.332611259084393E-005
737 1.360674254035785E-008 -2.536171364614093E-008
738 8.483080887800550E-007 -1.587497203304909E-006
739 2.726223530716728E-007 -5.103142509920031E-007
740 -4.388969818066961E-005 8.213792323258648E-005
741 -9.801166156226346E-006 1.834276688872419E-005
742 -1.603137428468234E-007 3.001846983825811E-007
743 1.773519919878775E-005 -3.319079459756780E-005
744 -3.793859298113137E-007 7.100580598523688E-007
745 -4.065097170170298E-005 7.607688197276126E-005
746 -2.716870491180585E-006 5.084493022726460E-006
747 -1.877352752297720E-005 3.513398157532598E-005
748 1.534708171938146E-006 -2.872031008163377E-006
749 -5.415798403396348E-008 1.013868825925676E-007
750 5.040237718936420E-007 -9.430178684948371E-007
751 -9.851150428696611E-005 1.843610478735561E-004
752 1.221230156002233E-006 -2.285571577931952E-006
753 1.568226282043727E-004 -2.934883966025871E-004
754 -4.252536878009026E-007 7.958561771868568E-007
755 2.366540288696767E-006 -4.428933932998506E-006
756 -1.488774683920503E-004 2.786191980375413E-004
757 -4.156703161534496E-004 7.779133538344153E-004
758 -4.934317746502264E-006 9.234345243249130E-006
759 2.482027363556709E-006 -4.645350805525807E-006
760 2.531148453010404E-004 -4.736958886879141E-004
761 5.995572445291615E-005 -1.122054266009949E-004
762 1.279587671061565E-004 -2.394704706123580E-004
763 -1.078167831908906E-005 2.017752954155072E-005
764 -1.488562533657751E-006 2.785646871718340E-006
765 3.050839748182750E-005 -5.709540349467763E-005
766 1.004158964107066E-006 -1.879286934548955E-006
767 -6.975769664920285E-005 1.305493538844154E-004
768 -3.772866590159563E-004 7.060795655528411E-004
769 -6.048601199194060E-007 1.132160901661466E-006
770 1.992028848853541E-004 -3.728016308292747E-004
771 -8.968118927494151E-006 1.678342516414106E-005
772 -1.903969633101966E-004 3.563216917891247E-004
773 -4.034497359403282E-006 7.550388314207358E-006
774 2.441813709007147E-004 -4.569771756721365E-004
775 6.762852581984244E-006 -1.265648630827189E-005
776 -8.078521733649417E-005 1.511868281803470E-004
777 1.179460473066920E-004 -2.207320791722723E-004
778 -2.491514191070742E-005 4.662780103839207E-005
779 -1.838936894147829E-006 3.441588716055211E-006
780 -1.165802877154735E-004 2.181760053433278E-004
781 1.858152842099530E-004 -3.477469482088109E-004
782 -1.474465071373428E-004 2.759411331114470E-004
783 -2.118735750989169E-006 3.965034403745069E-006
784 1.549444598221244E-004 -2.899732860733879E-004
785 1.358420223214926E-005 -2.542237701282656E-005
786 -3.541305036517528E-004 6.627433024416445E-004
787 -3.993018591015357E-006 7.472738920895902E-006
788 -1.025085756041581E-004 1.918414185340206E-004
789 -4.298327821419536E-006 8.044184504031785E-006
790 1.376016155977274E-004 -2.575168181650156E-004
791 4.892501839082929E-006 -9.156122485446229E-006
792 -8.028391420587625E-005 1.502487501049904E-004
793 -3.482873117417411E-007 6.516652561628308E-007
794 2.820888608811744E-005 -5.279202901706384E-005
795 2.559929839344590E-006 -4.790943741999403E-006
796 7.374534344231184E-005 -1.380119437147702E-004
797 -1.106512114753701E-005 2.070797567895201E-005
798 1.711730486282385E-006 -3.203550801506601E-006
799 1.026070282229498E-004 -1.920255317723927E-004
800 -1.730098578921219E-006 3.237918340199516E-006
801 -1.313005582973665E-004 2.457246121211711E-004
802 2.001376898664199E-005 -3.745506892230749E-005
803 8.470822917870245E-005 -1.585286450984979E-004
804 2.334534965257369E-006 -4.369140850267589E-006
805 -2.359657879213866E-005 4.416015568501416E-005
806 5.068063392515934E-007 -9.483824656421448E-007
807 -3.192185115567233E-007 5.975520905606210E-007
808 -3.261691540185927E-005 6.104153852120131E-005
809 2.030546034774540E-006 -3.800175530152308E-006
810 4.422804607228121E-005 -8.277145280865649E-005
811 -8.801821479914687E-007 1.647274087444323E-006
812 7.397924389764853E-005 -1.384496561902383E-004
813 2.195227298769554E-006 -4.108428912565503E-006
814 -1.419535955689434E-004 2.656614946479893E-004
815 -2.947956904528429E-007 5.514801839595316E-007
816 -9.287644763931947E-005 1.738152317552191E-004
817 -1.092793511626512E-004 2.045125728233773E-004
818 -1.080641113497198E-004 2.022384337732588E-004
819 -2.577739714015250E-007 4.824114906577500E-007
820 1.240613281672867E-004 -2.321764707019789E-004
821 6.176491761659750E-006 -1.155906324020388E-005
822 2.517060276974731E-005 -4.710589634445414E-005
823 1.172633481930667E-004 -2.194544338682364E-004
824 1.435196182924361E-005 -2.685919278579911E-005
825 -2.209276735939358E-006 4.134537866131470E-006
826 -1.237077005231680E-004 2.315147011844246E-004
827 5.617975167793935E-006 -1.051402901155337E-005
828 -3.566593441151622E-005 6.674770524867178E-005
829 1.427031089561622E-006 -2.670905110126325E-006
830 4.117862195009385E-006 -7.706263645436287E-006
831 1.075812157179001E-006 -2.013378741762992E-006
832 8.770829748421380E-005 -1.641432173774548E-004
833 6.144280764590233E-007 -1.150213005649783E-006
834 -2.656751762616192E-005 4.972026799567521E-005
835 1.551718389247514E-004 -2.903989504442890E-004
836 -2.195963521532598E-006 4.109452674745480E-006
837 -5.945542817535085E-006 1.112686191737555E-005
838 -8.326756918560763E-007 1.558372826473472E-006
839 8.470868106459802E-005 -1.585292691579530E-004
840 4.591177840504565E-006 -8.592174703365927E-006
841 -5.103545650075798E-007 9.556050176873940E-007
842 2.491802408350509E-005 -4.663330507221503E-005
843 -8.890359605973460E-007 1.663545130872049E-006
844 -1.065218037269362E-006 1.993683966381328E-006
845 8.892711658538417E-005 -1.664243448184495E-004
846 2.836567735582043E-005 -5.308541683699491E-005
847 -8.526689564464935E-006 1.595752290280045E-005
848 -1.610669892673497E-006 3.014241642834449E-006
849 5.271899920568598E-005 -9.866235785653004E-005
850 6.490161870555394E-007 -1.214822596590901E-006
851 4.433693060661831E-005 -8.297505221543708E-005
852 2.107261876581916E-006 -3.943590160098647E-006
853 -3.423381906171896E-006 6.406817082976792E-006
854 1.226803544621189E-004 -2.295919569037065E-004
855 -2.843953469024153E-006 5.322481379282251E-006
856 -3.320014834980578E-006 6.213028690411730E-006
857 8.683062247769498E-006 -1.625032089158198E-005
858 -1.119791916728489E-004 2.095653283189695E-004
859 9.339606489031427E-005 -1.747878071627297E-004
860 5.712617865038925E-006 -1.069097091421732E-005
861 1.172296900437955E-006 -2.194108650200309E-006
862 -9.764762956624085E-005 1.827443113465979E-004
863 -5.918181589002670E-006 1.107577769569693E-005
864 -1.713963828904127E-005 3.207614017302479E-005
865 -9.752502043629579E-007 1.825177204534235E-006
866 -7.493828813488262E-007 1.402410103454298E-006
867 1.029594869635721E-006 -1.926859773172589E-006
868 8.517631904506635E-005 -1.594046696599161E-004
869 2.144815586045007E-005 -4.013969885839687E-005
870 6.643078371823319E-007 -1.242510973162647E-006
871 -9.534021265666149E-007 1.784123599512522E-006
872 -3.803401226835855E-005 7.117942693333533E-005
873 -1.155352891777970E-006 2.162117787513738E-006
874 5.664490822439661E-006 -1.060088841295355E-005
875 -3.999713276110919E-006 7.485347458831883E-006
876 -1.434507091981779E-005 2.684651246298937E-005
877 3.012580251179863E-006 -5.638026697886484E-006
878 -1.294486594189356E-004 2.422586827234145E-004
879 2.342340373619487E-004 -4.383609985274814E-004
880 7.195032656489737E-006 -1.346551825330777E-005
881 -1.507778247364455E-004 2.821752262292062E-004
882 -5.790841268343451E-006 1.083762242616279E-005
883 9.454199100945272E-005 -1.769323935159267E-004
884 1.431943517510845E-006 -2.679866669661578E-006
885 5.616627204464703E-007 -1.051552223387228E-006
886 -1.057809192828689E-005 1.979646401871158E-005
887 -4.060550880540238E-007 7.598212101144477E-007
888 -2.194987460217829E-006 4.107943747151586E-006
889 -9.416122465953212E-006 1.762209694500614E-005
890 -1.825395611691660E-005 3.416177702513043E-005
891 3.156443066606529E-006 -5.907352309215645E-006
892 -4.573748119951128E-006 8.559532189160066E-006
893 -1.053408246529890E-004 1.971418470886720E-004
894 7.173571090497823E-005 -1.342509155741692E-004
895 -1.999769817188865E-005 3.742452543340018E-005
896 -6.932881676115099E-005 1.297466366773704E-004
897 5.361533692529125E-005 -1.003397224073779E-004
898 -1.810020909862543E-004 3.387396118512209E-004
899 1.361634940830541E-006 -2.548252724947810E-006
900 -4.839017105227226E-005 9.056072574946580E-005
901 -1.512971723156295E-006 2.831467775489748E-006
902 2.834364779964322E-006 -5.304462565737591E-006
903 -6.673069130699191E-005 1.248843082591077E-004
904 1.921843685541975E-005 -3.596670107953929E-005
905 3.947793028114408E-005 -7.388163728164491E-005
906 -2.370326266084737E-006 4.436071491729156E-006
907 2.322665791099113E-006 -4.346862629868480E-006
908 1.160111719492582E-005 -2.171088954548174E-005
909 5.601706170713464E-006 -1.048363195132970E-005
910 -1.261911833921804E-005 2.361629577540930E-005
911 -5.125218900787143E-005 9.591661625300248E-005
912 1.800696625730340E-005 -3.369964216186734E-005
913 7.338963161193358E-005 -1.373463758753004E-004
914 -1.242855640020830E-005 2.325966114843883E-005
915 6.479688332257365E-005 -1.212652379913342E-004
916 5.199434543885058E-005 -9.730538923855547E-005
917 -8.577187289678133E-006 1.605159549276453E-005
918 4.076662884831729E-005 -7.629347045244818E-005
919 -1.982740058129982E-006 3.710509338908001E-006
920 2.198384577570441E-006 -4.114256404164470E-006
921 -4.198374756204014E-006 7.857125651527843E-006
922 -1.626357933750490E-006 3.043250550290591E-006
923 -2.040908545576744E-006 3.819865974899062E-006
924 -4.877777178984252E-005 9.128601963721073E-005
925 -8.035656697785686E-006 1.503872788084987E-005
926 -3.073272410207152E-007 5.752458695582401E-007
927 8.066798417403496E-005 -1.509670620166869E-004
928 1.241221175135079E-005 -2.322914796676931E-005
929 6.446182724310481E-006 -1.206399974635804E-005
930 6.309508527408799E-005 -1.180801497263517E-004
931 -5.534904317895883E-006 1.035820586164978E-005
932 -3.409626642231480E-006 6.381083565310020E-006
933 4.751661221379164E-005 -8.892580517004481E-005
934 -8.407361341417033E-006 1.573326745256362E-005
935 -4.587781605097236E-005 8.585885399875133E-005
936 1.950703907911376E-006 -3.650744581530111E-006
937 -2.558293411735393E-005 4.787770726485439E-005
938 6.848898702560750E-007 -1.281731752066312E-006
939 -6.960893424503919E-007 1.302702588365313E-006
940 2.087572369549120E-006 -3.906823581130603E-006
941 -3.896396582663434E-007 7.292596377988404E-007
942 1.444212278999398E-005 -2.702804850382598E-005
943 1.008465974286712E-006 -1.887319583268894E-006
944 5.200944922049295E-007 -9.733889713294852E-007
945 4.373851481603027E-006 -8.185258382361853E-006
946 -9.733060366057525E-005 1.821508152118213E-004
947 -3.752995888195316E-005 7.023604364520034E-005
948 -3.669660499970457E-006 6.868059774313327E-006
949 -4.167949331888558E-006 7.800181149600333E-006
950 1.135881611512582E-005 -2.125751880162338E-005
951 5.426012559763985E-005 -1.015455175149762E-004
952 5.693842099119509E-006 -1.065532110504146E-005
953 -9.221770644607431E-006 1.725865294736940E-005
954 -3.011322017195542E-006 5.635494035282701E-006
955 2.046527734945933E-005 -3.830058531980247E-005
956 1.264705632251029E-005 -2.366865993182919E-005
957 9.861042158094281E-005 -1.845459063946971E-004
958 3.032711033687515E-006 -5.675580163991443E-006
959 1.110448379863284E-004 -2.078167536017733E-004
960 2.830828559220515E-006 -5.297956696356785E-006
961 -7.626844158688744E-005 1.427336894573368E-004
962 -4.161828816077589E-006 7.788471666876965E-006
963 5.024313669946109E-005 -9.402834422706221E-005
964 9.365216664702416E-006 -1.752677751426202E-005
965 -1.082401311215659E-004 2.025678159882575E-004
966 6.948734854843489E-006 -1.300426515580736E-005
967 6.902351679081204E-005 -1.291753358187029E-004
968 4.583695983545176E-006 -8.578583630375200E-006
969 -2.561339145709545E-005 4.793454826259023E-005
970 -3.441919338948644E-006 6.441474111799628E-006
971 8.167848219558121E-006 -1.528592015661118E-005
972 -4.149899143310148E-005 7.766392023732429E-005
973 9.914689147964372E-006 -1.855503166227686E-005
974 -2.064809721150137E-006 3.864025941308975E-006
975 1.231871976502082E-005 -2.305409006270757E-005
976 -2.231123639030048E-006 4.175667181508565E-006
977 1.055033308043599E-006 -1.974353781827763E-006
978 -3.186572989490879E-005 5.963592577720259E-005
979 2.505454476632319E-007 -4.691281705988050E-007
980 -1.990599650263833E-006 3.725215513029542E-006
981 2.591877200951467E-005 -4.850614459059890E-005
982 -6.091262397135064E-005 1.139958229739133E-004
983 -3.371211615306859E-007 6.308997314780425E-007
984 4.003392716280892E-005 -7.492222918153111E-005
985 -2.269571095106235E-006 4.247218230804789E-006
986 -1.339097893233006E-006 2.506245319825356E-006
987 -4.771187934499955E-005 8.929170706856942E-005
988 3.790607955445937E-006 -7.093701733039146E-006
989 1.675191843755651E-005 -3.135063060065595E-005
990 -4.781304939286392E-006 8.947542264269431E-006
991 1.072448000201417E-005 -2.007033594526662E-005
992 -1.988403206960884E-006 3.721187387436148E-006
993 6.351106153530034E-005 -1.188589095141621E-004
994 -7.433018840120093E-005 1.391059223932453E-004
995 6.969965308991651E-006 -1.304390017380812E-005
996 -2.310284839197880E-006 4.323552784236239E-006
997 -1.706505613002337E-006 3.193485154444205E-006
998 -2.012689109798003E-005 3.766672460904362E-005
999 -1.098508696658836E-005 2.055845755150303E-005
1000 -6.945986847787870E-005 1.299915953246598E-004
1001 -8.182916517880502E-006 1.531401042926952E-005
1002 1.255262673503041E-005 -2.349186916968934E-005
1003 7.780020189540190E-006 -1.456040730487154E-005
1004 -1.087210505181512E-006 2.034983404424801E-006
1005 -8.131200213009776E-007 1.521639244474269E-006
1006 -3.888731738928983E-005 7.277636929108179E-005
1007 -1.535833524957011E-004 2.874262900829644E-004
1008 1.759630374114696E-005 -3.293086297792745E-005
1009 -6.974291719288551E-005 1.305213965955646E-004
1010 -7.484183299978044E-005 1.400639313820011E-004
1011 -3.300652258858528E-007 6.178640841866873E-007
1012 3.862178415996160E-007 -7.226788780304606E-007
1013 5.792943787164992E-005 -1.084129535184211E-004
1014 -1.983366816884619E-006 3.711816767721487E-006
1015 -1.078008213429293E-006 2.017460586868583E-006
1016 -1.823358458885912E-006 3.412256619464081E-006
1017 1.920835609867532E-007 -3.595321505946160E-007
1018 4.163811800166541E-006 -7.792806390203975E-006
1019 -4.051815892666543E-005 7.582833949873165E-005
1020 -5.593439087701954E-005 1.046794267481906E-004
1021 -2.766847541217917E-005 5.178033276183772E-005
1022 -5.478114762865727E-007 1.024870318119030E-006
1023 -1.107230338835277E-007 2.071114102852047E-007
1024 2.582158694072727E-005 -4.832430919902564E-005
1025 -4.988264811870317E-007 9.332208172785075E-007
1026 4.998452837393035E-005 -9.354433173289756E-005
1027 -3.626729667405425E-006 6.787466255097991E-006
1028 1.785932719732378E-005 -3.342304138030888E-005
1029 -1.399300823292248E-006 2.618837280619992E-006
1030 -1.663761960826080E-005 3.113688620524549E-005
1031 -1.078887677092363E-006 2.018985852310250E-006
1032 2.174017574184554E-006 -4.068395585413413E-006
1033 3.390823152661610E-006 -6.345707456076383E-006
1034 9.810872867742714E-006 -1.836082521222442E-005
1035 -4.251140593571213E-005 7.955854472391116E-005
1036 -2.082056379214597E-005 3.896493372579865E-005
1037 2.517533404616955E-008 -4.731405830155830E-008
1038 6.476612931758279E-007 -1.211995989984717E-006
1039 -1.049080660720684E-004 1.963324067341452E-004
1040 -4.018841401338249E-006 7.521113216654188E-006
1041 -1.283037728011236E-005 2.401152175117461E-005
1042 -8.905122041946495E-006 1.666560099853498E-005
1043 7.274825021625833E-005 -1.361462131970822E-004
1044 -8.603472399094818E-007 1.610331215501786E-006
1045 7.252823782769968E-007 -1.357139054926785E-006
1046 -3.888308728924623E-005 7.276861845289302E-005
1047 -2.848443617311240E-006 5.330567743425779E-006
1048 -1.938306081897717E-006 3.627776601743220E-006
1049 1.146811946632793E-005 -2.146213378739759E-005
1050 -9.140808563181875E-006 1.710653861154977E-005
1051 -5.563613472087062E-007 1.040980502746867E-006
1052 -1.273406743817070E-005 2.383132731177815E-005
1053 1.291527344762628E-006 -2.417131852858319E-006
1054 -1.373991935644749E-006 2.571267984926766E-006
1055 4.843755834781413E-005 -9.064923559763860E-005
1056 -5.793534313257930E-005 1.084236946604666E-004
1057 -2.017483277360611E-005 3.775681091160702E-005
1058 3.083891011804149E-005 -5.771415736242638E-005
1059 1.273651996037483E-006 -2.383632384245916E-006
1060 2.928884110788224E-006 -5.481127994499545E-006
1061 -8.757886919174055E-006 1.639005947479089E-005
1062 -9.155440477950030E-007 1.713291676738772E-006
1063 1.316870946951484E-006 -2.464184969941666E-006
1064 -4.947436489385809E-005 9.258971038863186E-005
1065 1.092221181369428E-005 -2.044058704426628E-005
1066 2.589900942182232E-005 -4.846911229952883E-005
1067 -1.845424076290894E-006 3.453471213756078E-006
1068 5.349579258642834E-007 -1.001212405590982E-006
1069 2.402419447521786E-006 -4.496071561186825E-006
1070 2.076445211698923E-005 -3.885983996103743E-005
1071 1.864887467545415E-006 -3.490154200462264E-006
1072 -1.894732625260459E-005 3.545923426874411E-005
1073 6.253735460586878E-008 -1.173144634163286E-007
1074 1.249817792972662E-006 -2.338704939636748E-006
1075 3.077563690605202E-007 -5.760554351997346E-007
1076 3.074067093429200E-005 -5.752988934093421E-005
1077 4.010000069943008E-005 -7.504584686794931E-005
1078 4.360519534976033E-006 -8.160338424177513E-006
1079 2.823270359129748E-005 -5.283644283923855E-005
1080 1.530852484273934E-007 -2.865179840805769E-007
1081 -2.184534615784836E-006 4.088146024303210E-006
1082 1.977224960375453E-005 -3.700312777143499E-005
1083 1.734897650646769E-006 -3.246753816331463E-006
1084 5.560524071704595E-005 -1.040636685916570E-004
1085 -5.540513635725254E-006 1.036903483654751E-005
1086 -1.120004455387803E-006 2.095971218510067E-006
1087 -1.604846122223168E-006 3.003385741000178E-006
1088 -7.397342595824509E-006 1.384417352402981E-005
1089 1.274999027298646E-004 -2.386118243239229E-004
1090 -5.803079089282526E-005 1.086027416929278E-004
1091 3.241223029288952E-007 -6.061299621692486E-007
1092 -1.596530931067219E-006 2.987612388622638E-006
1093 -3.966543276879624E-005 7.423261965617142E-005
1094 -1.274956087536667E-006 2.386280785144039E-006
1095 1.913613472659276E-006 -3.581119409839839E-006
1096 -6.772322296611346E-007 1.267420920726362E-006
1097 -1.366218202924980E-005 2.556831449729568E-005
1098 -2.501890409571727E-005 4.682219983938494E-005
1099 1.722293165349322E-005 -3.223228169058993E-005
1100 4.110078294715129E-005 -7.691866238106972E-005
1101 3.574719331919247E-006 -6.689809982849859E-006
1102 -4.538563821700757E-005 8.493796469250188E-005
1103 1.226590643035702E-006 -2.295559668719989E-006
1104 -2.488427345789980E-007 4.657598423859273E-007
1105 9.070959493430771E-007 -1.697650045317957E-006
1106 -9.206330564295602E-006 1.722929886312507E-005
1107 2.774484037818429E-005 -5.192340010483855E-005
1108 1.823163377509501E-006 -3.411956076523951E-006
1109 -2.373877401334814E-006 4.442627628389163E-006
1110 -4.294994435787212E-005 8.037953799851671E-005
1111 -6.334526871709099E-006 1.185482887783845E-005
1112 -4.087312769296762E-006 7.648918639645478E-006
1113 -1.451180528081533E-006 2.715959085192017E-006
1114 -1.964765257645983E-006 3.676705085480045E-006
1115 1.954336046734054E-005 -3.657491033759051E-005
1116 -3.382462059109083E-007 6.330063844574624E-007
1117 7.452219281598101E-006 -1.394657558634272E-005
1118 -3.027689250452709E-006 5.666209098523100E-006
1119 -2.316959900995656E-005 4.336103912137315E-005
1120 1.433632843268866E-007 -2.681951672349522E-007
1121 7.328115837589631E-006 -1.371414605910549E-005
1122 1.236501877105421E-005 -2.314039059857762E-005
1123 -3.026876587979884E-007 5.663875765655910E-007
1124 -5.299524790691901E-006 9.917988364054504E-006
1125 -9.094881870136745E-007 1.702265990508421E-006
1126 -7.330972311372029E-007 1.371873529244828E-006
1127 -5.893696191051171E-005 1.102989124781377E-004
1128 -1.017043979201001E-006 1.903344793921755E-006
1129 2.159638877910212E-006 -4.041655926976294E-006
1130 -1.021566691636251E-005 1.911812498902145E-005
1131 -2.138402140226939E-007 4.000329602560574E-007
1132 -6.549686583760713E-006 1.225742319262424E-005
1133 8.543352304866973E-005 -1.598859711786630E-004
1134 -2.591574598495477E-006 4.849956480014831E-006
1135 1.761896451616851E-006 -3.297102178066807E-006
1136 2.533908172925365E-005 -4.742123697556278E-005
1137 2.429436398996348E-005 -4.546620687856681E-005
1138 -3.996901209817882E-005 7.480049783986398E-005
1139 4.990486560193391E-006 -9.339587885172687E-006
1140 -6.188097155013754E-005 1.158081780398485E-004
1141 -4.175862264665862E-006 7.814887310413590E-006
1142 -2.885078721843439E-005 5.399334198463920E-005
1143 -2.535350241929826E-006 4.744459074297572E-006
1144 -4.762223272909599E-005 8.912345629740509E-005
1145 6.115325783401136E-005 -1.144460972587141E-004
1146 1.373915807967902E-005 -2.571211590013934E-005
1147 2.039129650676972E-006 -3.815877757089943E-006
1148 3.847560424418251E-006 -7.200568600625835E-006
1149 -8.502715749893979E-005 1.591254041240365E-004
1150 3.619164590711612E-007 -6.772108514473235E-007
1151 -3.235902588168723E-005 6.055867747265680E-005
1152 1.289935343377807E-006 -2.413818096535962E-006
1153 1.766523811661418E-005 -3.305995541870204E-005
1154 -5.726666205970884E-006 1.071733129828308E-005
1155 -6.625878959543725E-007 1.239856712617666E-006
1156 5.982393458101429E-005 -1.119583816122362E-004
1157 -3.501987024944005E-006 6.554012107308631E-006
1158 9.034625400952570E-006 -1.690843331881846E-005
1159 2.005421451393819E-007 -3.753194362862792E-007
1160 2.543750873071262E-005 -4.760543544040613E-005
1161 -9.063588708517456E-006 1.696227751184623E-005
1162 2.811574916846902E-006 -5.261781834596769E-006
1163 -2.887847535188103E-005 5.404528822614514E-005
1164 -6.360920940735511E-005 1.190424497882420E-004
1165 -2.157847429707435E-007 4.042223150313856E-007
1166 5.192028645636688E-007 -9.718987166350602E-007
1167 3.331575531553742E-005 -6.234938090577770E-005
1168 4.306258525295344E-008 -8.045117305189337E-008
1169 -8.314786752136149E-005 1.556083860157896E-004
1170 6.681357969333058E-005 -1.250392954205302E-004
1171 -4.016070296597152E-006 7.515882131558013E-006
1172 3.642637592895389E-006 -6.816871361341668E-006
1173 2.578584507199243E-005 -4.825735994201541E-005
1174 -6.271715471061991E-005 1.173729895696148E-004
1175 -1.503817673579936E-007 2.814132395956712E-007
1176 2.152452449124287E-005 -4.028229481763700E-005
1177 3.574239873761227E-006 -6.689083882278810E-006
1178 3.209151496304308E-005 -6.005821723891522E-005
1179 4.608204246616882E-006 -8.624028496833000E-006
1180 -6.383896357755342E-007 1.194828096321984E-006
1181 5.336871416000061E-006 -9.987273004167815E-006
1182 -3.188705525826228E-005 5.967537595862581E-005
1183 3.265561980236281E-006 -6.111305117515276E-006
1184 3.994157782088995E-006 -7.474938814418641E-006
1185 1.327708784272173E-006 -2.484951984689887E-006
1186 -3.900536938357145E-005 7.299744956590377E-005
1187 -1.125160161357906E-005 2.105705845190028E-005
1188 1.632902110706423E-006 -3.055812569341215E-006
1189 2.498053142841805E-005 -4.675024194453653E-005
1190 1.606446801860872E-006 -3.006341349202312E-006
1191 -7.309819972595495E-008 1.365240056876731E-007
1192 -1.141158971949000E-005 2.135630704126995E-005
1193 1.144062785703624E-005 -2.141072434491165E-005
1194 -1.361887682037994E-006 2.548728393659855E-006
1195 -1.129533726895307E-007 2.113251330040104E-007
1196 4.408999862623989E-005 -8.251279881851104E-005
1197 2.923963472830063E-005 -5.472103705280298E-005
1198 -2.684092758633228E-006 5.023409506281902E-006
1199 -5.912169293838896E-007 1.106328673599688E-006
1200 -2.364258414986071E-006 4.424623175949017E-006
1201 3.243230101896715E-005 -6.069588104202020E-005
1202 -3.440946810337863E-006 6.439585004550036E-006
1203 -6.081974472470794E-005 1.138219932306234E-004
1204 6.208723630491751E-006 -1.161962232899513E-005
1205 4.217967181353248E-005 -7.893844358948196E-005
1206 -7.639264809264303E-006 1.429663008920639E-005
1207 -3.720965660319197E-005 6.963657591214125E-005
1208 -1.605896407752302E-006 3.005321093426204E-006
1209 -1.299014730108465E-006 2.431131665866910E-006
1210 -2.483126973475452E-005 4.647086032077477E-005
1211 2.930703995631008E-005 -5.484719514406189E-005
1212 1.025809624983199E-006 -1.919798242282823E-006
1213 -2.407988563326140E-006 4.506692184253569E-006
1214 -7.401372596661994E-006 1.385121158929398E-005
1215 1.120307624199179E-006 -2.096531550033595E-006
1216 1.285547325503954E-006 -2.405726323991534E-006
1217 1.504612294472684E-005 -2.815821444083526E-005
1218 9.423119115702801E-006 -1.763515258441551E-005
1219 2.284177587319910E-005 -4.274741118699835E-005
1220 4.843132454710782E-006 -9.063885977804904E-006
1221 -3.370489015031033E-005 6.307764083783730E-005
1222 3.273570592588181E-007 -6.127925775788289E-007
1223 -2.388305226275771E-006 4.469710499827862E-006
1224 2.038009111332675E-005 -3.814076571756888E-005
1225 1.124518935481072E-005 -2.104470216521297E-005
1226 -6.713880045139869E-008 1.256188165286988E-007
1227 -1.679553622309720E-007 3.144387774731265E-007
1228 6.669694095503041E-006 -1.248216494956635E-005
1229 -2.990049894193626E-005 5.595771603261797E-005
1230 3.935375564023145E-005 -7.364910868328343E-005
1231 9.827760639289719E-006 -1.839228927404367E-005
1232 2.143324800676087E-006 -4.011295097237447E-006
1233 -1.018930265157519E-005 1.906893698148078E-005
1234 1.670295246156562E-006 -3.125932712938084E-006
1235 6.198530956783227E-009 -1.150423563564630E-008
1236 -6.235323833153491E-006 1.166929587113714E-005
1237 -1.888039864134862E-006 3.533398776594637E-006
1238 3.381339592687482E-006 -6.328076318184838E-006
1239 -8.885614143076746E-007 1.662703980311196E-006
1240 -6.742210627401472E-006 1.261793142811898E-005
1241 1.198459962328038E-006 -2.242625103677304E-006
1242 1.717619698233120E-005 -3.214473585471776E-005
1243 -3.809761133393162E-005 7.129854054796833E-005
1244 1.626856282826192E-005 -3.044620275245863E-005
