 # The norm of the isolated state is   3455999.99391225     
 # I think there should be     3456000 i.e.    99.9999998238499      %
1 -4.720295252893373E-005 8.833889670851540E-005
2 4.752299123136021E-008 -8.920602119770631E-008
3 -1.868787983276363E-004 3.497378413156636E-004
4 -7.585027539208244E-005 1.419529014129087E-004
5 -1.197990556691883E-005 2.242079316862474E-005
6 0.470704655804832 -0.880907984995858
7 1.412097838989735E-004 -2.642697496223963E-004
8 2.271608674598660E-004 -4.251242407785138E-004
9 4.362977157062405E-004 -8.165164076786741E-004
10 2.993366265593026E-005 -5.601924148836464E-005
11 -6.454640435452712E-005 1.207964381787016E-004
12 -2.191621020262226E-002 4.101545248077056E-002
13 -3.059105654416402E-006 5.725036649035127E-006
14 -4.166680828988051E-005 7.797801587172152E-005
15 -6.872394798863476E-006 1.286145502734384E-005
16 1.675997229392077E-006 -3.136569606835597E-006
17 -5.625443366017248E-006 1.052782053967794E-005
18 4.613262358669674E-007 -8.633408254713888E-007
19 7.168333329385329E-007 -1.341508370508185E-006
20 -4.204381856107793E-005 7.868359158881474E-005
21 -1.376871358869551E-008 2.572907769852006E-008
22 -3.067033563841494E-007 5.715552059972289E-007
23 4.827825838046771E-007 -9.035559495957257E-007
24 -2.721025210817121E-005 5.092308934203473E-005
25 -8.682712906036134E-005 1.624939772350219E-004
26 9.566483011507845E-006 -1.790423930049639E-005
27 -3.024273364885867E-005 5.659827739084957E-005
28 -1.035733842758689E-006 1.938239252277879E-006
29 -2.016625571122953E-005 3.774060236948791E-005
30 -5.695727990040207E-005 1.065936424801156E-004
31 -8.074615316519634E-007 1.511156149602420E-006
32 5.490016243941084E-007 -1.027379557382048E-006
33 -3.644098324366073E-006 6.819833522208092E-006
34 5.617542237335019E-006 -1.051313849000657E-005
35 -6.481951430272491E-006 1.213076242271592E-005
36 3.939528930100137E-006 -7.373095778612129E-006
37 5.225370384314305E-008 -9.786078006991761E-008
38 1.116163775533825E-006 -2.089055235260976E-006
39 4.937259599461093E-007 -9.238200706526021E-007
40 1.445669524725123E-006 -2.705505967224668E-006
41 -5.798431819430900E-006 1.085189414939378E-005
42 -3.313657337666304E-004 6.201399204890780E-004
43 1.060994968145536E-004 -1.985616789494991E-004
44 -2.872774868061896E-006 5.376313157706558E-006
45 -9.996260118439967E-007 1.870767714887704E-006
46 1.892709858607929E-004 -3.542142163539156E-004
47 6.065186481381637E-006 -1.135073434542682E-005
48 1.186333332018018E-006 -2.220185118309391E-006
49 2.243212650125145E-004 -4.198097219338932E-004
50 1.940980219596508E-004 -3.632483069443844E-004
51 6.891652357978411E-006 -1.289742765811707E-005
52 7.636714224271909E-006 -1.429177603408261E-005
53 4.554219650925460E-007 -8.525809996828571E-007
54 2.171622607912443E-004 -4.064117769555920E-004
55 -5.278632365153745E-005 9.878783327633360E-005
56 -6.183775425354564E-006 1.157271048498893E-005
57 -4.323853141223241E-005 8.091956460527371E-005
58 -1.013167875604949E-004 1.896109738911349E-004
59 2.796348437415449E-006 -5.233298821515686E-006
60 1.572261745007213E-006 -2.942447702998996E-006
61 -5.246841158843199E-005 9.819287623445650E-005
62 1.901356556827741E-006 -3.558322591278325E-006
63 1.037208121021290E-004 -1.941099213232777E-004
64 1.583116920076761E-006 -2.962752404496589E-006
65 4.031561487104476E-006 -7.544945661905880E-006
66 -1.004344397736207E-004 1.879597021095486E-004
67 2.899493258011289E-006 -5.426297338138334E-006
68 -1.886315202387846E-006 3.530230225969300E-006
69 1.095678013719196E-004 -2.050524510607516E-004
70 -5.257336181146029E-005 9.838972873157908E-005
71 -1.814325588171660E-007 3.395331704709118E-007
72 2.281101179345077E-006 -4.268996512170193E-006
73 1.355232317215754E-004 -2.536268829203630E-004
74 1.992107828659815E-005 -3.728141048217223E-005
75 -5.466285001083045E-006 1.022993788435382E-005
76 4.684090492255863E-005 -8.766111045882633E-005
77 2.949559718226615E-006 -5.519944172625298E-006
78 -1.395450040872805E-004 2.611539251361892E-004
79 -1.018921702263956E-005 1.906877839646276E-005
80 -6.366990041594698E-006 1.191560863768491E-005
81 1.006496704227158E-004 -1.883624213093533E-004
82 -1.240874678024747E-004 2.322254692937989E-004
83 2.721756804753258E-005 -5.093675130698742E-005
84 2.713357137342661E-005 -5.077950150071138E-005
85 -2.525921947014714E-006 4.727121392193908E-006
86 -6.093053727877663E-005 1.140294489838780E-004
87 2.131344500338453E-005 -3.988739266425898E-005
88 -1.696701943964419E-007 3.175019606370419E-007
89 -1.730507131749927E-006 3.238592838013273E-006
90 -6.479758427832094E-005 1.212664575800539E-004
91 -3.208527690150121E-005 6.004676990575008E-005
92 -5.946482749772757E-005 1.112864254246063E-004
93 2.611834666100149E-006 -4.887939226290360E-006
94 2.088546740115138E-007 -3.908933091805085E-007
95 3.024353060514447E-005 -5.660024166899900E-005
96 1.743555155780056E-004 -3.263004598265402E-004
97 -2.899794967166374E-006 5.426886663768555E-006
98 2.019855148882903E-006 -3.780146855988173E-006
99 -9.523713044218787E-007 1.782346848191741E-006
100 -4.780476472049099E-006 8.946511186305793E-006
101 -4.608539007542190E-005 8.624726415061013E-005
102 1.517347188891820E-004 -2.839665204875102E-004
103 -1.123906467237942E-005 2.103355890606598E-005
104 -2.335570863177383E-006 4.370936394801148E-006
105 8.847734769862549E-005 -1.655823997130467E-004
106 -1.177562342341707E-004 2.203770693778753E-004
107 -2.541219454934099E-006 4.755774166396977E-006
108 3.587287871175421E-006 -6.713517659186792E-006
109 1.081787425900772E-004 -2.024529568110624E-004
110 -1.752685419002480E-007 3.279891509779849E-007
111 1.628505300736203E-006 -3.047698842245747E-006
112 1.363577881568439E-004 -2.551890041052400E-004
113 -3.217293276781007E-004 6.021059586677235E-004
114 9.669775676419618E-005 -1.809666030710209E-004
115 -1.039687473457884E-005 1.945740287068284E-005
116 -1.009188773765499E-004 1.888662418615297E-004
117 2.217825799936887E-006 -4.150576981689652E-006
118 -1.570848543398255E-004 2.939790007530248E-004
119 5.247195766361767E-006 -9.819954793114209E-006
120 -7.088806197048956E-006 1.326649661562459E-005
121 -2.197683224369304E-004 4.112890215478581E-004
122 8.592422472626256E-007 -1.608040499802248E-006
123 -2.094584810721560E-004 3.919945368663282E-004
124 1.936911005600252E-005 -3.624862156178230E-005
125 -1.799298752645421E-004 3.367326604748931E-004
126 8.083288082237600E-007 -1.512769549388592E-006
127 8.313035485903456E-006 -1.555754556959411E-005
128 7.761944051429989E-005 -1.452621913403143E-004
129 1.997833636773787E-004 -3.738878488135545E-004
130 -2.898275023937319E-006 5.423999203427690E-006
131 1.899624826162178E-006 -3.555073389467957E-006
132 2.649908720644889E-007 -4.959272652992553E-007
133 1.857789723160976E-006 -3.476858427419484E-006
134 2.509536665594741E-005 -4.696513429603539E-005
135 -4.454874101815423E-007 8.338438105518736E-007
136 1.970442340529280E-004 -3.687616988775433E-004
137 -1.175838297197305E-004 2.200542372220941E-004
138 -1.669867698437652E-006 3.125110497673183E-006
139 2.182471857909774E-006 -4.084415354362906E-006
140 8.514023674702142E-005 -1.593370987451039E-004
141 -2.789404368319581E-007 5.220131775689050E-007
142 3.922833115353742E-004 -7.341451731859928E-004
143 8.361268631697863E-007 -1.564820617186012E-006
144 -1.781096967644797E-004 3.333264359081123E-004
145 7.734986929181711E-005 -1.447577088336424E-004
146 -5.766012274514776E-006 1.079091113683008E-005
147 -6.596602844708057E-005 1.234531346968059E-004
148 1.099307420731982E-006 -2.057320412403558E-006
149 6.768143424168743E-005 -1.266636301500287E-004
150 3.498345119330534E-006 -6.547015700257861E-006
151 -4.923336481115857E-006 9.213802230369336E-006
152 -3.527273548615020E-005 6.601177017404841E-005
153 8.255400767389515E-005 -1.544970557099825E-004
154 2.163034239156394E-007 -4.047996233567901E-007
155 8.042701067185296E-005 -1.505164277444492E-004
156 4.013638806649083E-006 -7.511429938930849E-006
157 -2.417301074249707E-006 4.523930414132872E-006
158 2.710219341471994E-004 -5.072085140828285E-004
159 4.769443094689598E-005 -8.925849937975000E-005
160 1.006401857737941E-004 -1.883447393896838E-004
161 -7.705514057495761E-006 1.442067171027066E-005
162 2.603679998386782E-006 -4.872698933827036E-006
163 -1.163897478137127E-004 2.178196010284231E-004
164 5.090190377650480E-005 -9.526124187159656E-005
165 1.145904650734668E-005 -2.144520257657100E-005
166 4.337053557819917E-006 -8.116655525162897E-006
167 -3.108722660097336E-004 5.817870431097748E-004
168 -3.814783643023243E-006 7.139102126103056E-006
169 1.408959610740223E-007 -2.636690261782092E-007
170 -8.272964139509701E-005 1.548258784808189E-004
171 1.642820835272037E-006 -3.074483336682476E-006
172 8.546710713939168E-007 -1.599481213822246E-006
173 1.259913823964985E-004 -2.357886693375024E-004
174 -1.219535035106745E-004 2.282319179858329E-004
175 -7.017437168854999E-006 1.313287818386637E-005
176 -3.105817014135577E-005 5.812430251762579E-005
177 8.232657928296240E-006 -1.540714756087963E-005
178 -3.060088567070550E-005 5.726851527120753E-005
179 -7.395743409561335E-005 1.384088592724200E-004
180 5.650047526059499E-006 -1.057391024204454E-005
181 -1.971491281029516E-004 3.689579938768080E-004
182 -1.562804360512280E-005 2.924735741789007E-005
183 -6.970590336379643E-006 1.304528403010657E-005
184 1.334107047149473E-005 -2.496737980824469E-005
185 -2.701184742253306E-006 5.055190462312281E-006
186 -3.328523607604341E-005 6.229219463957737E-005
187 -6.875110304682603E-005 1.286654911478928E-004
188 -7.986944323792511E-007 1.494699722006357E-006
189 -2.298746623314981E-005 4.302025246504008E-005
190 -2.069123735883192E-006 3.872284324577949E-006
191 2.005541697850293E-004 -3.753302740598565E-004
192 -2.239279034722980E-005 4.190734803314660E-005
193 9.104014897610600E-005 -1.703785707908308E-004
194 7.474278946630836E-006 -1.398785697210756E-005
195 -7.387196360185930E-005 1.382488907255548E-004
196 -4.762343101725051E-004 8.912569556109938E-004
197 -2.183811467979884E-004 4.086929449973208E-004
198 -7.335671823323066E-005 1.372846008798140E-004
199 3.782008830199580E-005 -7.077907326533765E-005
200 4.234891956381116E-003 -7.925458943555320E-003
201 6.386584875550304E-007 -1.195241066711123E-006
202 -2.378781474438115E-004 4.451809933657199E-004
203 5.864102110772194E-004 -1.097447006283776E-003
204 -6.602921426902029E-004 1.235714455833628E-003
205 3.289158318050060E-005 -6.155552302322213E-005
206 2.355956804358019E-003 -4.409093990796302E-003
207 -1.883654467088384E-005 3.525194250480761E-005
208 -3.282045650048189E-004 6.142237085918316E-004
209 -3.596483489035608E-004 6.730698254343693E-004
210 -3.316512654929947E-006 6.206709051428521E-006
211 -1.751994659527903E-004 3.278799257862874E-004
212 -2.131958423088619E-005 3.989887408942458E-005
213 -2.846382189415002E-004 5.326909919928473E-004
214 7.407111182963602E-005 -1.386216337068478E-004
215 1.261696088407457E-004 -2.361222386027360E-004
216 -1.997416984484452E-005 3.738098319541485E-005
217 -9.227004151277897E-006 1.726802211305719E-005
218 -1.032134704668821E-004 1.931606340619815E-004
219 -1.301557137834676E-006 2.435829951340947E-006
220 1.484143137321994E-005 -2.777515061718153E-005
221 -2.700023109917793E-005 5.053008403157478E-005
222 -4.327641738054427E-004 8.099035702873007E-004
223 9.768135850623029E-005 -1.828073474913335E-004
224 3.467962882448241E-005 -6.490175261841405E-005
225 5.889800648383822E-006 -1.102256510030424E-005
226 2.555078137106036E-004 -4.781743284496456E-004
227 2.756613269251383E-004 -5.158909624320122E-004
228 3.886551040120416E-004 -7.273550400670093E-004
229 6.073109898633806E-006 -1.136563936847352E-005
230 -1.886742868874022E-004 3.530975811634220E-004
231 -2.448357316917717E-005 4.582018095362903E-005
232 -8.488200401937894E-006 1.588545649978160E-005
233 2.565561366461607E-004 -4.801361450128088E-004
234 -6.473988313193860E-005 1.211585627464397E-004
235 2.079385706750725E-006 -3.891453472805497E-006
236 -4.373883300216205E-004 8.185576144312684E-004
237 -4.435397397244552E-005 8.300696104926343E-005
238 -3.575841988401024E-004 6.692068683069795E-004
239 -7.649492904110332E-006 1.431576536969428E-005
240 2.688339217008215E-004 -5.031136976748150E-004
241 1.894335605503520E-005 -3.545184648954205E-005
242 2.222386316663654E-004 -4.159121499771671E-004
243 6.008508769941824E-005 -1.124471832596966E-004
244 2.439271444366128E-004 -4.565014543392208E-004
245 -6.874927061282362E-006 1.286619666780716E-005
246 2.043296212708198E-005 -3.823943233535149E-005
247 4.045568820016053E-004 -7.571146937494871E-004
248 -2.717142310055558E-006 5.084975945768718E-006
249 1.837275791442029E-005 -3.438399701158517E-005
250 2.214784609486930E-006 -4.144898318526031E-006
251 -7.182738069468169E-005 1.344225430777748E-004
252 7.540497578625678E-005 -1.411178885776573E-004
253 -8.975227823163449E-006 1.679694885466075E-005
254 -4.174882167002843E-005 7.813153283870911E-005
255 1.545333203755161E-004 -2.892039252254983E-004
256 -2.968185046691690E-005 5.554858688809895E-005
257 3.864993374746268E-006 -7.233221389568815E-006
258 5.996457051874766E-007 -1.122297177798764E-006
259 2.376119139540896E-004 -4.446827034848576E-004
260 2.602765262496368E-006 -4.870985744374955E-006
261 -1.484035884059723E-004 2.777323316970686E-004
262 1.082190399304490E-004 -2.025282954560092E-004
263 -4.062610875284822E-005 7.603041309763176E-005
264 1.473479789442295E-005 -2.757572977448798E-005
265 -7.007538281782083E-005 1.311437401016407E-004
266 1.698892040306211E-004 -3.179419271340024E-004
267 4.937324650402654E-005 -9.240038235695905E-005
268 1.362028301729069E-004 -2.548991227575344E-004
269 4.070883498268437E-004 -7.618521502103882E-004
270 1.708020408247087E-006 -3.196439523924673E-006
271 2.521820252649801E-005 -4.719499816552586E-005
272 -1.752968801632373E-004 3.280622438868885E-004
273 5.308434636117318E-007 -9.934142059095091E-007
274 -2.926168033883125E-004 5.476225209378639E-004
275 -9.446696041681314E-005 1.767917298243895E-004
276 3.211758068786175E-004 -6.010697174051913E-004
277 -6.876801668190856E-005 1.286970484630632E-004
278 9.713146553017353E-006 -1.817780305951074E-005
279 3.045865789188620E-005 -5.700236111826028E-005
280 -1.408293430004738E-004 2.635574341356656E-004
281 -4.525508391489675E-005 8.469352420845594E-005
282 -1.614965490148975E-004 3.022353154062635E-004
283 -2.018496999626447E-005 3.777558093170718E-005
284 -1.618807263727507E-005 3.029542107969060E-005
285 1.360061040582208E-005 -2.545311947371168E-005
286 -5.771837266445270E-004 1.080180004670451E-003
287 -8.827974699405709E-005 1.652126292797240E-004
288 -5.196248019707600E-006 9.724594947860184E-006
289 -2.725090893000894E-004 5.099916296006862E-004
290 5.584701931424279E-005 -1.045158496531538E-004
291 5.206078608340914E-004 -9.743001910402149E-004
292 -6.437044521348586E-005 1.204671235686951E-004
293 -4.067967583723118E-004 7.613065196744564E-004
294 -8.078112914307374E-005 1.511791563177992E-004
295 3.713026686756330E-006 -6.948820166987674E-006
296 -2.108727023142646E-005 3.946406178124020E-005
297 2.287911152659824E-006 -4.281746230112139E-006
298 -1.664929156623507E-004 3.115859245763728E-004
299 -1.626247965540864E-005 3.043461676649051E-005
300 -8.224518812398468E-005 1.539190986335696E-004
301 1.990886091578699E-004 -3.725876180319557E-004
302 -1.913450948906006E-006 3.580955812438658E-006
303 -1.491101188820518E-006 2.790566928583344E-006
304 -3.356835361857421E-004 6.282204859336367E-004
305 -1.174564676407067E-004 2.198158419931913E-004
306 3.964004365897492E-005 -7.418500958883729E-005
307 1.371810751484978E-004 -2.567298113416404E-004
308 9.125726056229295E-006 -1.707850354574904E-005
309 1.495098770230515E-004 -2.798027197094243E-004
310 1.253238071730456E-005 -2.345397669218928E-005
311 -1.642881129069352E-005 3.074598107533395E-005
312 6.548014248071732E-004 -1.225438921915997E-003
313 2.692013136664888E-005 -5.037990112169553E-005
314 -4.616324047617406E-004 8.639295916420297E-004
315 5.197522571682496E-004 -9.726989532506640E-004
316 1.753551937267668E-005 -3.281714314393591E-005
317 -2.441237704515847E-005 4.568712497575193E-005
318 2.910389878988764E-004 -5.446697172610577E-004
319 -4.334319175019542E-006 8.111520057007774E-006
320 1.175958902021790E-005 -2.200751093578153E-005
321 2.701682837209883E-004 -5.056108905172966E-004
322 5.351203655549684E-004 -1.001459830890292E-003
323 3.547176156919674E-005 -6.638424487977436E-005
324 -2.952590710196248E-004 5.525674656287680E-004
325 -2.474304714652940E-004 4.630578311684787E-004
326 -2.334205337276313E-005 4.368386896810799E-005
327 -1.713270811885476E-004 3.206329044558030E-004
328 2.014633239991988E-005 -3.770317952510319E-005
329 1.023859677135836E-005 -1.916121351178656E-005
330 -6.354351018499809E-006 1.189189937795024E-005
331 4.872483198528927E-004 -9.118688490878156E-004
332 3.619433663183795E-005 -6.773670922783375E-005
333 -6.093453161403480E-006 1.140364618156149E-005
334 1.175806774272334E-004 -2.200483128506076E-004
335 2.339056806997135E-005 -4.377465991596704E-005
336 1.402752996387599E-005 -2.625205943155502E-005
337 -2.868338623892461E-004 5.367999801623817E-004
338 2.453892641619484E-006 -4.592373440537489E-006
339 -7.942396242168369E-005 1.486392819276972E-004
340 -4.752675192429345E-005 8.894480609625934E-005
341 2.247950562205637E-004 -4.206963910082962E-004
342 3.228672948727197E-004 -6.042353374846951E-004
343 4.371315554691251E-005 -8.180764433160856E-005
344 -1.025192624550515E-006 1.918533398881858E-006
345 -2.184464756934824E-005 4.088149993605976E-005
346 6.636197437275109E-005 -1.241941997111754E-004
347 -1.480892340494942E-004 2.771440148411980E-004
348 4.246720667062647E-006 -7.947619724315412E-006
349 -4.065503273700160E-004 7.608453131620424E-004
350 -3.846096478856559E-006 7.197847393716725E-006
351 7.465208913749005E-005 -1.397088730185848E-004
352 7.606863011541964E-005 -1.423598881875259E-004
353 4.383331728627963E-004 -8.203258223402294E-004
354 1.457898354059730E-005 -2.728408947437936E-005
355 -9.073732405824486E-006 1.698118005959139E-005
356 2.962714739103559E-005 -5.544622260447723E-005
357 -7.945265224127546E-007 1.486922299510924E-006
358 1.233381814961826E-004 -2.308232743215608E-004
359 6.281242815019706E-007 -1.175478830396923E-006
360 -1.607731714924741E-004 3.008816170830326E-004
361 2.451139744995867E-004 -4.587225853682190E-004
362 -9.153452472441001E-005 1.713038310324144E-004
363 -1.885952253161135E-004 3.529496475457797E-004
364 -9.522639315904711E-006 1.782123206314795E-005
365 -1.212324439428044E-004 2.268824906675831E-004
366 -4.954552933203596E-006 9.272280180204519E-006
367 -7.549047477237952E-006 1.412777268679860E-005
368 -2.248714701906879E-005 4.208393712931357E-005
369 -3.468022303280440E-004 6.490287565345641E-004
370 1.328622249739971E-004 -2.486472085094301E-004
371 -2.521861550245657E-004 4.719579730748320E-004
372 1.013426842310926E-005 -1.896594915467685E-005
373 -1.525545884888263E-005 2.855003617035044E-005
374 4.866323029893351E-005 -9.107161505132554E-005
375 -1.906122455581494E-004 3.567244617587360E-004
376 -7.435765467463415E-004 1.391578587267073E-003
377 9.237795081679712E-005 -1.728822422178845E-004
378 3.459174953843218E-005 -6.473731496196154E-005
379 -2.511433330589277E-004 4.700063357035944E-004
380 -7.046563592812375E-006 1.318739146098781E-005
381 -2.505679943371168E-006 4.689308116463773E-006
382 -3.788169445935461E-004 7.089432594412590E-004
383 1.434115656673752E-005 -2.683899916757679E-005
384 -1.079169097675052E-004 2.019628744888802E-004
385 -1.185621525368441E-005 2.218851040924569E-005
386 1.318027852956089E-004 -2.466644689605388E-004
387 -1.566149610842850E-005 2.930995884779805E-005
388 -5.757339111657369E-004 1.077466728811611E-003
389 -1.197616202119958E-004 2.241299173856343E-004
390 -1.266785237409804E-006 2.370751327806355E-006
391 -2.194269403363618E-004 4.106501634382693E-004
392 -6.966241195434025E-006 1.303711646002320E-005
393 -2.063325261059369E-004 3.861444418464779E-004
394 2.607939218152601E-006 -4.880693207665695E-006
395 -1.105912788184479E-005 2.069680719474933E-005
396 -3.015502149837813E-005 5.643409047728241E-005
397 -3.365532411196663E-004 6.298481264094670E-004
398 6.963278171524919E-006 -1.303152072716287E-005
399 8.798563246078747E-005 -1.646621642605877E-004
400 3.781286045243735E-004 -7.076550118347709E-004
401 9.414255497616937E-005 -1.761846463881908E-004
402 -6.645681215580932E-006 1.243718082217786E-005
403 -2.213918436820410E-004 4.143274072813783E-004
404 -1.435861686447931E-006 2.687155888235917E-006
405 -1.665305276697768E-004 3.116563318832199E-004
406 7.747791082963632E-007 -1.449982552137925E-006
407 -6.895566301914155E-006 1.290485973224690E-005
408 7.277685771472129E-007 -1.362010740213769E-006
409 -5.831812056353676E-004 1.091404086224633E-003
410 -2.478871777540985E-004 4.639125595827593E-004
411 4.587620372228696E-005 -8.585575893824956E-005
412 1.853746526249822E-005 -3.469227180200357E-005
413 -1.194030671759782E-005 2.234588724229809E-005
414 1.062814749945480E-004 -1.989022200407377E-004
415 -4.786806062685539E-006 8.958358467954718E-006
416 -7.142667253241870E-005 1.336725948650354E-004
417 -7.825595704848534E-005 1.464534122029724E-004
418 -6.477960097892569E-006 1.212329040398010E-005
419 -1.579120030690696E-005 2.955270798777988E-005
420 -2.235876390434674E-004 4.184367766492836E-004
421 5.856664542090326E-006 -1.096054719673899E-005
422 -1.576705307357525E-004 2.950751069656633E-004
423 1.644415518053230E-006 -3.077547361519119E-006
424 6.475721514752169E-004 -1.211909600191477E-003
425 4.886117562228156E-004 -9.144205019787564E-004
426 -1.862793998680876E-005 3.486156488137644E-005
427 4.929635984619768E-006 -9.225621636058781E-006
428 -1.095033692121588E-004 2.049318853941467E-004
429 -1.290602878431129E-004 2.415320028441342E-004
430 -3.730135421983331E-006 6.980829748227956E-006
431 -3.727993461890739E-006 6.976825673468545E-006
432 1.107391129685641E-004 -2.072445402057013E-004
433 5.971771354641824E-004 -1.117596985791200E-003
434 9.159993118214695E-005 -1.714262190923078E-004
435 2.508193086291668E-005 -4.693998215435695E-005
436 5.448570857045110E-004 -1.019681785388062E-003
437 3.771462148667674E-006 -7.058209444097913E-006
438 -1.019715614920688E-005 1.908366586736711E-005
439 -1.280952810464756E-004 2.397261343653448E-004
440 1.302676051950946E-005 -2.437914391314013E-005
441 6.566236285734368E-006 -1.228847827867864E-005
442 2.926491303304368E-006 -5.476844337937979E-006
443 -9.074745677893953E-005 1.698308231028631E-004
444 2.172587147593007E-005 -4.065924218037041E-005
445 -2.495459888031378E-005 4.670170982295284E-005
446 -5.004427309776439E-004 9.365617981622624E-004
447 -6.221516897523806E-004 1.164335981635029E-003
448 3.116441505037329E-005 -5.832315596114367E-005
449 1.023795447812120E-005 -1.915994678665360E-005
450 3.765828324062839E-004 -7.047621249358653E-004
451 1.817308782011781E-005 -3.401032298040815E-005
452 7.196324056764824E-005 -1.346767900317904E-004
453 -4.554910591609718E-005 8.524362203693660E-005
454 -8.242518323453089E-006 1.542559217951497E-005
455 -1.928824126527583E-004 3.609729857318094E-004
456 -1.742153174060621E-004 3.260381437924178E-004
457 -8.531116470517383E-005 1.596569564778957E-004
458 -5.387035155213180E-005 1.008165522933438E-004
459 7.816973128416484E-006 -1.462919885005124E-005
460 1.885631863115056E-007 -3.528732663541669E-007
461 9.650089842519488E-005 -1.805982083899311E-004
462 -6.602762669774767E-006 1.235685797544587E-005
463 -5.424332403945505E-005 1.015145532628066E-004
464 -1.713895797141661E-007 3.207592378354242E-007
465 -1.142158845952810E-005 2.137512069228928E-005
466 3.422109946425016E-005 -6.404368508433327E-005
467 2.396443453532398E-004 -4.484863934991676E-004
468 1.193597330384494E-005 -2.233778631945805E-005
469 7.364254444644736E-005 -1.378195805414051E-004
470 8.082106178542538E-006 -1.512540703558055E-005
471 1.871200617985930E-004 -3.501889278732144E-004
472 1.162398848635238E-004 -2.175390357549623E-004
473 4.062782988163452E-006 -7.603360314478617E-006
474 -1.664801929619278E-004 3.115621204485029E-004
475 2.106400040832936E-005 -3.942057747089333E-005
476 -2.204509575308005E-004 4.125665856722923E-004
477 5.289425435826679E-006 -9.898979750684392E-006
478 -2.377746929552857E-005 4.449872316344045E-005
479 2.201440736639967E-006 -4.119918014980010E-006
480 -8.295619600924853E-005 1.552497348344375E-004
481 2.270432922112279E-004 -4.249038885142932E-004
482 7.034199151077067E-005 -1.316426800306883E-004
483 1.206881411735717E-005 -2.258638064227743E-005
484 3.874483405163741E-004 -7.250965902747432E-004
485 9.385589866312007E-004 -1.756481645586287E-003
486 5.360666361704513E-005 -1.003230716857889E-004
487 -5.316339890565756E-004 9.949351403238961E-004
488 -3.471425119043006E-004 6.496655770674655E-004
489 7.171682894304572E-006 -1.342155888761193E-005
490 2.312077641163707E-004 -4.326975588164032E-004
491 1.054763683721966E-005 -1.973958915887486E-005
492 -7.285951863815145E-004 1.363541423106825E-003
493 1.760946133261178E-007 -3.295681607757033E-007
494 -1.696401131780790E-005 3.174757475628330E-005
495 2.614050339250848E-004 -4.892108164407670E-004
496 -5.029799496353917E-005 9.413102653282448E-005
497 -1.158571290477268E-005 2.168225906766192E-005
498 -8.098723523820645E-006 1.515647800829623E-005
499 -3.883905419777480E-004 7.268599042695196E-004
500 4.029635239576101E-004 -7.541328805949152E-004
501 -1.292034841457154E-005 2.418001389994929E-005
502 -1.724428957031658E-004 3.227210850913627E-004
503 -7.865957253758279E-004 1.472087421204058E-003
504 -8.944138363444911E-006 1.673866907685805E-005
505 3.258826357609064E-005 -6.098783344183984E-005
506 4.809506325146034E-007 -9.000850516663434E-007
507 -3.680179520414634E-006 6.887334273337005E-006
508 -6.964326890745204E-006 1.303350766835083E-005
509 -1.631695068605788E-004 3.053662411289293E-004
510 -4.990088331321877E-004 9.338786502393145E-004
511 2.330355984712217E-006 -4.361193413554530E-006
512 2.609669394403873E-007 -4.883558530366230E-007
513 -2.065429069024441E-004 3.865380135991852E-004
514 -3.747023416810968E-004 7.012429310640838E-004
515 -4.332350882228550E-006 8.107837193234751E-006
516 -5.343204540686567E-007 9.999600182978981E-007
517 1.851810707340205E-004 -3.465601913919701E-004
518 2.679535825045656E-004 -5.014660761224666E-004
519 -1.089121484467483E-005 2.038252998937381E-005
520 -1.787675427511773E-004 3.345574559451779E-004
521 7.660227281249558E-004 -1.433585600646199E-003
522 1.580973767048210E-004 -2.958739210200543E-004
523 -1.771042764200577E-004 3.314446867830195E-004
524 -4.486032409669238E-005 8.395459000819622E-005
525 3.554585687672199E-006 -6.652295742788428E-006
526 2.575937980415257E-004 -4.820781419657830E-004
527 4.312620760968103E-005 -8.070925756071892E-005
528 4.968075437362099E-006 -9.297555233727213E-006
529 6.595916244791370E-006 -1.234402685253370E-005
530 8.288705851269607E-005 -1.551203654428708E-004
531 -5.738556462254377E-004 1.073951561485439E-003
532 1.326509508635606E-006 -2.482526162630454E-006
533 -2.450379245390453E-005 4.585805096292256E-005
534 -6.807585681337206E-005 1.274016664362232E-004
535 -1.246607928929725E-005 2.332986260385909E-005
536 -7.988643418858340E-005 1.495048251444946E-004
537 4.505130035962958E-004 -8.431199855990532E-004
538 -7.385390978903519E-007 1.382167369191838E-006
539 -1.605953508587791E-004 3.005488006767817E-004
540 2.717460760963824E-005 -5.085636178837515E-005
541 -2.198962170137129E-004 4.115284138938256E-004
542 5.109686851381836E-005 -9.562601294435476E-005
543 1.633885800758358E-005 -3.057763989596917E-005
544 -4.922056973412166E-004 9.211464695866876E-004
545 1.691604048757136E-004 -3.165779788130914E-004
546 1.341356511970824E-005 -2.510304623732887E-005
547 4.670232397145357E-004 -8.740183367966126E-004
548 -1.737811398876794E-005 3.252256303537209E-005
549 1.239731145227787E-005 -2.320115681290429E-005
550 -3.901937333977530E-004 7.302344808525754E-004
551 5.683994340539986E-005 -1.063740815436561E-004
552 -3.261206908951024E-005 6.103240262023665E-005
553 -7.960890337237339E-004 1.489853908998109E-003
554 -1.865069284850375E-004 3.490414677371566E-004
555 -7.746529606688633E-004 1.449736988499955E-003
556 -1.779778779146886E-004 3.330796331357136E-004
557 8.573908222724510E-005 -1.604576884540793E-004
558 -1.599133786154292E-005 2.992727537484080E-005
559 7.581145107607486E-006 -1.418784306526210E-005
560 -4.271286018585388E-005 7.993568779865332E-005
561 -1.012827500141826E-005 1.895470663685477E-005
562 3.836731038788150E-004 -7.180315500450834E-004
563 3.908799859860567E-005 -7.315186223785996E-005
564 -6.626551405741474E-004 1.240136854455015E-003
565 -2.862194016200041E-005 5.356497243075583E-005
566 4.770532274252794E-004 -8.927890355510511E-004
567 9.282088878818107E-005 -1.737111679894206E-004
568 9.660378223700523E-005 -1.807907257386067E-004
569 3.325482064634758E-004 -6.223526958963396E-004
570 -7.955109393743437E-006 1.488770213606142E-005
571 -1.463227708651464E-004 2.738381881662980E-004
572 -7.098507441683303E-005 1.328461811000755E-004
573 -7.046462145671998E-005 1.318722020035426E-004
574 -4.866728846260298E-006 9.107893395742733E-006
575 -1.801220806989815E-004 3.370925131886092E-004
576 -1.053004700856329E-005 1.970661735802170E-005
577 3.480287492668727E-004 -6.513240274851586E-004
578 4.595995824607630E-004 -8.601253713712937E-004
579 9.442700010336387E-006 -1.767168206457423E-005
580 1.137377329205958E-004 -2.128564003712270E-004
581 7.414123772051703E-007 -1.387525344420335E-006
582 3.583303730422305E-005 -6.706032469167940E-005
583 -6.179998809207082E-006 1.156567242226477E-005
584 2.469217518671196E-007 -4.622465444422737E-007
585 -1.129575512308103E-006 2.113933779045628E-006
586 2.256027586098096E-004 -4.222080775361571E-004
587 5.169593007232395E-005 -9.674719138696044E-005
588 -1.124499814738093E-004 2.104463861399906E-004
589 3.517717985290817E-005 -6.583290646610274E-005
590 -3.775167497266803E-004 7.065098498940306E-004
591 -2.680462225214881E-005 5.016393028664901E-005
592 5.121072005747503E-005 -9.583914689148456E-005
593 -2.547658759152910E-006 4.767856587038478E-006
594 1.873612162230666E-004 -3.506402735200792E-004
595 1.355103150703692E-005 -2.536029661482812E-005
596 -2.289868436330708E-005 4.285408347471657E-005
597 1.146183254109439E-005 -2.145040191757553E-005
598 -1.337301156137214E-004 2.502713357906122E-004
599 1.980413062044854E-006 -3.706280033692276E-006
600 -2.328267137869093E-006 4.357271831776736E-006
601 2.627042318304371E-005 -4.916424383307711E-005
602 -1.024018975768138E-004 1.916417000447901E-004
603 4.541460958462806E-008 -8.499395868303779E-008
604 -7.300769712252572E-006 1.366315106024810E-005
605 -1.678030464234251E-007 3.140343166184412E-007
606 5.215520663190921E-005 -9.760669758596016E-005
607 -1.216601925374665E-005 2.276829734070004E-005
608 -9.677555325406586E-005 1.811122071173154E-004
609 -4.083201233430613E-005 7.641574103858442E-005
610 -1.324402356357315E-006 2.478573956106457E-006
611 1.574289937541443E-004 -2.946230647211166E-004
612 1.487119277038111E-004 -2.783092462561850E-004
613 -1.585985180249833E-006 2.968115233857753E-006
614 3.408733007037408E-006 -6.379339549481537E-006
615 -1.016258527813706E-004 1.901894125157188E-004
616 -7.419458290404504E-007 1.388504972155897E-006
617 -1.338555404407474E-007 2.505468095644314E-007
618 1.277459572192023E-005 -2.390722441918592E-005
619 -5.352720527167018E-005 1.001743725382780E-004
620 -8.430406578857273E-005 1.577722495230619E-004
621 1.559057434183509E-004 -2.917722883780382E-004
622 -7.291270292787143E-006 1.364541788378439E-005
623 7.139686956459981E-006 -1.336167698889824E-005
624 1.470073147210913E-004 -2.751192795883415E-004
625 6.223975390134687E-006 -1.164796691248376E-005
626 -1.781263360443526E-004 3.333574706443307E-004
627 -1.999453109307998E-006 3.741917385584157E-006
628 -1.206332750505772E-006 2.257629969058278E-006
629 1.607818162542244E-004 -3.008978192072714E-004
630 4.368203720086430E-005 -8.174946818195010E-005
631 -9.188816534925801E-007 1.719650906169096E-006
632 -5.506687068231403E-007 1.030587242836697E-006
633 4.922452335358881E-005 -9.212205366610452E-005
634 4.702113950867023E-004 -8.799848779623982E-004
635 1.005238701111739E-005 -1.881267292268497E-005
636 3.277849105357434E-005 -6.134386692416846E-005
637 -1.005028050372091E-004 1.880876445033360E-004
638 -3.112086027473430E-007 5.824528040700697E-007
639 -8.552571947895347E-005 1.600585563756880E-004
640 -6.406940387807480E-006 1.199037283910103E-005
641 -4.078915167502275E-005 7.633557887403705E-005
642 1.721767227085290E-006 -3.222235649943290E-006
643 8.287694413789236E-005 -1.551014354460139E-004
644 -2.562473081371663E-006 4.795577678873482E-006
645 7.583089138475793E-005 -1.419149091614000E-004
646 -2.545318521880255E-006 4.763491976456185E-006
647 1.171889664961660E-004 -2.193151912878022E-004
648 6.178430145923165E-004 -1.156272587201130E-003
649 3.256334123263953E-006 -6.094260429867512E-006
650 3.036323548151363E-006 -5.682249526893804E-006
651 1.634929043882182E-004 -3.059713713536914E-004
652 -1.198043310237330E-006 2.242112781342343E-006
653 9.819725196398773E-005 -1.837728239660124E-004
654 9.931811498780217E-005 -1.858705451719911E-004
655 -1.272804197227487E-006 2.381944265287360E-006
656 -1.182632124988984E-006 2.213252350054181E-006
657 -3.114665614891107E-005 5.828994730663868E-005
658 -3.161910887711383E-004 5.917410038956413E-004
659 3.690125214815585E-005 -6.905943430498763E-005
660 -1.473669301797901E-004 2.757922729011201E-004
661 4.573280635818999E-007 -8.558772224509350E-007
662 9.993121097436377E-005 -1.870179377990608E-004
663 -8.969352210976685E-005 1.678583839340884E-004
664 5.297441667848132E-007 -9.913937492689493E-007
665 1.650022463756063E-004 -3.087961792082589E-004
666 -3.256214792171085E-007 6.094039036232597E-007
667 -3.260985365531248E-006 6.102820586200279E-006
668 -5.050600559887678E-005 9.452028892591941E-005
669 2.603960921602192E-005 -4.873225329494618E-005
670 3.250752306357052E-007 -6.083670500475142E-007
671 1.116175582521841E-005 -2.088889853880379E-005
672 -1.074793514195539E-006 2.011414767058716E-006
673 -9.303924819266948E-005 1.741199256909001E-004
674 3.637603300265552E-006 -6.807609782925878E-006
675 -9.796502168446524E-006 1.833381702435153E-005
676 2.992663241663612E-004 -5.600669102794570E-004
677 -4.671737277260427E-006 8.742981012910353E-006
678 1.866165460999841E-004 -3.492465967741571E-004
679 3.711745726371172E-006 -6.946424722635472E-006
680 -1.425543213521536E-006 2.667863404947375E-006
681 8.074231760941740E-005 -1.511065590312262E-004
682 -8.617280760898399E-005 1.612695325666413E-004
683 -1.072056901274641E-006 2.006293408811049E-006
684 1.105625992230840E-004 -2.069142333157520E-004
685 -3.811991553782075E-006 7.134044616606730E-006
686 9.413023928130344E-005 -1.761615554428772E-004
687 -3.478053809642758E-006 6.509058468276783E-006
688 -5.784838354424286E-005 1.082613115601917E-004
689 -1.946667046430851E-007 3.642820662892798E-007
690 2.396008119030915E-006 -4.484036486707983E-006
691 1.806945446686408E-004 -3.381637768656181E-004
692 -2.276705694575189E-006 4.260835746894353E-006
693 1.162367575887915E-006 -2.175326028285375E-006
694 -5.780941044240436E-007 1.081851884077163E-006
695 7.623672103745342E-005 -1.426744712936259E-004
696 1.684787456339751E-005 -3.153018257980793E-005
697 -3.152221820774137E-005 5.899275526769436E-005
698 -2.094346781670877E-005 3.919503824345665E-005
699 -3.969413481941255E-006 7.428640999160689E-006
700 9.954515187207474E-005 -1.862954496323907E-004
701 -4.275400088367908E-006 8.001260121868127E-006
702 -8.725785692540202E-005 1.633002403204966E-004
703 2.816634090434671E-007 -5.271290591004761E-007
704 -1.439422540566527E-005 2.693825264463841E-005
705 -2.431655109269066E-005 4.550757641949545E-005
706 -3.604033389275425E-006 6.744821339712368E-006
707 -4.906331751321571E-005 9.182035308638717E-005
708 -5.859362136144294E-006 1.096559786224262E-005
709 9.490989360545710E-005 -1.776206848442563E-004
710 -1.033641747872279E-004 1.934425902130792E-004
711 -8.453726126370043E-008 1.583310338202684E-007
712 -1.311648226097103E-006 2.454685702641813E-006
713 -1.333599088523378E-004 2.495785541262226E-004
714 1.138176491371962E-004 -2.130059300189217E-004
715 2.554712309163390E-006 -4.781118163798973E-006
716 5.598724218364055E-006 -1.047781604426809E-005
717 6.449134100014363E-005 -1.206933779008029E-004
718 -1.952143080885418E-006 3.653681088661469E-006
719 2.075632937099493E-004 -3.884477542563443E-004
720 -5.863218916915120E-006 1.097305381005182E-005
721 -3.394072157664917E-006 6.351552412952778E-006
722 -3.126786114976370E-007 5.850055589149545E-007
723 1.405687605587716E-006 -2.630748894787350E-006
724 1.653489647755542E-004 -3.094449991425036E-004
725 9.507804447985063E-007 -1.779618502617656E-006
726 -1.276031371830315E-004 2.388050056524323E-004
727 -1.640811604640051E-007 3.069475049226869E-007
728 -1.377181134256670E-004 2.577348301012110E-004
729 2.654591784262126E-007 -4.967530680091874E-007
730 1.374039997272152E-004 -2.571469959889126E-004
731 -3.439443701399966E-007 6.437749686714028E-007
732 8.800111362286653E-005 -1.646911589877674E-004
733 -3.494226767583936E-006 6.538775944349432E-006
734 1.383535262330847E-005 -2.589253482745169E-005
735 3.096928430239366E-004 -5.795799073191608E-004
736 -3.949296683854743E-006 7.391157205950372E-006
737 -3.771919676019658E-006 7.059096399680844E-006
738 -3.215291148720583E-004 6.017310355225283E-004
739 1.967232051545431E-004 -3.681608824950634E-004
740 1.841450106957580E-006 -3.446142988796804E-006
741 5.234934069580661E-006 -9.797163514346954E-006
742 -1.846297208140125E-004 3.455288019266726E-004
743 -2.614090048582466E-006 4.891954095332989E-006
744 -1.819909351156372E-005 3.405894642885837E-005
745 3.245860358616901E-006 -6.074521079911221E-006
746 -6.708426203368626E-005 1.255459460340288E-004
747 -7.446690260299623E-006 1.393642830257106E-005
748 -1.394657278619234E-004 2.610054902751079E-004
749 1.142099129127880E-004 -2.137399858395595E-004
750 7.948315001306050E-005 -1.487501666557974E-004
751 1.370222364950165E-006 -2.564280189496767E-006
752 -1.139947369742717E-004 2.133372704675207E-004
753 -3.020753770090953E-006 5.653288541360809E-006
754 1.479846193762561E-004 -2.769483343537864E-004
755 1.450991303824445E-004 -2.715484055814116E-004
756 1.545728554449833E-006 -2.892729187986213E-006
757 6.055340580592217E-006 -1.133268172332156E-005
758 -4.853390235260327E-004 9.082957018380401E-004
759 -2.103697837809219E-004 3.937000201611702E-004
760 2.239654651895401E-006 -4.191382048094231E-006
761 -3.278965473487752E-006 6.136735640757969E-006
762 -6.749825271515944E-005 1.263207400773884E-004
763 -7.495761128370996E-004 1.402806898069192E-003
764 -1.514477865761798E-004 2.834294803285803E-004
765 -7.588514090632345E-006 1.420164812755645E-005
766 5.842388672907134E-004 -1.093383416025818E-003
767 3.620879506139166E-006 -6.776410268809654E-006
768 6.746937295218712E-007 -1.262451008312667E-006
769 3.284173043299169E-004 -6.146218547368149E-004
770 1.977801229761631E-006 -3.701060993592876E-006
771 -1.070374489646905E-003 2.003169955677305E-003
772 4.946500574645270E-005 -9.257189977519531E-005
773 -9.359768995970355E-005 1.751649478172694E-004
774 -8.844128543449665E-006 1.655144358128765E-005
775 -2.678019287218050E-004 5.011823846138904E-004
776 2.024712422404496E-004 -3.789181239079697E-004
777 1.596953113660043E-004 -2.988644405639338E-004
778 -6.481962663951940E-006 1.213072759161023E-005
779 9.596984843202903E-005 -1.796044973363869E-004
780 6.881876288550135E-004 -1.287920226156102E-003
781 4.217116357416809E-004 -7.892193004877157E-004
782 -2.724074439323522E-006 5.097911179125048E-006
783 -2.775788939399781E-004 5.194796763101937E-004
784 5.910807389968536E-007 -1.105939365827502E-006
785 6.498118335673848E-005 -1.216101695516684E-004
786 -5.422257132695315E-007 1.014583156284697E-006
787 3.398256821410207E-004 -6.359723476468307E-004
788 -5.373154055618354E-006 1.005587071338544E-005
789 3.655655454597941E-004 -6.841436699522974E-004
790 3.983866985236682E-006 -7.455607208952016E-006
791 -9.817250394700714E-005 1.837266614180531E-004
792 -2.189154253454289E-006 4.096883987273705E-006
793 9.316438627982119E-006 -1.743527350531934E-005
794 8.054596539598465E-006 -1.507392063122557E-005
795 -1.495687059508269E-004 2.799128368782271E-004
796 8.943656218846847E-008 -1.674217244284609E-007
797 -4.039608520732194E-006 7.559985029728703E-006
798 7.734670614923404E-004 -1.447517684334607E-003
799 -2.377208080406015E-005 4.448837073411183E-005
800 -1.901399616270798E-004 3.558405860315959E-004
801 4.993370380981949E-005 -9.344918597810268E-005
802 3.036255710893285E-004 -5.682250632834659E-004
803 -3.750527332852880E-006 7.019065412737602E-006
804 1.364003340623161E-004 -2.552684365419647E-004
805 -1.600425258495301E-006 2.995309758233833E-006
806 -3.297085878398051E-004 6.170387219195893E-004
807 4.946350446235913E-005 -9.256962725726441E-005
808 -2.105866681821345E-006 3.941066832318037E-006
809 -3.845507352802628E-004 7.196737532176934E-004
810 1.008583955131781E-005 -1.887575000371462E-005
811 -8.385274615081443E-005 1.569271573550838E-004
812 3.282519286630597E-005 -6.143121184969160E-005
813 -6.067910558926834E-004 1.135589363184390E-003
814 1.312636860708516E-005 -2.456547013124681E-005
815 6.017187583779665E-005 -1.126096660226534E-004
816 1.768826588956013E-006 -3.310395608585912E-006
817 5.616710488531779E-004 -1.051148511221236E-003
818 -5.521763674495327E-004 1.033379588846395E-003
819 3.227135006306211E-004 -6.039472388164184E-004
820 -5.834910514423763E-006 1.091983231476432E-005
821 -7.616226280343450E-005 1.425350741859024E-004
822 -1.027423968035150E-006 1.922678683505631E-006
823 2.702225809410245E-006 -5.056867053760162E-006
824 -3.480239356895275E-005 6.513156791520406E-005
825 -7.411259871470082E-005 1.386992548354580E-004
826 2.923289449367702E-005 -5.470836902479949E-005
827 6.190252328070357E-004 -1.158484965933713E-003
828 2.272605246324649E-005 -4.253120495047561E-005
829 6.067160147168639E-004 -1.135448471775600E-003
830 9.270884412765961E-004 -1.735014872690854E-003
831 -6.063117625282804E-004 1.134692152477831E-003
832 -4.173697416877255E-006 7.810864396278559E-006
833 8.018336899867352E-005 -1.500601821687771E-004
834 2.484772826863963E-007 -4.650043101818523E-007
835 3.547836783147763E-006 -6.639588930776436E-006
836 -5.189233103753425E-005 9.711450692361195E-005
837 1.736513148673774E-006 -3.250004729435874E-006
838 2.881926426330623E-004 -5.393428013645807E-004
839 2.384153038415715E-005 -4.461867382265936E-005
840 -2.433913900439455E-004 4.554986868013152E-004
841 2.352401669681216E-004 -4.402443309921103E-004
842 -3.140487021339029E-005 5.877300918198545E-005
843 2.634754935551602E-004 -4.930857827290248E-004
844 2.788745179464794E-005 -5.219014498590010E-005
845 4.918038947272882E-006 -9.204309150907617E-006
846 -1.600867626371034E-006 2.995882518835924E-006
847 1.829993042792047E-006 -3.424550568947452E-006
848 2.045596451177144E-004 -3.828265299673119E-004
849 1.900681509662765E-006 -3.557026363322127E-006
850 8.020247506524969E-005 -1.500963868828205E-004
851 -8.074899689012789E-007 1.511133109219317E-006
852 -1.329560017024073E-006 2.488399856266207E-006
853 9.783800266220770E-005 -1.831007855564241E-004
854 3.205475316772658E-006 -5.998967617113731E-006
855 -2.714816508250684E-004 5.080687964515698E-004
856 -2.472604464456015E-006 4.627547936585615E-006
857 2.940711496847688E-004 -5.503442637634437E-004
858 1.868034836235784E-005 -3.495983509196844E-005
859 1.135932938340280E-006 -2.125908926560119E-006
860 -5.739757190546469E-005 1.074175687835518E-004
861 7.528982236752311E-005 -1.409024864142609E-004
862 1.319615855900715E-005 -2.469626330886713E-005
863 -1.090270609430475E-004 2.040405712525043E-004
864 3.247840161634030E-006 -6.078153720839638E-006
865 -3.748065486221120E-005 7.014369112476524E-005
866 -1.920508669635197E-007 3.594078349586099E-007
867 3.864134436360055E-005 -7.231592938543515E-005
868 2.628258861014727E-006 -4.918895595001764E-006
869 -2.308805216064779E-006 4.320825850580975E-006
870 -1.811602867009975E-004 3.390350540416668E-004
871 -7.382795410369904E-005 1.381665495368737E-004
872 7.773401640657573E-006 -1.454726736638248E-005
873 -3.235355612658007E-004 6.054854587469854E-004
874 1.629573205487990E-007 -3.047980881200342E-007
875 1.863202741586394E-004 -3.486921794114902E-004
876 -8.618338683315313E-006 1.612849279033393E-005
877 -2.112777248949872E-004 3.953993414702170E-004
878 6.916427338882475E-007 -1.294532371581574E-006
879 2.293119433822322E-006 -4.291966682835942E-006
880 2.172347767204440E-004 -4.065477582507775E-004
881 -1.352195697193967E-006 2.530585660072512E-006
882 4.097177346745151E-004 -7.667731095306558E-004
883 9.104373133116386E-006 -1.703851335007859E-005
884 6.659931239154523E-004 -1.246383690255413E-003
885 1.816349143718816E-004 -3.399233135477258E-004
886 5.377896858123587E-006 -1.006473113183069E-005
887 1.656793847149034E-005 -3.100657108495309E-005
888 6.469650100562389E-005 -1.210772049104757E-004
889 -2.609791186227241E-006 4.883914958075231E-006
890 -9.086458196948010E-006 1.700476192950899E-005
891 -3.464289421402681E-004 6.483300413916758E-004
892 1.791566281221075E-004 -3.352855816881105E-004
893 1.316165468487272E-004 -2.463161369273112E-004
894 2.193009557987173E-004 -4.104143199201273E-004
895 8.493815890390584E-005 -1.589586010223323E-004
896 -1.680974061595102E-005 3.145906610603543E-005
897 -2.599222858287011E-006 4.864267403575471E-006
898 4.210215896279790E-007 -7.876073381480239E-007
899 8.418255747134999E-005 -1.575448018194230E-004
900 6.959314174096502E-006 -1.302379089182411E-005
901 -4.225445247919895E-005 7.907758689205700E-005
902 1.667410275755291E-004 -3.120503508612879E-004
903 -1.147779584253628E-005 2.148044280473015E-005
904 -5.708119586621489E-005 1.068255648101714E-004
905 8.999631934920676E-008 -1.687613643236648E-007
906 8.439325454070518E-005 -1.579391549247166E-004
907 2.814103815735104E-004 -5.266501181517098E-004
908 1.396358900697902E-005 -2.613217772796552E-005
909 -5.282651650436462E-005 9.886321234620398E-005
910 2.055966552016663E-006 -3.847609613897241E-006
911 5.732036460746178E-006 -1.072732021999946E-005
912 -6.325557076737007E-007 1.183650857960500E-006
913 2.192875878726007E-005 -4.103917117162684E-005
914 1.348533221137181E-004 -2.523733838923946E-004
915 -1.408956769356956E-004 2.636815240584478E-004
916 1.626656852316067E-004 -3.044236405239615E-004
917 -1.023255022145556E-005 1.914991518402055E-005
918 6.608305668886428E-006 -1.236720008193727E-005
919 2.831632034412248E-004 -5.299302060382245E-004
920 1.438390404667916E-005 -2.691889641645905E-005
921 1.960548527589906E-004 -3.669101658415981E-004
922 9.159908674704712E-005 -1.714243866315964E-004
923 -1.015251864635740E-004 1.900008282391669E-004
924 1.005443537114755E-005 -1.881669963158683E-005
925 -1.537450878430865E-005 2.877296240256835E-005
926 -2.174007054219091E-004 4.068583163073091E-004
927 -1.919804675736119E-005 3.592867304995170E-005
928 9.408457362140655E-005 -1.760759952228223E-004
929 -2.946825508190095E-006 5.514992579491711E-006
930 4.623253977244309E-006 -8.652332576501155E-006
931 -1.185958367497948E-004 2.219484587312716E-004
932 1.159885464876391E-004 -2.170687577777812E-004
933 1.819327972663104E-006 -3.404938951475517E-006
934 -1.104047733110334E-004 2.066185714431710E-004
935 3.560202767862830E-006 -6.663050544715218E-006
936 4.108217668284661E-005 -7.688385636555037E-005
937 7.574838771118432E-007 -1.417684843979869E-006
938 -2.778360735764055E-005 5.199611336950539E-005
939 -3.113431347604921E-005 5.826688547979161E-005
940 2.275639542378231E-006 -4.258718750641786E-006
941 3.587836924704347E-005 -6.714522480932406E-005
942 1.291108233852158E-006 -2.416211125352933E-006
943 -7.831630358697822E-005 1.465663471145208E-004
944 -3.990284707424014E-007 7.468477976664521E-007
945 -1.163041826119598E-004 2.176596602408659E-004
946 -1.890296863860689E-006 3.537628615784549E-006
947 1.149107397543850E-005 -2.150507614519468E-005
948 -9.366826824446346E-005 1.752969775711370E-004
949 1.872513740960259E-004 -3.504347421270157E-004
950 2.642153935475739E-005 -4.944706086050892E-005
951 -5.195211523117429E-007 9.729690169713701E-007
952 -1.994093446839802E-004 3.731882144644431E-004
953 2.427809936880565E-005 -4.543564394718804E-005
954 2.807720831854270E-004 -5.254553176020869E-004
955 -4.813789307366889E-007 9.007014570674354E-007
956 -1.515377746271883E-004 2.835977212636503E-004
957 2.570525603291067E-005 -4.810664409691853E-005
958 4.261717400552992E-005 -7.975639971015044E-005
959 -3.036974081779542E-006 5.683867955167255E-006
960 -3.006296621262313E-004 5.626181324109765E-004
961 -3.268001343529138E-006 6.115842277368818E-006
962 2.558898652334048E-004 -4.788893099852166E-004
963 4.826569898858389E-006 -9.032792135247525E-006
964 6.117906751355668E-006 -1.144945727829124E-005
965 -1.175399973936482E-005 2.199714799448358E-005
966 -1.100716423528722E-004 2.059953009779585E-004
967 -6.909450743976654E-007 1.292888261337803E-006
968 -1.390182490898263E-004 2.601676845100855E-004
969 -3.706785046017658E-006 6.937136966489864E-006
970 -9.663956139843635E-005 1.808577425504380E-004
971 -3.070701262530505E-006 5.746716229337005E-006
972 -1.398766968091832E-006 2.617871967783350E-006
973 -3.306324452276584E-005 6.187686275674489E-005
974 5.979831652190700E-005 -1.119105131669364E-004
975 1.476788163985786E-006 -2.763699556452351E-006
976 6.548527284495044E-005 -1.225535357273548E-004
977 -1.380381819966734E-004 2.583338929265638E-004
978 1.432331797444211E-005 -2.680553781692671E-005
979 -2.360310078391043E-004 4.417241172135049E-004
980 7.425576433002123E-006 -1.389690041299797E-005
981 -1.191415234942868E-006 2.229558861352152E-006
982 -1.831700681202984E-006 3.428078819619405E-006
983 -7.096627483444722E-005 1.328110602006403E-004
984 -6.484246744121827E-006 1.213509008950652E-005
985 1.262200706131600E-006 -2.362053505033720E-006
986 6.491425490938228E-005 -1.214848810654392E-004
987 -2.555262209751934E-006 4.782069548664570E-006
988 -2.991238159166997E-005 5.598031772069378E-005
989 9.145934144746868E-006 -1.711615872275571E-005
990 1.409116592322095E-004 -2.637115848827534E-004
991 7.404255027638519E-006 -1.385691989585793E-005
992 3.135192901300995E-004 -5.867405584546571E-004
993 -5.255009871250086E-006 9.834716596156050E-006
994 -1.051849109596178E-005 1.968497077798069E-005
995 -2.847541553450188E-004 5.329081197205542E-004
996 5.172082330829669E-005 -9.679396065935290E-005
997 -4.509169225343157E-005 8.438770678143213E-005
998 2.977941635973994E-006 -5.573086008735790E-006
999 4.457636640285110E-008 -8.339410790777665E-008
1000 3.923682485446017E-007 -7.338128782105859E-007
1001 1.298958544516055E-004 -2.430955053677590E-004
1002 1.172433096063499E-004 -2.194167167888214E-004
1003 -6.089294239292888E-006 1.139569482781712E-005
1004 -8.166845285014840E-005 1.528397495681945E-004
1005 3.013326318213810E-005 -5.639336818216661E-005
1006 1.847206577058463E-004 -3.456984381712816E-004
1007 -4.038675875900496E-005 7.558252108623434E-005
1008 -2.653796020914202E-006 4.966898128283302E-006
1009 7.242866827186140E-005 -1.355478687410652E-004
1010 -7.544394158590440E-005 1.411904572419729E-004
1011 1.582371157702276E-004 -2.961355837496615E-004
1012 -7.998136981176446E-005 1.496821621088938E-004
1013 2.765919367786355E-007 -5.176994265867709E-007
1014 -2.204975676368959E-005 4.126537904195909E-005
1015 2.728530558247350E-006 -5.106323275939768E-006
1016 1.354223913123494E-004 -2.534385444416315E-004
1017 -2.357990730334504E-006 4.412814629771790E-006
1018 -1.687536684171266E-004 3.158169921435340E-004
1019 -9.316850044368938E-006 1.743658241998438E-005
1020 -4.720390971392699E-006 8.833876635113149E-006
1021 -2.557415516244992E-006 4.786071750701040E-006
1022 -1.943200029982767E-005 3.636636457060772E-005
1023 -1.401709406942942E-005 2.623245563751445E-005
1024 -7.841785555309923E-007 1.467419375228119E-006
1025 -8.442805664879197E-006 1.580033672265100E-005
1026 7.057193098958095E-006 -1.320730416151878E-005
1027 2.681447560395918E-004 -5.018240106943776E-004
1028 -1.135602117295534E-005 2.125236104244954E-005
1029 -5.549705439788503E-005 1.038608884674909E-004
1030 2.487858874549494E-006 -4.655990111519141E-006
1031 -8.808030214638343E-005 1.648397113216802E-004
1032 1.014933915261435E-004 -1.899413944524846E-004
1033 1.369522431378791E-004 -2.563013686484487E-004
1034 5.774413642651695E-006 -1.080646693459402E-005
1035 6.263122743680446E-006 -1.172098575773691E-005
1036 5.813565864247880E-006 -1.087981743370159E-005
1037 8.725921903291718E-005 -1.633028765863719E-004
1038 6.612807495651703E-005 -1.237563731835878E-004
1039 -1.812346631643123E-006 3.391594745295333E-006
1040 3.863830387907452E-005 -7.231028309444889E-005
1041 -1.270056444355309E-006 2.376719356572609E-006
1042 -9.239020938300001E-005 1.729053152693305E-004
1043 -1.657057082278292E-005 3.101148227500091E-005
1044 -1.273314458827786E-004 2.382967471199297E-004
1045 1.284835071195870E-007 -2.405230991146386E-007
1046 -1.318374893528286E-006 2.467009239825802E-006
1047 1.186617818542233E-005 -2.220735471414521E-005
1048 -7.813793937658833E-005 1.462324746817077E-004
1049 -4.190728561282834E-006 7.842802567187920E-006
1050 -1.629921430699614E-006 3.050393203732181E-006
1051 9.144815989777008E-005 -1.711421174439554E-004
1052 2.658531708298955E-006 -4.975337061979436E-006
1053 5.516622518403902E-006 -1.032403201484681E-005
1054 -5.853241153996413E-005 1.095413397984826E-004
1055 4.077208835440271E-005 -7.630373234855722E-005
1056 3.602800120854627E-005 -6.742520272016990E-005
1057 -8.345079085653294E-007 1.561826693719175E-006
1058 3.798596012682616E-008 -7.090859312158655E-008
1059 -1.749564605866729E-005 3.274244997552782E-005
1060 9.288429670656705E-006 -1.738294675578198E-005
1061 8.549618917277547E-006 -1.600026863587169E-005
1062 -2.491183984918366E-006 4.662282982447613E-006
1063 -3.831600634596769E-005 7.170711595103726E-005
1064 7.115146765592359E-007 -1.331663396690903E-006
1065 4.711511270357117E-008 -8.807411351071805E-008
1066 6.220091211942069E-007 -1.164051838295139E-006
1067 5.367123520821041E-005 -1.004438582375521E-004
1068 -6.828227212314830E-006 1.277884882295574E-005
1069 -6.522398614257785E-007 1.220630053435631E-006
1070 -2.154438344271070E-006 4.032086731860142E-006
1071 -9.019574834163235E-005 1.687980384583802E-004
1072 -1.951258893512898E-006 3.651707289174998E-006
1073 -1.496730438027586E-004 2.801079001048215E-004
1074 -4.648112889071396E-005 8.698807596876898E-005
1075 -1.911426592715503E-004 3.577169063897887E-004
1076 2.534789797575075E-006 -4.743743918500656E-006
1077 -4.268284796183993E-006 7.987793723879176E-006
1078 -1.085348881574213E-005 2.031209043763152E-005
1079 -6.180038125844504E-007 1.156916323047719E-006
1080 1.317346448103427E-005 -2.465367435906412E-005
1081 3.684126280043947E-007 -6.895249115579086E-007
1082 2.080851639430719E-007 -3.894041086116338E-007
1083 3.428773000208788E-005 -6.416812999180784E-005
1084 1.916195918412917E-007 -3.586550708581108E-007
1085 -1.311075093943613E-006 2.453937176641531E-006
1086 1.812523196587544E-005 -3.392112330084011E-005
1087 -6.968664744463515E-005 1.304158985831092E-004
1088 -2.448338606133836E-005 4.581989736240822E-005
1089 -1.465463363479650E-006 2.742662970424071E-006
1090 2.752912839702556E-006 -5.151864621267265E-006
1091 -6.599169621990165E-006 1.235050772001412E-005
1092 9.449514943883515E-005 -1.768443719051336E-004
1093 1.166613185755098E-006 -2.182913105524093E-006
1094 1.601488352680905E-004 -2.997130209837194E-004
1095 -2.831764344584562E-006 5.299248118985667E-006
1096 3.748186561879390E-005 -7.014608196236484E-005
1097 1.053734859898577E-004 -1.972031115042998E-004
1098 -4.972558115388764E-005 9.305964273096657E-005
1099 1.109421293057556E-006 -2.076353929717825E-006
1100 4.228228008413504E-006 -7.912914770546657E-006
1101 3.783562876187412E-005 -7.080808024501483E-005
1102 8.780731708592639E-006 -1.643282714605506E-005
1103 2.048968792692994E-004 -3.834578486246212E-004
1104 1.179927644411757E-006 -2.208339726941869E-006
1105 -1.146546609153706E-005 2.145714553200191E-005
1106 -5.305964063814746E-007 9.928751936513882E-007
1107 -2.262990100759174E-006 4.235403547736868E-006
1108 5.553918553107500E-006 -1.039400268928047E-005
1109 1.151762102058798E-004 -2.155483358475116E-004
1110 -4.393516381770422E-006 8.222177770972171E-006
1111 5.946751472538467E-005 -1.112915684449936E-004
1112 7.218035500027016E-006 -1.350822123680435E-005
1113 2.788860318619763E-004 -5.219256801686562E-004
1114 6.580609012495627E-005 -1.231541525709823E-004
1115 -3.258261153952794E-006 6.097481131176772E-006
1116 -1.393038469710098E-005 2.607021081171630E-005
1117 2.539611589820847E-006 -4.752717168618418E-006
1118 -1.338027797686776E-004 2.504075443472474E-004
1119 1.795366866685200E-005 -3.359959686721561E-005
1120 1.577225414156303E-005 -2.951743966005309E-005
1121 2.495943062836360E-007 -4.668914525207582E-007
1122 1.191757997807793E-007 -2.230838476423395E-007
1123 -2.348153873315082E-004 4.394493742395677E-004
1124 -1.347101964843754E-006 2.521089001706435E-006
1125 1.049506346901101E-004 -1.964113040325511E-004
1126 -1.695862109757441E-004 3.173745114984875E-004
1127 7.888138270002232E-006 -1.476220678256031E-005
1128 1.189381323791029E-005 -2.225873616633701E-005
1129 4.482956303175447E-005 -8.389713456511510E-005
1130 1.309886833015055E-005 -2.451416227130995E-005
1131 -5.049803430302464E-006 9.450460982902986E-006
1132 1.983296125644193E-007 -3.712375274334824E-007
1133 -1.374688742748322E-006 2.572654865883446E-006
1134 -2.333370252202648E-005 4.366825493703142E-005
1135 -9.493726249757248E-005 1.776718401832490E-004
1136 2.761230118948846E-005 -5.167564865957151E-005
1137 -4.256204335201349E-005 7.965352310021124E-005
1138 1.057487258197518E-006 -1.978922475459917E-006
1139 9.586127040901453E-006 -1.794013399692843E-005
1140 1.516980093700810E-006 -2.838805722233902E-006
1141 5.463759965073992E-005 -1.022529355134353E-004
1142 8.688436071105572E-007 -1.626137004251936E-006
1143 4.528574522716578E-005 -8.475059300417627E-005
1144 -9.580706537915107E-007 1.792769314684830E-006
1145 -3.750773481122159E-008 7.040067961668664E-008
1146 -1.114018911863127E-005 2.084822927373218E-005
1147 5.228946919553022E-005 -9.785755783974587E-005
1148 9.331045908143924E-005 -1.746271038086549E-004
1149 9.038150218846621E-006 -1.691451125724064E-005
1150 3.785481922104173E-005 -7.084427039640123E-005
1151 -9.034266360374299E-007 1.690892442982135E-006
1152 -1.194777707681214E-004 2.235985916691349E-004
1153 1.569819316216094E-007 -2.937478584112681E-007
1154 4.619054164049237E-007 -8.645121620850508E-007
1155 4.854599471954560E-005 -9.085235188518946E-005
1156 -7.456226200151632E-006 1.395408955804242E-005
1157 -1.251983022933153E-004 2.343044181416416E-004
1158 1.641435378032145E-005 -3.071902458103807E-005
1159 -1.380117791112380E-004 2.582842585922700E-004
1160 -2.432140607821323E-006 4.551548382118291E-006
1161 4.570276102362977E-006 -8.552915092064596E-006
1162 2.714078384388103E-006 -5.079320028303647E-006
1163 -3.897624707994746E-007 7.294282994821608E-007
1164 5.623250027376151E-007 -1.052504971363944E-006
1165 -3.316330883581728E-005 6.206390572415837E-005
1166 8.139837593519016E-005 -1.523341675718387E-004
1167 -2.285740790558259E-007 4.279855606257650E-007
1168 -1.472698125139485E-004 2.756103983986726E-004
1169 4.357515127468936E-006 -8.154817434135190E-006
1170 9.415877276533724E-007 -1.762061661147040E-006
1171 6.296332599028318E-005 -1.178338202898847E-004
1172 1.163845925468399E-005 -2.178095960100405E-005
1173 1.152873419186820E-004 -2.157565462850791E-004
1174 4.258799787649754E-005 -7.970220880681796E-005
1175 2.902460674466602E-005 -5.431892143027685E-005
1176 -1.411820537155725E-006 2.642112194954951E-006
1177 7.770095498409517E-006 -1.454154585165824E-005
1178 -1.023333879167555E-006 1.915242619235472E-006
1179 -1.735621760990963E-006 3.248217361154618E-006
1180 -8.371561417989084E-005 1.566708895048829E-004
1181 -6.449783057139560E-005 1.207052205801917E-004
1182 -1.272733286544223E-005 2.381875474711424E-005
1183 -6.484827684918877E-005 1.213615011177390E-004
1184 2.180417124187599E-005 -4.080575361706924E-005
1185 -6.210339358129859E-005 1.162245978091578E-004
1186 1.125746100301818E-005 -2.106828910062488E-005
1187 -2.529710824355265E-005 4.734247266174391E-005
1188 -1.409269709209979E-004 2.637401378085432E-004
1189 -1.222922070589797E-006 2.288580190570359E-006
1190 9.588605090977913E-005 -1.794475420873152E-004
1191 1.945107711022891E-005 -3.640199223369379E-005
1192 -1.358644939958435E-006 2.542763111841934E-006
1193 2.062505377167571E-006 -3.859794860179935E-006
1194 4.147507022447373E-005 -7.761932870856924E-005
1195 -5.387807713545254E-005 1.008308771085248E-004
1196 4.045152800459392E-006 -7.570655222682190E-006
1197 -3.812061321073842E-006 7.134210972304246E-006
1198 1.813674000952436E-005 -3.394197845380780E-005
1199 -4.009634046291170E-005 7.503897185172999E-005
1200 1.722472292448684E-006 -3.223403748820150E-006
1201 -4.385377845273872E-006 8.207148015093515E-006
1202 8.717070179742060E-006 -1.631377845529373E-005
1203 -9.339970006234583E-007 1.747931680085713E-006
1204 3.992199969100532E-005 -7.471277636562771E-005
1205 8.589582640396362E-006 -1.607533260205432E-005
1206 1.300148290033182E-004 -2.433182224320621E-004
1207 2.147375986373319E-006 -4.018977851481355E-006
1208 -9.340709984328747E-005 1.748081287358659E-004
1209 -8.207421935037823E-006 1.535963973750085E-005
1210 7.755444246330907E-007 -1.451240539468778E-006
1211 -3.252562559461592E-006 6.087074557837175E-006
1212 1.555205906709489E-005 -2.910515728874151E-005
1213 -4.231963290067299E-006 7.919998373496069E-006
1214 2.155604940998084E-005 -4.034159329445505E-005
1215 7.108410254984756E-005 -1.330315509404484E-004
1216 3.198602015226099E-005 -5.986077956592292E-005
1217 8.774225173728106E-006 -1.642056806372359E-005
1218 -1.729578005965057E-005 3.236846885626630E-005
1219 1.412710989412881E-005 -2.643812970910985E-005
1220 -4.736760419179672E-005 8.864675437165197E-005
1221 3.269049899675159E-006 -6.118015124476261E-006
1222 -5.600056825242635E-005 1.048030784557488E-004
1223 1.198772078534499E-005 -2.243462664283403E-005
1224 1.600701114731864E-006 -2.995528132735473E-006
1225 -2.975375119646243E-006 5.568536877463573E-006
1226 -8.687249480390207E-007 1.625768923449182E-006
1227 4.271908345529672E-006 -7.994653822667815E-006
1228 2.509298216206657E-005 -4.696065593780227E-005
1229 6.417936055696025E-006 -1.201112077536217E-005
1230 4.950768392665428E-006 -9.265459319415382E-006
1231 -3.205995026827212E-005 5.999930575019955E-005
1232 6.177061173365074E-005 -1.156017799480093E-004
1233 5.240373261525621E-006 -9.807195046718085E-006
1234 2.335129755883588E-005 -4.370117451323806E-005
1235 5.246879162460027E-006 -9.819324702267651E-006
1236 2.195919803080211E-006 -4.110053387990130E-006
1237 -4.095361540994985E-005 7.664346257531169E-005
1238 -4.332865972566283E-005 8.108804059220823E-005
1239 2.143363513649605E-005 -4.011245182445547E-005
1240 -4.730844099202906E-006 8.853630231052085E-006
1241 -1.410710865529011E-005 2.640104571898812E-005
1242 -8.721332688803342E-007 1.632281776645772E-006
1243 -2.576299223078570E-007 4.818373948739940E-007
1244 -7.923929221348410E-005 1.482937315203800E-004
